<shapes type=list>
	<scaling type=logical names=FALSE length=1 as.numeric=FALSE >NA</scaling>
	<landmarks.pixel type=matrix rownames=TRUE colnames=FALSE nrow=11 ncol=2 as.numeric=TRUE >
		LM1Forehead	1783	264
		LM2UJFront	2227	1482
		LM3UJBack	1600	1606
		LM4LacOrb	1675	984
		LM5QJoint	1537	1657
		LM6IOPL	1512	1766
		LM7IOPSOP	372	1667
		LM8A2A1	759	1199
		LM9A1A3	737	716
		LM10TopMuscR	625	552
		LM11TopMuscL	151	419
	</landmarks.pixel>
	<curves.control type=list>
		<Profile type=matrix rownames=FALSE colnames=FALSE nrow=7 ncol=2 as.numeric=TRUE >
			1783	264
			2039	490
			2243	784
			2495	1222
			2460	1344
			2317	1617
			2227	1482
		</Profile>
		<Eye type=matrix rownames=FALSE colnames=FALSE nrow=13 ncol=2 as.numeric=TRUE >
			1675	984
			1475	1123
			1276	1088
			1050	1036
			955	815
			924	576
			1015	425
			1159	247
			1375	264
			1597	282
			1736	472
			1866	758
			1675	984
		</Eye>
	</curves.control>
	<curves.pixel type=list>
		<Profile type=matrix rownames=FALSE colnames=FALSE nrow=1453 ncol=2 as.numeric=TRUE >
			1783	264
			1784	265
			1785	266
			1786	266
			1787	267
			1788	268
			1789	269
			1790	270
			1790	271
			1791	271
			1792	272
			1793	273
			1794	274
			1795	275
			1796	276
			1797	276
			1798	277
			1799	278
			1800	279
			1801	280
			1802	281
			1803	281
			1803	282
			1804	283
			1805	284
			1806	285
			1807	286
			1808	286
			1809	287
			1810	288
			1811	289
			1812	290
			1813	291
			1814	291
			1815	292
			1815	293
			1816	294
			1817	295
			1818	296
			1819	297
			1820	297
			1821	298
			1822	299
			1823	300
			1824	301
			1825	302
			1826	302
			1827	303
			1827	304
			1828	305
			1829	306
			1830	307
			1831	307
			1832	308
			1833	309
			1834	310
			1835	311
			1836	312
			1837	313
			1838	313
			1838	314
			1839	315
			1840	316
			1841	317
			1842	318
			1843	319
			1844	319
			1845	320
			1846	321
			1847	322
			1848	323
			1848	324
			1849	325
			1850	325
			1851	326
			1852	327
			1853	328
			1854	329
			1855	330
			1856	331
			1857	331
			1858	332
			1858	333
			1859	334
			1860	335
			1861	336
			1862	337
			1863	337
			1864	338
			1865	339
			1866	340
			1867	341
			1867	342
			1868	343
			1869	344
			1870	344
			1871	345
			1872	346
			1873	347
			1874	348
			1875	349
			1876	350
			1877	351
			1878	352
			1879	353
			1880	354
			1881	355
			1882	356
			1883	357
			1884	358
			1885	358
			1885	359
			1886	360
			1887	361
			1888	361
			1889	362
			1889	363
			1890	364
			1891	364
			1892	365
			1892	366
			1893	367
			1894	368
			1895	368
			1895	369
			1896	370
			1897	371
			1898	371
			1899	372
			1899	373
			1900	374
			1901	374
			1902	375
			1902	376
			1903	377
			1904	377
			1905	378
			1905	379
			1906	380
			1907	380
			1908	381
			1909	382
			1909	383
			1910	384
			1911	384
			1912	385
			1912	386
			1913	387
			1914	387
			1915	388
			1915	389
			1916	390
			1917	390
			1918	391
			1918	392
			1919	393
			1920	394
			1921	394
			1921	395
			1922	396
			1923	397
			1924	397
			1925	398
			1925	399
			1926	400
			1927	401
			1928	401
			1928	402
			1929	403
			1930	404
			1931	404
			1931	405
			1932	406
			1933	407
			1934	407
			1934	408
			1935	409
			1936	410
			1937	411
			1938	412
			1939	413
			1940	414
			1941	415
			1942	416
			1943	417
			1944	418
			1945	419
			1945	420
			1946	421
			1947	422
			1948	422
			1949	423
			1950	424
			1951	425
			1952	426
			1953	427
			1954	428
			1954	429
			1955	430
			1956	431
			1957	432
			1958	433
			1959	434
			1960	435
			1961	436
			1962	437
			1963	438
			1963	439
			1964	439
			1965	440
			1966	441
			1967	442
			1968	443
			1969	444
			1970	445
			1971	446
			1971	447
			1972	448
			1973	449
			1974	450
			1975	451
			1976	452
			1977	453
			1978	454
			1979	455
			1980	456
			1980	457
			1981	458
			1982	459
			1983	460
			1984	461
			1985	461
			1986	462
			1987	463
			1987	464
			1988	465
			1989	466
			1990	467
			1991	468
			1992	469
			1993	470
			1994	471
			1995	472
			1995	473
			1996	474
			1997	475
			1998	476
			1999	477
			2000	478
			2001	479
			2002	480
			2003	481
			2003	482
			2004	483
			2005	484
			2006	485
			2007	486
			2008	487
			2009	488
			2010	489
			2010	490
			2011	491
			2012	491
			2013	492
			2014	493
			2015	494
			2016	495
			2017	496
			2017	497
			2018	498
			2019	499
			2020	500
			2021	501
			2022	502
			2023	503
			2024	504
			2024	505
			2025	506
			2026	507
			2027	508
			2028	509
			2029	510
			2030	511
			2030	512
			2031	513
			2032	514
			2033	515
			2034	516
			2035	517
			2036	518
			2037	519
			2037	520
			2038	521
			2039	522
			2040	523
			2041	524
			2042	525
			2043	526
			2043	527
			2044	528
			2045	529
			2046	530
			2047	531
			2048	532
			2049	533
			2049	534
			2050	535
			2051	536
			2052	537
			2053	538
			2054	539
			2055	540
			2056	541
			2056	542
			2057	543
			2058	544
			2059	545
			2060	546
			2061	547
			2061	548
			2062	549
			2063	550
			2064	551
			2065	552
			2066	553
			2067	554
			2067	555
			2068	556
			2069	557
			2070	558
			2071	559
			2072	560
			2073	561
			2073	562
			2074	563
			2075	564
			2076	565
			2077	566
			2078	567
			2079	568
			2079	569
			2080	570
			2081	571
			2082	572
			2083	573
			2084	574
			2084	575
			2085	576
			2086	577
			2087	578
			2088	579
			2089	580
			2090	581
			2090	582
			2091	583
			2092	584
			2093	585
			2094	586
			2095	587
			2095	588
			2096	589
			2097	590
			2098	591
			2098	592
			2099	592
			2099	593
			2100	594
			2101	595
			2102	596
			2103	597
			2104	598
			2104	599
			2105	600
			2105	601
			2106	601
			2107	602
			2107	603
			2108	604
			2109	605
			2110	606
			2110	607
			2111	608
			2112	609
			2113	610
			2113	611
			2114	611
			2115	612
			2115	613
			2116	614
			2117	615
			2118	616
			2118	617
			2119	618
			2120	619
			2121	619
			2121	620
			2122	621
			2123	622
			2123	623
			2124	624
			2125	625
			2126	626
			2126	627
			2127	628
			2128	628
			2128	629
			2129	630
			2130	631
			2131	632
			2131	633
			2132	634
			2133	635
			2133	636
			2134	637
			2135	637
			2135	638
			2136	639
			2137	640
			2138	641
			2138	642
			2139	643
			2140	644
			2140	645
			2141	646
			2142	647
			2143	647
			2143	648
			2144	649
			2145	650
			2145	651
			2146	652
			2147	653
			2148	654
			2148	655
			2149	656
			2150	657
			2151	658
			2152	659
			2152	660
			2153	661
			2154	662
			2155	663
			2156	664
			2156	665
			2157	666
			2157	667
			2158	667
			2159	668
			2159	669
			2160	670
			2161	671
			2162	672
			2162	673
			2163	674
			2164	675
			2165	676
			2165	677
			2166	678
			2167	679
			2167	680
			2168	681
			2169	682
			2170	683
			2170	684
			2171	685
			2172	686
			2173	687
			2173	688
			2174	688
			2175	689
			2175	690
			2176	691
			2177	692
			2178	693
			2178	694
			2179	695
			2180	696
			2180	697
			2181	698
			2182	699
			2183	700
			2183	701
			2184	702
			2185	703
			2185	704
			2186	705
			2187	706
			2188	707
			2188	708
			2189	709
			2190	710
			2190	711
			2191	712
			2192	713
			2193	714
			2194	715
			2195	716
			2195	717
			2196	718
			2197	719
			2198	720
			2198	721
			2199	722
			2199	723
			2200	724
			2201	725
			2202	726
			2203	727
			2203	728
			2204	729
			2205	730
			2206	731
			2206	732
			2207	733
			2208	734
			2209	735
			2209	736
			2210	737
			2211	738
			2211	739
			2212	740
			2213	741
			2214	742
			2214	743
			2215	744
			2216	745
			2217	746
			2217	747
			2217	748
			2218	748
			2218	749
			2219	750
			2220	751
			2220	752
			2221	753
			2222	754
			2223	755
			2223	756
			2224	757
			2225	758
			2225	759
			2226	760
			2227	761
			2227	762
			2228	763
			2229	763
			2229	764
			2230	765
			2230	766
			2231	767
			2232	768
			2232	769
			2233	770
			2234	771
			2235	772
			2236	773
			2236	774
			2237	775
			2238	776
			2238	777
			2239	778
			2240	779
			2240	780
			2241	781
			2241	782
			2242	782
			2242	783
			2243	784
			2244	785
			2244	786
			2245	787
			2245	788
			2246	789
			2247	790
			2247	791
			2247	792
			2248	793
			2249	794
			2249	795
			2250	796
			2251	797
			2251	798
			2252	799
			2252	800
			2253	801
			2253	802
			2254	803
			2254	804
			2255	805
			2256	806
			2256	807
			2257	808
			2257	809
			2258	810
			2258	811
			2259	812
			2259	813
			2260	814
			2261	815
			2261	816
			2262	817
			2262	818
			2263	819
			2263	820
			2264	821
			2265	822
			2265	823
			2266	824
			2266	825
			2267	826
			2268	827
			2268	828
			2269	829
			2269	830
			2269	831
			2270	831
			2270	832
			2271	833
			2271	834
			2272	835
			2272	836
			2273	836
			2273	837
			2274	838
			2274	839
			2275	840
			2275	841
			2276	842
			2277	843
			2277	844
			2278	845
			2278	846
			2279	847
			2279	848
			2280	849
			2280	850
			2281	851
			2281	852
			2282	853
			2282	854
			2283	855
			2284	856
			2284	857
			2285	858
			2285	859
			2286	860
			2286	861
			2287	862
			2287	863
			2288	864
			2289	865
			2289	866
			2290	867
			2290	868
			2291	869
			2292	870
			2292	871
			2292	872
			2293	873
			2293	874
			2294	874
			2294	875
			2295	876
			2295	877
			2296	878
			2296	879
			2297	880
			2298	881
			2298	882
			2299	883
			2299	884
			2300	885
			2300	886
			2301	887
			2301	888
			2302	889
			2302	890
			2303	891
			2303	892
			2304	893
			2304	894
			2305	895
			2305	896
			2306	897
			2306	898
			2307	899
			2308	900
			2308	901
			2309	902
			2309	903
			2310	903
			2310	904
			2311	905
			2311	906
			2312	907
			2312	908
			2313	909
			2313	910
			2314	911
			2314	912
			2315	913
			2315	914
			2316	915
			2316	916
			2317	917
			2317	918
			2318	919
			2318	920
			2319	921
			2320	922
			2320	923
			2320	924
			2321	924
			2321	925
			2321	926
			2322	926
			2322	927
			2323	928
			2323	929
			2324	930
			2324	931
			2325	932
			2325	933
			2326	934
			2326	935
			2327	936
			2327	937
			2328	938
			2328	939
			2329	940
			2329	941
			2330	942
			2330	943
			2331	944
			2331	945
			2332	946
			2332	947
			2333	948
			2333	949
			2334	950
			2335	951
			2335	952
			2336	953
			2336	954
			2337	955
			2337	956
			2338	957
			2338	958
			2339	959
			2339	960
			2340	961
			2340	962
			2341	963
			2341	964
			2342	965
			2342	966
			2343	967
			2343	968
			2344	969
			2344	970
			2345	971
			2345	972
			2346	973
			2346	974
			2347	975
			2348	976
			2348	977
			2348	978
			2349	978
			2349	979
			2349	980
			2350	981
			2350	982
			2351	983
			2351	984
			2352	985
			2352	986
			2353	986
			2353	987
			2353	988
			2354	989
			2354	990
			2355	991
			2355	992
			2356	993
			2356	994
			2357	995
			2357	996
			2358	997
			2358	998
			2359	999
			2359	1000
			2360	1001
			2360	1002
			2361	1003
			2361	1004
			2362	1005
			2362	1006
			2363	1006
			2363	1007
			2364	1008
			2364	1009
			2364	1010
			2365	1011
			2365	1012
			2366	1013
			2366	1014
			2367	1015
			2367	1016
			2368	1017
			2368	1018
			2369	1019
			2369	1020
			2369	1021
			2370	1021
			2370	1022
			2371	1023
			2371	1024
			2372	1025
			2372	1026
			2373	1027
			2373	1028
			2373	1029
			2374	1030
			2374	1031
			2375	1032
			2375	1033
			2376	1033
			2376	1034
			2376	1035
			2377	1036
			2377	1037
			2378	1038
			2378	1039
			2379	1040
			2379	1041
			2379	1042
			2380	1042
			2380	1043
			2381	1044
			2381	1045
			2382	1046
			2382	1047
			2382	1048
			2383	1049
			2383	1050
			2384	1051
			2384	1052
			2385	1053
			2385	1054
			2386	1055
			2386	1056
			2387	1057
			2387	1058
			2388	1059
			2388	1060
			2388	1061
			2389	1061
			2389	1062
			2389	1063
			2390	1064
			2390	1065
			2391	1066
			2391	1067
			2392	1068
			2392	1069
			2392	1070
			2393	1070
			2393	1071
			2394	1072
			2394	1073
			2394	1074
			2395	1075
			2395	1076
			2396	1077
			2396	1078
			2397	1079
			2397	1080
			2398	1081
			2398	1082
			2398	1083
			2399	1084
			2399	1085
			2400	1086
			2400	1087
			2400	1088
			2401	1088
			2401	1089
			2401	1090
			2402	1091
			2402	1092
			2403	1093
			2403	1094
			2403	1095
			2404	1096
			2404	1097
			2405	1097
			2405	1098
			2405	1099
			2406	1100
			2406	1101
			2406	1102
			2407	1103
			2407	1104
			2408	1104
			2408	1105
			2408	1106
			2409	1107
			2409	1108
			2409	1109
			2410	1110
			2410	1111
			2411	1111
			2411	1112
			2411	1113
			2412	1114
			2412	1115
			2412	1116
			2413	1117
			2413	1118
			2414	1119
			2414	1120
			2415	1121
			2415	1122
			2415	1123
			2416	1124
			2416	1125
			2417	1126
			2417	1127
			2417	1128
			2418	1129
			2418	1130
			2419	1131
			2419	1132
			2419	1133
			2420	1134
			2420	1135
			2421	1136
			2421	1137
			2421	1138
			2422	1139
			2422	1140
			2423	1141
			2423	1142
			2423	1143
			2424	1144
			2424	1145
			2424	1146
			2425	1147
			2425	1148
			2426	1149
			2426	1150
			2426	1151
			2427	1152
			2427	1153
			2427	1154
			2428	1155
			2428	1156
			2429	1157
			2429	1158
			2429	1159
			2430	1160
			2430	1161
			2430	1162
			2431	1163
			2431	1164
			2432	1165
			2432	1166
			2432	1167
			2433	1168
			2433	1169
			2433	1170
			2434	1171
			2434	1172
			2434	1173
			2435	1174
			2435	1175
			2435	1176
			2436	1177
			2436	1178
			2436	1179
			2437	1180
			2437	1181
			2437	1182
			2438	1183
			2438	1184
			2439	1185
			2439	1186
			2439	1187
			2440	1188
			2440	1189
			2440	1190
			2440	1191
			2441	1192
			2441	1193
			2442	1194
			2442	1195
			2442	1196
			2442	1197
			2443	1198
			2443	1199
			2443	1200
			2444	1201
			2444	1202
			2444	1203
			2445	1204
			2445	1205
			2445	1206
			2446	1207
			2446	1208
			2446	1209
			2446	1210
			2447	1211
			2447	1212
			2447	1213
			2448	1214
			2448	1215
			2448	1216
			2448	1217
			2449	1218
			2449	1219
			2449	1220
			2450	1221
			2450	1222
			2450	1223
			2451	1224
			2451	1225
			2451	1226
			2451	1227
			2452	1228
			2452	1229
			2452	1230
			2452	1231
			2453	1232
			2453	1233
			2453	1234
			2453	1235
			2454	1236
			2454	1237
			2454	1238
			2454	1239
			2455	1240
			2455	1241
			2455	1242
			2455	1243
			2456	1244
			2456	1245
			2456	1246
			2456	1247
			2456	1248
			2457	1249
			2457	1250
			2457	1251
			2457	1252
			2458	1253
			2458	1254
			2458	1255
			2458	1256
			2458	1257
			2459	1258
			2459	1259
			2459	1260
			2459	1261
			2459	1262
			2460	1263
			2460	1264
			2460	1265
			2460	1266
			2460	1267
			2460	1268
			2461	1269
			2461	1270
			2461	1271
			2461	1272
			2461	1273
			2461	1274
			2462	1275
			2462	1276
			2462	1277
			2462	1278
			2462	1279
			2462	1280
			2462	1281
			2462	1282
			2463	1283
			2463	1284
			2463	1285
			2463	1286
			2463	1287
			2463	1288
			2463	1289
			2463	1290
			2463	1291
			2464	1292
			2464	1293
			2464	1294
			2464	1295
			2464	1296
			2464	1297
			2464	1298
			2464	1299
			2464	1300
			2464	1301
			2464	1302
			2464	1303
			2464	1304
			2464	1305
			2464	1306
			2464	1307
			2464	1308
			2464	1309
			2464	1310
			2464	1311
			2464	1312
			2464	1313
			2464	1314
			2464	1315
			2464	1316
			2464	1317
			2464	1318
			2464	1319
			2464	1320
			2464	1321
			2464	1322
			2464	1323
			2464	1324
			2464	1325
			2463	1326
			2463	1327
			2463	1328
			2463	1329
			2463	1330
			2463	1331
			2463	1332
			2462	1333
			2462	1334
			2462	1335
			2462	1336
			2462	1337
			2462	1338
			2461	1339
			2461	1340
			2461	1341
			2461	1342
			2460	1342
			2460	1343
			2460	1344
			2459	1345
			2459	1346
			2458	1347
			2458	1348
			2457	1349
			2457	1350
			2457	1351
			2456	1351
			2456	1352
			2455	1353
			2455	1354
			2454	1355
			2454	1356
			2453	1357
			2453	1358
			2452	1359
			2452	1360
			2451	1360
			2451	1361
			2450	1362
			2450	1363
			2449	1364
			2449	1365
			2448	1366
			2447	1367
			2447	1368
			2446	1369
			2446	1370
			2445	1371
			2445	1372
			2444	1373
			2444	1374
			2443	1375
			2442	1376
			2442	1377
			2441	1378
			2441	1379
			2440	1380
			2440	1381
			2439	1382
			2438	1383
			2438	1384
			2437	1385
			2437	1386
			2436	1387
			2436	1388
			2435	1389
			2435	1390
			2434	1391
			2433	1392
			2433	1393
			2432	1394
			2432	1395
			2431	1396
			2431	1397
			2430	1398
			2430	1399
			2429	1400
			2428	1400
			2428	1401
			2427	1402
			2427	1403
			2426	1404
			2426	1405
			2425	1406
			2425	1407
			2424	1408
			2423	1409
			2422	1410
			2422	1411
			2421	1412
			2420	1413
			2420	1414
			2419	1415
			2419	1416
			2418	1417
			2417	1418
			2417	1419
			2416	1420
			2416	1421
			2415	1422
			2414	1423
			2413	1424
			2413	1425
			2412	1426
			2412	1427
			2411	1428
			2410	1429
			2410	1430
			2409	1430
			2409	1431
			2408	1432
			2408	1433
			2407	1434
			2406	1435
			2405	1436
			2405	1437
			2404	1438
			2403	1439
			2403	1440
			2402	1441
			2401	1442
			2401	1443
			2400	1444
			2399	1445
			2399	1446
			2398	1447
			2397	1447
			2397	1448
			2396	1449
			2395	1450
			2395	1451
			2394	1452
			2393	1453
			2393	1454
			2392	1455
			2391	1456
			2390	1457
			2389	1458
			2389	1459
			2388	1460
			2387	1461
			2386	1462
			2385	1463
			2385	1464
			2384	1465
			2383	1466
			2382	1467
			2382	1468
			2381	1469
			2380	1470
			2379	1471
			2378	1472
			2378	1473
			2377	1473
			2376	1474
			2375	1475
			2375	1476
			2374	1477
			2373	1478
			2372	1479
			2371	1480
			2370	1481
			2369	1482
			2368	1483
			2367	1484
			2366	1485
			2365	1486
			2365	1487
			2364	1488
			2363	1489
			2362	1490
			2361	1491
			2360	1491
			2359	1492
			2358	1493
			2357	1494
			2357	1495
			2356	1496
			2355	1497
			2354	1497
			2353	1498
			2352	1499
			2351	1500
			2350	1500
			2349	1501
			2349	1502
			2348	1503
			2347	1503
			2346	1504
			2345	1505
			2344	1505
			2343	1506
			2343	1507
			2342	1507
			2341	1508
			2340	1509
			2339	1509
			2338	1510
			2337	1510
			2337	1511
			2336	1512
			2335	1512
			2334	1513
			2333	1513
			2332	1514
			2331	1514
			2331	1515
			2330	1515
			2329	1516
			2328	1516
			2327	1517
			2326	1517
			2326	1518
			2325	1518
			2324	1518
			2323	1519
			2322	1519
			2321	1520
			2320	1520
			2319	1521
			2318	1521
			2317	1522
			2316	1522
			2315	1522
			2314	1523
			2313	1523
			2312	1523
			2311	1524
			2310	1524
			2309	1524
			2308	1525
			2307	1525
			2306	1525
			2305	1525
			2304	1525
			2303	1526
			2302	1526
			2301	1526
			2300	1526
			2299	1526
			2298	1526
			2297	1526
			2297	1527
			2296	1527
			2295	1527
			2294	1527
			2293	1527
			2292	1527
			2291	1527
			2290	1527
			2289	1527
			2288	1527
			2287	1526
			2286	1526
			2285	1526
			2284	1526
			2283	1526
			2282	1526
			2281	1525
			2280	1525
			2279	1525
			2278	1525
			2277	1524
			2276	1524
			2275	1524
			2274	1524
			2274	1523
			2273	1523
			2272	1523
			2271	1523
			2271	1522
			2270	1522
			2269	1522
			2268	1521
			2267	1521
			2266	1520
			2265	1520
			2264	1519
			2263	1519
			2262	1518
			2261	1518
			2261	1517
			2260	1516
			2259	1516
			2258	1515
			2257	1515
			2256	1514
			2255	1513
			2254	1513
			2253	1512
			2253	1511
			2252	1511
			2251	1510
			2250	1509
			2249	1508
			2248	1507
			2247	1507
			2246	1506
			2246	1505
			2245	1504
			2244	1503
			2243	1502
			2242	1501
			2241	1501
			2241	1500
			2240	1499
			2239	1498
			2238	1497
			2237	1496
			2236	1495
			2235	1494
			2235	1493
			2234	1492
			2233	1491
			2233	1490
			2232	1490
			2232	1489
			2231	1488
			2230	1487
			2230	1486
			2229	1485
			2229	1484
			2228	1483
			2227	1483
			2227	1482
		</Profile>
		<Eye type=matrix rownames=FALSE colnames=FALSE nrow=2472 ncol=2 as.numeric=TRUE >
			1675	984
			1674	985
			1673	985
			1672	986
			1671	986
			1670	987
			1670	988
			1669	988
			1668	989
			1667	990
			1666	990
			1665	991
			1664	991
			1663	992
			1662	993
			1661	993
			1661	994
			1660	994
			1659	995
			1658	996
			1657	996
			1656	997
			1655	997
			1654	998
			1653	999
			1652	999
			1651	1000
			1650	1001
			1649	1002
			1648	1002
			1647	1003
			1646	1003
			1646	1004
			1645	1004
			1644	1004
			1644	1005
			1643	1005
			1642	1006
			1641	1006
			1640	1007
			1639	1008
			1638	1008
			1637	1009
			1636	1010
			1635	1010
			1634	1011
			1633	1011
			1632	1012
			1631	1012
			1630	1013
			1629	1014
			1628	1014
			1627	1015
			1626	1015
			1626	1016
			1625	1016
			1624	1017
			1623	1017
			1622	1018
			1621	1018
			1620	1019
			1619	1020
			1618	1020
			1617	1021
			1616	1021
			1615	1022
			1614	1022
			1613	1023
			1612	1023
			1611	1024
			1610	1025
			1609	1025
			1608	1026
			1607	1026
			1606	1027
			1605	1027
			1604	1028
			1603	1028
			1602	1029
			1601	1029
			1601	1030
			1600	1030
			1599	1031
			1598	1031
			1597	1031
			1597	1032
			1596	1032
			1595	1033
			1594	1033
			1593	1033
			1593	1034
			1592	1034
			1591	1035
			1590	1035
			1589	1036
			1588	1036
			1587	1037
			1586	1037
			1585	1038
			1584	1038
			1583	1039
			1582	1039
			1581	1040
			1580	1040
			1579	1041
			1578	1041
			1577	1042
			1576	1042
			1575	1043
			1574	1043
			1573	1044
			1572	1044
			1571	1044
			1570	1045
			1569	1045
			1568	1046
			1567	1046
			1566	1047
			1565	1047
			1564	1048
			1563	1048
			1562	1049
			1561	1049
			1560	1050
			1559	1050
			1558	1050
			1557	1051
			1556	1051
			1555	1052
			1554	1052
			1553	1053
			1552	1053
			1551	1054
			1550	1054
			1549	1054
			1548	1055
			1547	1055
			1546	1056
			1545	1056
			1544	1057
			1543	1057
			1542	1057
			1541	1058
			1540	1058
			1539	1059
			1538	1059
			1537	1059
			1536	1060
			1535	1060
			1534	1061
			1533	1061
			1532	1061
			1531	1062
			1530	1062
			1529	1062
			1528	1063
			1527	1063
			1526	1064
			1525	1064
			1524	1064
			1523	1065
			1522	1065
			1521	1065
			1520	1066
			1519	1066
			1518	1067
			1517	1067
			1516	1067
			1515	1068
			1514	1068
			1513	1068
			1512	1069
			1511	1069
			1510	1069
			1509	1070
			1508	1070
			1507	1070
			1506	1071
			1505	1071
			1504	1071
			1503	1072
			1502	1072
			1501	1072
			1500	1072
			1499	1073
			1498	1073
			1497	1073
			1496	1074
			1495	1074
			1494	1074
			1493	1075
			1492	1075
			1491	1075
			1490	1075
			1490	1076
			1489	1076
			1488	1076
			1487	1076
			1486	1077
			1485	1077
			1484	1077
			1483	1077
			1483	1078
			1482	1078
			1481	1078
			1480	1078
			1479	1078
			1478	1079
			1477	1079
			1476	1079
			1475	1080
			1474	1080
			1473	1080
			1472	1080
			1471	1081
			1470	1081
			1469	1081
			1468	1081
			1467	1082
			1466	1082
			1465	1082
			1464	1082
			1463	1083
			1462	1083
			1461	1083
			1460	1083
			1459	1083
			1458	1084
			1457	1084
			1456	1084
			1455	1084
			1454	1085
			1453	1085
			1452	1085
			1451	1085
			1450	1085
			1449	1086
			1448	1086
			1447	1086
			1446	1086
			1445	1086
			1444	1087
			1443	1087
			1442	1087
			1441	1087
			1440	1087
			1439	1087
			1438	1088
			1437	1088
			1436	1088
			1435	1088
			1434	1088
			1433	1089
			1432	1089
			1431	1089
			1430	1089
			1429	1089
			1428	1089
			1427	1089
			1427	1090
			1426	1090
			1425	1090
			1424	1090
			1423	1090
			1422	1090
			1421	1090
			1420	1091
			1419	1091
			1418	1091
			1417	1091
			1416	1091
			1415	1091
			1414	1091
			1413	1091
			1412	1092
			1411	1092
			1410	1092
			1409	1092
			1408	1092
			1407	1092
			1406	1092
			1405	1092
			1404	1092
			1403	1093
			1402	1093
			1401	1093
			1400	1093
			1399	1093
			1398	1093
			1397	1093
			1396	1093
			1395	1093
			1394	1093
			1393	1094
			1392	1094
			1391	1094
			1390	1094
			1389	1094
			1388	1094
			1387	1094
			1386	1094
			1385	1094
			1384	1094
			1383	1094
			1382	1094
			1381	1094
			1380	1094
			1379	1094
			1378	1095
			1377	1095
			1376	1095
			1375	1095
			1374	1095
			1373	1095
			1372	1095
			1371	1095
			1370	1095
			1369	1095
			1368	1095
			1367	1095
			1366	1095
			1365	1095
			1364	1095
			1363	1095
			1362	1095
			1361	1095
			1360	1095
			1359	1095
			1358	1095
			1357	1095
			1356	1095
			1355	1095
			1354	1095
			1353	1095
			1352	1095
			1351	1095
			1350	1095
			1349	1095
			1348	1095
			1347	1095
			1346	1095
			1345	1095
			1344	1095
			1343	1095
			1342	1095
			1341	1095
			1340	1095
			1339	1095
			1338	1095
			1337	1095
			1336	1095
			1335	1095
			1334	1094
			1333	1094
			1332	1094
			1331	1094
			1330	1094
			1329	1094
			1328	1094
			1327	1094
			1326	1094
			1325	1094
			1324	1094
			1323	1094
			1322	1094
			1321	1094
			1320	1094
			1319	1093
			1318	1093
			1317	1093
			1316	1093
			1315	1093
			1314	1093
			1313	1093
			1312	1093
			1311	1093
			1310	1093
			1309	1093
			1308	1092
			1307	1092
			1306	1092
			1305	1092
			1304	1092
			1303	1092
			1302	1092
			1301	1092
			1300	1092
			1299	1091
			1298	1091
			1297	1091
			1296	1091
			1295	1091
			1294	1091
			1293	1091
			1292	1090
			1291	1090
			1290	1090
			1289	1090
			1288	1090
			1287	1090
			1286	1090
			1285	1089
			1284	1089
			1283	1089
			1282	1089
			1281	1089
			1280	1089
			1279	1088
			1278	1088
			1277	1088
			1276	1088
			1275	1088
			1274	1088
			1273	1087
			1272	1087
			1271	1087
			1270	1087
			1269	1086
			1268	1086
			1267	1086
			1266	1086
			1265	1085
			1264	1085
			1263	1085
			1262	1085
			1261	1084
			1260	1084
			1259	1084
			1258	1084
			1257	1083
			1256	1083
			1255	1083
			1254	1083
			1253	1082
			1252	1082
			1251	1082
			1251	1081
			1250	1081
			1249	1081
			1248	1081
			1247	1080
			1246	1080
			1245	1080
			1244	1080
			1243	1079
			1242	1079
			1241	1079
			1240	1078
			1239	1078
			1238	1078
			1237	1078
			1236	1077
			1235	1077
			1234	1076
			1233	1076
			1232	1076
			1231	1075
			1230	1075
			1229	1075
			1228	1075
			1227	1074
			1226	1074
			1225	1074
			1224	1073
			1223	1073
			1222	1073
			1221	1072
			1220	1072
			1219	1072
			1218	1071
			1217	1071
			1216	1071
			1215	1070
			1214	1069
			1213	1069
			1212	1069
			1211	1069
			1210	1068
			1209	1068
			1208	1067
			1207	1067
			1206	1067
			1206	1066
			1205	1066
			1204	1066
			1203	1066
			1202	1065
			1201	1065
			1200	1064
			1199	1064
			1198	1063
			1197	1063
			1196	1063
			1195	1062
			1194	1062
			1193	1061
			1192	1061
			1191	1061
			1190	1060
			1189	1059
			1188	1059
			1187	1059
			1186	1058
			1185	1058
			1184	1057
			1183	1057
			1182	1057
			1181	1056
			1180	1056
			1179	1055
			1178	1055
			1177	1054
			1176	1054
			1175	1053
			1174	1053
			1173	1052
			1172	1052
			1171	1052
			1170	1051
			1169	1051
			1169	1050
			1168	1050
			1167	1049
			1166	1049
			1165	1048
			1164	1048
			1163	1047
			1162	1047
			1161	1046
			1160	1046
			1159	1045
			1158	1045
			1157	1044
			1156	1043
			1155	1043
			1154	1043
			1153	1042
			1152	1041
			1151	1041
			1150	1040
			1149	1040
			1148	1039
			1147	1039
			1146	1038
			1145	1037
			1144	1037
			1143	1036
			1142	1036
			1141	1035
			1140	1035
			1139	1034
			1138	1034
			1138	1033
			1137	1033
			1136	1032
			1135	1032
			1134	1031
			1133	1030
			1132	1030
			1131	1029
			1130	1029
			1129	1028
			1128	1027
			1127	1026
			1126	1026
			1125	1025
			1124	1025
			1123	1024
			1122	1023
			1121	1023
			1120	1022
			1119	1021
			1118	1021
			1117	1020
			1116	1019
			1115	1019
			1114	1018
			1113	1017
			1112	1016
			1111	1016
			1110	1015
			1109	1014
			1108	1013
			1107	1013
			1106	1012
			1105	1012
			1105	1011
			1104	1011
			1103	1010
			1102	1009
			1101	1008
			1100	1008
			1099	1007
			1098	1006
			1097	1006
			1096	1005
			1095	1004
			1095	1003
			1094	1003
			1093	1002
			1092	1001
			1091	1001
			1090	1000
			1089	999
			1088	998
			1087	998
			1087	997
			1086	996
			1085	996
			1084	995
			1083	994
			1082	993
			1081	993
			1081	992
			1080	991
			1079	990
			1078	990
			1077	989
			1076	988
			1075	987
			1074	986
			1073	985
			1072	984
			1071	983
			1070	982
			1069	981
			1068	980
			1067	979
			1066	978
			1065	977
			1064	976
			1063	976
			1062	975
			1061	974
			1060	973
			1059	972
			1058	971
			1057	970
			1056	969
			1055	968
			1054	967
			1053	966
			1052	965
			1051	964
			1050	963
			1049	962
			1048	961
			1047	960
			1046	959
			1045	958
			1044	957
			1044	956
			1043	955
			1042	954
			1041	953
			1040	952
			1039	951
			1038	950
			1037	949
			1037	948
			1036	948
			1036	947
			1035	946
			1034	945
			1033	944
			1032	943
			1031	942
			1031	941
			1030	940
			1029	939
			1028	938
			1027	937
			1027	936
			1026	935
			1025	934
			1024	933
			1024	932
			1023	931
			1022	930
			1021	929
			1021	928
			1020	927
			1019	926
			1018	925
			1018	924
			1017	924
			1016	923
			1016	922
			1015	921
			1014	920
			1013	919
			1013	918
			1012	917
			1011	916
			1010	915
			1010	914
			1009	913
			1008	912
			1008	911
			1007	910
			1006	909
			1006	908
			1005	907
			1004	906
			1004	905
			1003	904
			1002	903
			1001	902
			1001	901
			1000	900
			1000	899
			999	898
			998	897
			998	896
			997	895
			997	894
			996	893
			996	892
			995	891
			994	891
			994	890
			993	889
			993	888
			992	887
			992	886
			991	885
			990	884
			990	883
			989	882
			989	881
			988	880
			988	879
			987	878
			986	878
			986	877
			985	876
			985	875
			984	874
			984	873
			983	872
			983	871
			982	870
			982	869
			981	868
			980	867
			980	866
			979	865
			979	864
			978	863
			978	862
			977	861
			977	860
			976	859
			976	858
			975	857
			975	856
			974	855
			974	854
			973	853
			973	852
			972	851
			972	850
			971	849
			971	848
			970	847
			969	846
			969	845
			968	844
			968	843
			967	842
			967	841
			966	840
			966	839
			966	838
			965	837
			965	836
			964	835
			964	834
			963	833
			963	832
			962	831
			962	830
			961	829
			961	828
			960	827
			960	826
			959	825
			959	824
			958	823
			958	822
			958	821
			957	820
			957	819
			956	818
			956	817
			955	816
			955	815
			955	814
			955	813
			955	812
			954	811
			954	810
			954	809
			954	808
			954	807
			954	806
			954	805
			954	804
			954	803
			953	802
			953	801
			953	800
			953	799
			953	798
			953	797
			953	796
			953	795
			953	794
			952	793
			952	792
			952	791
			952	790
			952	789
			952	788
			952	787
			952	786
			952	785
			951	784
			951	783
			951	782
			951	781
			951	780
			951	779
			951	778
			951	777
			951	776
			951	775
			951	774
			950	773
			950	772
			950	771
			950	770
			950	769
			950	768
			950	767
			950	766
			950	765
			950	764
			950	763
			950	762
			949	761
			949	760
			949	759
			949	758
			949	757
			949	756
			949	755
			949	754
			949	753
			949	752
			949	751
			949	750
			949	749
			949	748
			949	747
			948	746
			948	745
			948	744
			948	743
			948	742
			948	741
			948	740
			948	739
			948	738
			948	737
			948	736
			948	735
			948	734
			948	733
			948	732
			948	731
			948	730
			948	729
			948	728
			948	727
			948	726
			948	725
			948	724
			947	723
			947	722
			947	721
			947	720
			947	719
			947	718
			947	717
			947	716
			947	715
			947	714
			947	713
			947	712
			947	711
			947	710
			947	709
			947	708
			947	707
			947	706
			947	705
			947	704
			947	703
			947	702
			947	701
			947	700
			947	699
			947	698
			947	697
			947	696
			947	695
			947	694
			947	693
			947	692
			947	691
			947	690
			947	689
			947	688
			947	687
			947	686
			947	685
			947	684
			947	683
			947	682
			947	681
			947	680
			947	679
			947	678
			947	677
			947	676
			948	675
			948	674
			948	673
			948	672
			948	671
			948	670
			948	669
			948	668
			948	667
			948	666
			948	665
			948	664
			948	663
			948	662
			948	661
			948	660
			948	659
			948	658
			948	657
			948	656
			948	655
			948	654
			949	653
			949	652
			949	651
			949	650
			949	649
			949	648
			949	647
			949	646
			949	645
			949	644
			949	643
			949	642
			949	641
			950	640
			950	639
			950	638
			950	637
			950	636
			950	635
			950	634
			950	633
			950	632
			950	631
			950	630
			951	629
			951	628
			951	627
			951	626
			951	625
			951	624
			951	623
			951	622
			951	621
			952	620
			952	619
			952	618
			952	617
			952	616
			952	615
			952	614
			952	613
			953	612
			953	611
			953	610
			953	609
			953	608
			953	607
			953	606
			954	605
			954	604
			954	603
			954	602
			954	601
			954	600
			954	599
			955	598
			955	597
			955	596
			955	595
			955	594
			955	593
			955	592
			956	591
			956	590
			956	589
			956	588
			956	587
			956	586
			957	585
			957	584
			957	583
			957	582
			957	581
			957	580
			958	580
			958	579
			958	578
			958	577
			958	576
			959	575
			959	574
			959	573
			959	572
			959	571
			960	570
			960	569
			960	568
			960	567
			960	566
			961	565
			961	564
			961	563
			961	562
			961	561
			962	560
			962	559
			962	558
			962	557
			963	556
			963	555
			963	554
			963	553
			964	552
			964	551
			964	550
			964	549
			965	548
			965	547
			965	546
			965	545
			966	544
			966	543
			966	542
			966	541
			967	540
			967	539
			967	538
			967	537
			968	536
			968	535
			968	534
			969	533
			969	532
			969	531
			969	530
			970	530
			970	529
			970	528
			970	527
			971	526
			971	525
			971	524
			972	523
			972	522
			972	521
			972	520
			973	519
			973	518
			973	517
			974	516
			974	515
			974	514
			975	513
			975	512
			975	511
			976	511
			976	510
			976	509
			977	508
			977	507
			977	506
			978	505
			978	504
			978	503
			978	502
			979	501
			979	500
			979	499
			980	498
			981	497
			981	496
			981	495
			981	494
			982	494
			982	493
			982	492
			983	491
			983	490
			984	489
			984	488
			984	487
			984	486
			985	486
			985	485
			985	484
			986	483
			986	482
			987	481
			987	480
			988	479
			988	478
			988	477
			989	476
			989	475
			990	474
			990	473
			991	472
			991	471
			992	470
			992	469
			992	468
			993	467
			993	466
			994	465
			994	464
			995	463
			995	462
			996	461
			996	460
			997	459
			997	458
			997	457
			998	456
			998	455
			999	454
			999	453
			1000	453
			1000	452
			1001	451
			1001	450
			1002	449
			1002	448
			1003	447
			1003	446
			1004	445
			1004	444
			1005	443
			1006	442
			1006	441
			1006	440
			1007	439
			1008	438
			1008	437
			1009	436
			1009	435
			1010	434
			1010	433
			1011	432
			1011	431
			1012	430
			1013	429
			1013	428
			1014	427
			1014	426
			1015	426
			1015	425
			1016	424
			1016	423
			1017	423
			1017	422
			1018	421
			1019	420
			1020	419
			1021	418
			1022	417
			1022	416
			1023	415
			1024	415
			1024	414
			1025	413
			1026	412
			1027	411
			1028	410
			1028	409
			1029	408
			1030	407
			1031	407
			1031	406
			1032	405
			1033	404
			1034	403
			1034	402
			1035	401
			1036	401
			1037	400
			1038	399
			1038	398
			1039	397
			1040	396
			1041	395
			1042	394
			1043	393
			1044	392
			1045	391
			1046	390
			1047	389
			1048	388
			1049	387
			1050	386
			1051	385
			1052	384
			1053	383
			1054	382
			1054	381
			1055	380
			1056	379
			1057	378
			1058	377
			1059	377
			1060	376
			1061	375
			1062	374
			1063	373
			1064	372
			1065	371
			1066	370
			1067	369
			1068	368
			1069	367
			1070	367
			1071	366
			1072	365
			1073	364
			1074	363
			1075	362
			1076	361
			1077	360
			1078	360
			1079	359
			1080	358
			1081	357
			1082	356
			1083	355
			1084	355
			1085	354
			1086	353
			1087	352
			1088	351
			1089	350
			1090	350
			1091	349
			1092	348
			1093	347
			1094	346
			1095	346
			1096	345
			1097	344
			1098	343
			1099	342
			1100	342
			1101	341
			1102	340
			1103	339
			1104	339
			1105	338
			1106	337
			1107	336
			1108	336
			1109	335
			1110	334
			1111	333
			1112	333
			1113	332
			1114	331
			1115	331
			1116	330
			1117	329
			1118	328
			1119	328
			1120	327
			1121	327
			1121	326
			1122	326
			1123	326
			1123	325
			1124	325
			1125	324
			1126	324
			1127	323
			1128	322
			1129	321
			1130	321
			1131	320
			1132	320
			1133	319
			1134	318
			1135	318
			1136	317
			1137	317
			1138	316
			1139	316
			1139	315
			1140	315
			1141	314
			1142	313
			1143	313
			1144	312
			1145	312
			1146	311
			1147	311
			1148	310
			1149	310
			1150	309
			1151	309
			1152	308
			1153	308
			1153	307
			1154	307
			1155	306
			1156	306
			1157	305
			1158	305
			1159	304
			1160	304
			1161	303
			1162	303
			1163	302
			1164	302
			1165	301
			1166	301
			1167	301
			1168	300
			1169	300
			1170	299
			1171	299
			1172	298
			1173	298
			1173	297
			1174	297
			1175	296
			1176	296
			1177	296
			1178	295
			1179	295
			1180	294
			1181	294
			1182	293
			1183	293
			1184	293
			1185	292
			1186	292
			1187	291
			1188	291
			1189	291
			1190	290
			1191	290
			1192	289
			1193	289
			1194	289
			1195	288
			1196	288
			1197	288
			1198	287
			1199	287
			1200	286
			1201	286
			1202	286
			1203	285
			1204	285
			1205	285
			1206	284
			1207	284
			1208	284
			1209	283
			1210	283
			1211	283
			1212	282
			1213	282
			1214	282
			1215	281
			1216	281
			1217	281
			1218	280
			1219	280
			1220	280
			1221	279
			1222	279
			1223	279
			1224	278
			1225	278
			1226	278
			1227	278
			1228	277
			1229	277
			1230	277
			1231	276
			1232	276
			1233	276
			1234	276
			1235	275
			1236	275
			1237	275
			1238	275
			1239	274
			1240	274
			1241	274
			1242	273
			1243	273
			1244	273
			1245	273
			1246	273
			1247	272
			1248	272
			1249	272
			1250	272
			1251	272
			1252	271
			1253	271
			1254	271
			1255	271
			1256	271
			1257	270
			1258	270
			1259	270
			1260	270
			1261	269
			1262	269
			1263	269
			1264	269
			1265	269
			1266	269
			1267	268
			1268	268
			1269	268
			1270	268
			1271	268
			1272	268
			1273	267
			1274	267
			1275	267
			1276	267
			1277	267
			1278	267
			1279	267
			1280	266
			1281	266
			1282	266
			1283	266
			1284	266
			1285	266
			1286	266
			1287	266
			1288	265
			1289	265
			1290	265
			1291	265
			1292	265
			1293	265
			1294	265
			1295	265
			1296	265
			1297	264
			1298	264
			1299	264
			1300	264
			1301	264
			1302	264
			1303	264
			1304	264
			1305	264
			1306	264
			1307	264
			1308	264
			1309	263
			1310	263
			1311	263
			1312	263
			1313	263
			1314	263
			1315	263
			1316	263
			1317	263
			1318	263
			1319	263
			1320	263
			1321	263
			1322	263
			1323	263
			1324	263
			1325	263
			1326	263
			1327	263
			1328	263
			1329	263
			1330	263
			1331	263
			1332	263
			1333	263
			1334	263
			1335	263
			1336	263
			1337	263
			1338	263
			1339	263
			1340	263
			1341	263
			1342	263
			1343	263
			1344	263
			1345	263
			1346	263
			1347	263
			1348	263
			1349	263
			1350	263
			1351	263
			1352	263
			1353	263
			1354	263
			1355	263
			1356	263
			1357	263
			1358	263
			1359	263
			1360	263
			1361	263
			1362	263
			1363	263
			1364	263
			1365	263
			1366	263
			1367	263
			1368	264
			1369	264
			1370	264
			1371	264
			1372	264
			1373	264
			1374	264
			1375	264
			1376	264
			1377	264
			1378	264
			1379	264
			1380	264
			1381	265
			1382	265
			1383	265
			1384	265
			1385	265
			1386	265
			1387	265
			1388	265
			1389	265
			1390	265
			1391	266
			1392	266
			1393	266
			1394	266
			1395	266
			1396	266
			1397	266
			1398	266
			1399	266
			1399	267
			1400	267
			1401	267
			1402	267
			1403	267
			1404	267
			1405	267
			1406	267
			1407	268
			1408	268
			1409	268
			1410	268
			1411	268
			1412	268
			1413	268
			1414	269
			1415	269
			1416	269
			1417	269
			1418	269
			1419	269
			1420	270
			1421	270
			1422	270
			1423	270
			1424	270
			1425	270
			1426	271
			1427	271
			1428	271
			1429	271
			1430	271
			1431	271
			1431	272
			1432	272
			1433	272
			1434	272
			1435	272
			1436	273
			1437	273
			1438	273
			1439	273
			1440	273
			1441	274
			1442	274
			1443	274
			1444	274
			1445	274
			1446	275
			1447	275
			1448	275
			1449	275
			1450	275
			1450	276
			1451	276
			1452	276
			1453	276
			1454	277
			1455	277
			1456	277
			1457	277
			1458	277
			1459	278
			1460	278
			1461	278
			1462	278
			1463	279
			1464	279
			1465	279
			1466	280
			1467	280
			1468	280
			1469	280
			1470	281
			1471	281
			1472	281
			1473	281
			1474	282
			1475	282
			1476	282
			1477	283
			1478	283
			1479	283
			1480	283
			1481	284
			1482	284
			1483	284
			1483	285
			1484	285
			1485	285
			1486	285
			1487	286
			1488	286
			1489	286
			1490	287
			1491	287
			1492	287
			1493	288
			1494	288
			1495	288
			1496	289
			1497	289
			1498	289
			1499	290
			1500	290
			1501	291
			1502	291
			1503	291
			1504	291
			1505	292
			1506	292
			1507	293
			1508	293
			1509	293
			1510	294
			1511	294
			1512	294
			1513	295
			1514	295
			1515	295
			1515	296
			1516	296
			1517	297
			1518	297
			1519	297
			1520	298
			1521	298
			1522	298
			1523	299
			1524	299
			1525	300
			1526	300
			1527	300
			1528	301
			1529	301
			1530	302
			1531	302
			1532	303
			1533	303
			1534	304
			1535	304
			1536	304
			1537	305
			1538	305
			1539	306
			1540	306
			1541	307
			1542	307
			1543	308
			1544	308
			1545	308
			1546	309
			1547	309
			1548	310
			1549	311
			1550	311
			1551	312
			1552	312
			1553	313
			1554	313
			1555	314
			1556	314
			1557	314
			1558	315
			1559	316
			1560	316
			1561	317
			1562	317
			1563	318
			1564	318
			1565	319
			1566	319
			1567	320
			1568	320
			1569	321
			1570	321
			1571	322
			1572	323
			1573	323
			1574	324
			1575	324
			1576	325
			1577	326
			1578	326
			1579	327
			1580	327
			1581	328
			1582	329
			1583	329
			1584	330
			1585	330
			1586	331
			1587	331
			1588	332
			1589	333
			1590	333
			1591	334
			1592	334
			1593	335
			1594	336
			1595	336
			1596	337
			1597	338
			1598	338
			1599	339
			1600	340
			1601	341
			1602	341
			1603	342
			1604	342
			1605	343
			1606	344
			1607	345
			1608	345
			1609	346
			1610	347
			1611	347
			1612	348
			1613	349
			1614	349
			1615	350
			1616	351
			1617	351
			1618	352
			1619	353
			1620	353
			1621	354
			1621	355
			1622	355
			1623	356
			1624	357
			1625	358
			1626	358
			1627	359
			1628	360
			1629	360
			1630	361
			1631	362
			1632	363
			1633	363
			1634	364
			1635	365
			1635	366
			1636	366
			1637	367
			1638	368
			1639	368
			1640	369
			1641	370
			1642	371
			1643	372
			1644	372
			1645	373
			1646	374
			1646	375
			1647	375
			1648	376
			1649	377
			1650	378
			1651	378
			1652	379
			1653	380
			1654	381
			1655	382
			1656	383
			1657	384
			1658	385
			1659	386
			1660	386
			1660	387
			1661	387
			1662	388
			1662	389
			1663	389
			1664	390
			1665	391
			1666	392
			1667	393
			1668	394
			1669	395
			1670	396
			1671	397
			1672	398
			1673	399
			1674	400
			1675	401
			1676	401
			1677	402
			1677	403
			1678	404
			1679	405
			1680	406
			1681	407
			1682	408
			1683	409
			1684	410
			1685	410
			1685	411
			1686	412
			1687	413
			1688	414
			1689	415
			1690	416
			1691	417
			1692	418
			1692	419
			1693	420
			1694	421
			1695	422
			1696	423
			1697	424
			1698	425
			1698	426
			1699	426
			1700	427
			1701	428
			1702	429
			1703	430
			1704	431
			1704	432
			1705	433
			1706	434
			1707	435
			1708	436
			1709	437
			1710	438
			1710	439
			1711	440
			1712	441
			1713	442
			1714	443
			1715	444
			1715	445
			1716	446
			1717	447
			1718	448
			1719	449
			1720	450
			1720	451
			1721	452
			1722	453
			1723	454
			1724	455
			1724	456
			1725	457
			1725	458
			1726	459
			1727	460
			1728	461
			1728	462
			1729	463
			1730	464
			1731	465
			1731	466
			1732	467
			1733	467
			1733	468
			1734	469
			1735	470
			1735	471
			1736	472
			1736	473
			1737	474
			1737	475
			1738	476
			1738	477
			1739	478
			1739	479
			1740	480
			1740	481
			1741	482
			1741	483
			1742	484
			1742	485
			1742	486
			1743	487
			1743	488
			1743	489
			1744	489
			1744	490
			1744	491
			1745	492
			1745	493
			1746	494
			1746	495
			1746	496
			1747	497
			1747	498
			1748	499
			1748	500
			1748	501
			1749	502
			1749	503
			1750	504
			1750	505
			1751	506
			1751	507
			1751	508
			1752	509
			1752	510
			1752	511
			1753	512
			1753	513
			1754	514
			1754	515
			1754	516
			1755	517
			1755	518
			1755	519
			1756	520
			1756	521
			1756	522
			1757	523
			1757	524
			1758	525
			1758	526
			1758	527
			1759	528
			1759	529
			1759	530
			1760	531
			1760	532
			1760	533
			1761	534
			1761	535
			1761	536
			1762	537
			1762	538
			1762	539
			1763	540
			1763	541
			1763	542
			1764	543
			1764	544
			1764	545
			1765	546
			1765	547
			1765	548
			1766	549
			1766	550
			1766	551
			1766	552
			1767	553
			1767	554
			1767	555
			1768	556
			1768	557
			1768	558
			1769	559
			1769	560
			1769	561
			1769	562
			1770	563
			1770	564
			1770	565
			1770	566
			1771	567
			1771	568
			1771	569
			1772	570
			1772	571
			1772	572
			1772	573
			1773	574
			1773	575
			1773	576
			1773	577
			1774	578
			1774	579
			1774	580
			1774	581
			1775	582
			1775	583
			1775	584
			1775	585
			1776	586
			1776	587
			1776	588
			1776	589
			1777	590
			1777	591
			1777	592
			1777	593
			1777	594
			1778	595
			1778	596
			1778	597
			1778	598
			1778	599
			1779	600
			1779	601
			1779	602
			1779	603
			1779	604
			1780	605
			1780	606
			1780	607
			1780	608
			1780	609
			1781	609
			1781	610
			1781	611
			1781	612
			1781	613
			1781	614
			1782	615
			1782	616
			1782	617
			1782	618
			1782	619
			1783	620
			1783	621
			1783	622
			1783	623
			1783	624
			1783	625
			1783	626
			1784	627
			1784	628
			1784	629
			1784	630
			1784	631
			1784	632
			1784	633
			1785	634
			1785	635
			1785	636
			1785	637
			1785	638
			1785	639
			1785	640
			1785	641
			1786	642
			1786	643
			1786	644
			1786	645
			1786	646
			1786	647
			1786	648
			1786	649
			1786	650
			1787	651
			1787	652
			1787	653
			1787	654
			1787	655
			1787	656
			1787	657
			1787	658
			1787	659
			1787	660
			1787	661
			1787	662
			1788	663
			1788	664
			1788	665
			1788	666
			1788	667
			1788	668
			1788	669
			1788	670
			1788	671
			1788	672
			1788	673
			1788	674
			1788	675
			1788	676
			1788	677
			1788	678
			1788	679
			1788	680
			1788	681
			1788	682
			1789	683
			1789	684
			1789	685
			1789	686
			1789	687
			1789	688
			1789	689
			1789	690
			1789	691
			1789	692
			1789	693
			1789	694
			1789	695
			1789	696
			1789	697
			1789	698
			1789	699
			1789	700
			1789	701
			1789	702
			1789	703
			1789	704
			1788	705
			1788	706
			1788	707
			1788	708
			1788	709
			1788	710
			1788	711
			1788	712
			1788	713
			1788	714
			1788	715
			1788	716
			1788	717
			1788	718
			1788	719
			1788	720
			1788	721
			1788	722
			1788	723
			1788	724
			1787	725
			1787	726
			1787	727
			1787	728
			1787	729
			1787	730
			1787	731
			1787	732
			1787	733
			1787	734
			1787	735
			1787	736
			1786	737
			1786	738
			1786	739
			1786	740
			1786	741
			1786	742
			1786	743
			1786	744
			1786	745
			1785	746
			1785	747
			1785	748
			1785	749
			1785	750
			1785	751
			1785	752
			1784	753
			1784	754
			1784	755
			1784	756
			1784	757
			1784	758
			1784	759
			1783	760
			1783	761
			1783	762
			1783	763
			1783	764
			1783	765
			1782	766
			1782	767
			1782	768
			1782	769
			1782	770
			1781	771
			1781	772
			1781	773
			1781	774
			1781	775
			1780	776
			1780	777
			1780	778
			1780	779
			1780	780
			1779	781
			1779	782
			1779	783
			1779	784
			1778	785
			1778	786
			1778	787
			1778	788
			1778	789
			1777	790
			1777	791
			1777	792
			1777	793
			1776	794
			1776	795
			1776	796
			1776	797
			1775	798
			1775	799
			1775	800
			1774	801
			1774	802
			1774	803
			1774	804
			1773	805
			1773	806
			1773	807
			1773	808
			1772	809
			1772	810
			1772	811
			1771	812
			1771	813
			1771	814
			1770	815
			1770	816
			1770	817
			1770	818
			1769	819
			1769	820
			1769	821
			1768	822
			1768	823
			1768	824
			1767	825
			1767	826
			1767	827
			1766	828
			1766	829
			1766	830
			1765	831
			1765	832
			1765	833
			1764	834
			1764	835
			1764	836
			1763	836
			1763	837
			1762	838
			1762	839
			1762	840
			1761	841
			1761	842
			1761	843
			1760	844
			1760	845
			1759	846
			1759	847
			1759	848
			1758	849
			1758	850
			1757	851
			1757	852
			1757	853
			1756	854
			1756	855
			1755	856
			1755	857
			1755	858
			1754	859
			1754	860
			1753	861
			1753	862
			1753	863
			1752	864
			1752	865
			1751	865
			1751	866
			1750	867
			1750	868
			1749	869
			1749	870
			1749	871
			1748	872
			1748	873
			1747	874
			1747	875
			1746	876
			1746	877
			1745	878
			1745	879
			1744	880
			1744	881
			1743	882
			1743	883
			1743	884
			1742	885
			1742	886
			1741	886
			1741	887
			1740	888
			1740	889
			1739	890
			1739	891
			1738	892
			1738	893
			1737	894
			1737	895
			1736	896
			1735	897
			1735	898
			1734	899
			1734	900
			1733	901
			1733	902
			1732	903
			1731	904
			1731	905
			1730	906
			1730	907
			1729	908
			1728	909
			1728	910
			1727	911
			1727	912
			1726	913
			1726	914
			1725	915
			1724	916
			1724	917
			1723	918
			1723	919
			1722	920
			1721	921
			1721	922
			1720	923
			1720	924
			1719	925
			1718	926
			1718	927
			1717	928
			1716	929
			1716	930
			1715	931
			1714	932
			1713	933
			1713	934
			1712	935
			1711	936
			1711	937
			1710	938
			1710	939
			1709	939
			1709	940
			1708	941
			1707	942
			1707	943
			1706	944
			1705	945
			1704	946
			1704	947
			1703	948
			1702	949
			1702	950
			1701	951
			1700	952
			1699	953
			1699	954
			1698	955
			1697	956
			1696	957
			1696	958
			1695	959
			1694	960
			1693	961
			1693	962
			1692	963
			1691	964
			1690	965
			1690	966
			1689	967
			1688	968
			1687	969
			1687	970
			1686	971
			1685	972
			1684	973
			1684	974
			1683	975
			1682	976
			1681	977
			1680	978
			1680	979
			1679	980
			1678	980
			1677	981
			1676	982
			1676	983
			1675	984
		</Eye>
	</curves.pixel>
	<ruler.points type=matrix rownames=TRUE colnames=FALSE nrow=2 ncol=2 as.numeric=TRUE >
		Ruler point 1	2	1894
		Ruler point 2	104	1894
	</ruler.points>
</shapes>

