<shapes type=list>
	<scaling type=logical names=FALSE length=1 as.numeric=FALSE >NA</scaling>
	<landmarks.pixel type=matrix rownames=TRUE colnames=FALSE nrow=11 ncol=2 as.numeric=TRUE >
		LM1Forehead	1805	108
		LM2UJFront	2248	1331
		LM3UJBack	1630	1423
		LM4LacOrb	1636	815
		LM5QJoint	1571	1477
		LM6IOPL	1525	1608
		LM7IOPSOP	357	1632
		LM8A2A1	754	1073
		LM9A1A3	712	581
		LM10TopMuscR	571	419
		LM11TopMuscL	81	289
	</landmarks.pixel>
	<curves.control type=list>
		<Profile type=matrix rownames=FALSE colnames=FALSE nrow=7 ncol=2 as.numeric=TRUE >
			1805	108
			2113	347
			2300	659
			2551	1019
			2530	1222
			2360	1504
			2248	1331
		</Profile>
		<Eye type=matrix rownames=FALSE colnames=FALSE nrow=13 ncol=2 as.numeric=TRUE >
			1636	815
			1423	962
			1159	884
			924	784
			881	533
			907	273
			1089	134
			1319	22
			1558	143
			1762	277
			1770	503
			1749	693
			1636	815
		</Eye>
	</curves.control>
	<curves.pixel type=list>
		<Profile type=matrix rownames=FALSE colnames=FALSE nrow=1559 ncol=2 as.numeric=TRUE >
			1805	108
			1806	109
			1807	110
			1808	110
			1809	111
			1810	112
			1811	113
			1812	114
			1813	115
			1814	115
			1815	116
			1816	116
			1816	117
			1817	117
			1818	118
			1819	119
			1820	120
			1821	121
			1822	121
			1823	122
			1824	123
			1825	124
			1826	125
			1827	125
			1828	126
			1829	127
			1830	127
			1831	128
			1831	129
			1832	130
			1833	130
			1834	131
			1835	132
			1836	132
			1837	133
			1838	134
			1839	135
			1840	136
			1841	137
			1842	137
			1843	138
			1844	139
			1845	140
			1846	141
			1847	141
			1848	142
			1848	143
			1849	143
			1850	144
			1851	144
			1851	145
			1852	146
			1853	146
			1854	147
			1854	148
			1855	148
			1856	149
			1857	149
			1858	150
			1858	151
			1859	151
			1860	152
			1861	153
			1862	154
			1863	155
			1864	155
			1865	156
			1866	157
			1867	158
			1868	158
			1868	159
			1869	160
			1870	161
			1871	161
			1872	162
			1873	163
			1874	164
			1875	164
			1876	165
			1877	166
			1878	167
			1879	168
			1880	169
			1881	170
			1882	171
			1883	171
			1883	172
			1884	172
			1885	173
			1886	174
			1887	175
			1888	176
			1889	176
			1890	177
			1890	178
			1891	178
			1892	179
			1893	180
			1894	181
			1895	182
			1896	183
			1897	183
			1898	184
			1899	185
			1900	186
			1901	187
			1902	187
			1903	188
			1903	189
			1904	190
			1905	191
			1906	191
			1907	192
			1908	193
			1909	194
			1910	195
			1911	195
			1912	196
			1913	197
			1913	198
			1914	199
			1915	199
			1916	200
			1917	201
			1918	202
			1919	203
			1920	203
			1921	204
			1922	205
			1923	206
			1923	207
			1924	207
			1925	208
			1926	209
			1927	210
			1928	211
			1929	211
			1930	212
			1931	213
			1932	214
			1932	215
			1933	216
			1934	216
			1935	217
			1936	218
			1937	219
			1938	220
			1939	220
			1940	221
			1941	222
			1941	223
			1942	224
			1943	224
			1944	225
			1945	226
			1946	227
			1947	228
			1948	229
			1949	229
			1949	230
			1950	231
			1951	232
			1952	233
			1953	233
			1954	234
			1955	235
			1956	236
			1956	237
			1957	238
			1958	238
			1959	239
			1960	240
			1961	241
			1962	242
			1963	243
			1964	243
			1964	244
			1965	245
			1966	246
			1967	247
			1968	247
			1969	248
			1970	249
			1971	250
			1971	251
			1972	252
			1973	252
			1974	253
			1975	254
			1976	255
			1977	256
			1977	257
			1978	257
			1979	258
			1980	259
			1981	260
			1982	261
			1983	262
			1984	262
			1984	263
			1985	264
			1986	265
			1987	266
			1988	267
			1989	267
			1990	268
			1990	269
			1991	270
			1992	271
			1993	272
			1994	272
			1995	273
			1996	274
			1996	275
			1997	276
			1998	277
			1999	277
			2000	278
			2001	279
			2001	280
			2002	281
			2003	282
			2004	282
			2005	283
			2006	284
			2007	285
			2007	286
			2008	287
			2009	288
			2010	288
			2011	289
			2012	290
			2012	291
			2013	292
			2014	293
			2015	293
			2016	294
			2017	295
			2018	296
			2018	297
			2019	298
			2020	299
			2021	299
			2022	300
			2023	301
			2023	302
			2024	303
			2025	304
			2026	305
			2027	305
			2028	306
			2028	307
			2029	308
			2030	309
			2031	310
			2032	310
			2032	311
			2033	312
			2034	313
			2035	314
			2036	315
			2037	316
			2038	317
			2039	318
			2040	319
			2041	320
			2042	321
			2043	322
			2044	323
			2044	324
			2045	324
			2046	325
			2046	326
			2047	326
			2047	327
			2048	327
			2048	328
			2049	329
			2050	329
			2050	330
			2051	331
			2052	332
			2053	333
			2054	334
			2055	335
			2056	336
			2056	337
			2057	337
			2058	338
			2059	339
			2060	340
			2061	341
			2062	342
			2062	343
			2063	344
			2064	345
			2065	346
			2066	347
			2067	347
			2067	348
			2068	349
			2069	350
			2070	351
			2071	352
			2072	353
			2072	354
			2073	355
			2074	356
			2075	356
			2076	357
			2076	358
			2077	359
			2078	360
			2079	361
			2080	362
			2081	363
			2081	364
			2082	365
			2083	366
			2084	366
			2085	367
			2085	368
			2086	369
			2087	370
			2088	371
			2089	372
			2090	373
			2090	374
			2091	375
			2092	376
			2093	377
			2094	377
			2094	378
			2095	379
			2096	380
			2097	381
			2098	382
			2098	383
			2099	384
			2100	385
			2101	386
			2102	387
			2102	388
			2103	388
			2104	389
			2105	390
			2106	391
			2106	392
			2107	393
			2108	394
			2109	395
			2110	396
			2110	397
			2111	398
			2112	399
			2113	400
			2114	400
			2114	401
			2115	402
			2116	403
			2117	404
			2118	405
			2118	406
			2119	407
			2120	408
			2121	409
			2121	410
			2122	411
			2123	412
			2124	412
			2125	413
			2125	414
			2126	415
			2127	416
			2128	417
			2129	418
			2129	419
			2130	420
			2131	421
			2132	422
			2132	423
			2133	424
			2134	425
			2135	426
			2136	426
			2136	427
			2137	428
			2138	429
			2139	430
			2139	431
			2140	432
			2141	433
			2142	434
			2142	435
			2143	436
			2144	437
			2145	438
			2146	439
			2146	440
			2147	441
			2148	442
			2149	442
			2149	443
			2150	444
			2151	445
			2152	446
			2152	447
			2153	448
			2154	449
			2155	450
			2155	451
			2156	452
			2157	453
			2158	454
			2158	455
			2159	456
			2160	457
			2161	458
			2161	459
			2162	460
			2163	460
			2164	461
			2164	462
			2165	463
			2166	464
			2167	465
			2167	466
			2168	467
			2169	468
			2170	469
			2170	470
			2171	471
			2172	472
			2173	473
			2173	474
			2174	475
			2175	476
			2176	477
			2176	478
			2177	479
			2178	480
			2179	481
			2180	482
			2181	483
			2181	484
			2182	484
			2182	485
			2183	486
			2183	487
			2184	487
			2184	488
			2185	489
			2186	490
			2187	491
			2187	492
			2188	493
			2189	494
			2189	495
			2190	496
			2191	496
			2191	497
			2192	498
			2193	499
			2193	500
			2194	501
			2195	502
			2196	503
			2197	504
			2197	505
			2198	506
			2199	507
			2199	508
			2200	509
			2201	510
			2202	511
			2202	512
			2203	513
			2204	514
			2205	515
			2205	516
			2206	517
			2207	518
			2208	519
			2208	520
			2209	521
			2210	522
			2211	523
			2211	524
			2212	525
			2213	526
			2213	527
			2214	528
			2214	529
			2215	529
			2215	530
			2216	531
			2217	532
			2217	533
			2218	534
			2219	535
			2220	536
			2220	537
			2221	538
			2222	539
			2222	540
			2223	541
			2224	542
			2224	543
			2225	543
			2225	544
			2226	545
			2227	546
			2227	547
			2228	548
			2229	549
			2229	550
			2230	551
			2231	552
			2232	553
			2233	554
			2233	555
			2233	556
			2234	556
			2234	557
			2235	558
			2236	559
			2236	560
			2237	561
			2238	562
			2238	563
			2239	564
			2239	565
			2240	565
			2241	566
			2241	567
			2242	568
			2243	569
			2243	570
			2244	571
			2245	572
			2245	573
			2246	574
			2246	575
			2247	576
			2248	577
			2249	578
			2249	579
			2250	580
			2251	581
			2252	582
			2252	583
			2253	584
			2253	585
			2254	586
			2255	587
			2255	588
			2256	589
			2257	590
			2257	591
			2258	592
			2259	593
			2259	594
			2260	595
			2260	596
			2261	597
			2262	598
			2262	599
			2263	600
			2264	601
			2264	602
			2265	603
			2266	604
			2266	605
			2267	606
			2267	607
			2268	608
			2269	609
			2269	610
			2270	611
			2271	611
			2271	612
			2272	613
			2272	614
			2273	615
			2274	616
			2274	617
			2275	618
			2276	619
			2276	620
			2277	621
			2277	622
			2278	623
			2279	624
			2279	625
			2280	626
			2280	627
			2281	628
			2282	629
			2282	630
			2283	631
			2284	632
			2284	633
			2285	634
			2285	635
			2286	636
			2287	637
			2287	638
			2288	639
			2288	640
			2289	641
			2290	642
			2290	643
			2291	644
			2291	645
			2292	646
			2293	647
			2293	648
			2294	649
			2294	650
			2295	651
			2296	652
			2296	653
			2297	654
			2297	655
			2298	656
			2299	657
			2299	658
			2300	659
			2301	660
			2301	661
			2302	662
			2303	663
			2304	664
			2305	665
			2305	666
			2305	667
			2306	668
			2307	669
			2308	670
			2308	671
			2309	672
			2310	673
			2310	674
			2311	674
			2311	675
			2312	676
			2312	677
			2313	678
			2314	679
			2315	680
			2315	681
			2316	682
			2317	683
			2317	684
			2318	685
			2319	686
			2319	687
			2320	688
			2321	689
			2321	690
			2322	691
			2323	692
			2323	693
			2324	694
			2325	695
			2325	696
			2326	697
			2327	698
			2327	699
			2328	700
			2328	701
			2329	702
			2330	703
			2331	704
			2331	705
			2332	706
			2332	707
			2333	707
			2333	708
			2334	709
			2335	710
			2336	711
			2336	712
			2337	713
			2337	714
			2338	715
			2339	716
			2340	717
			2340	718
			2341	719
			2341	720
			2342	721
			2343	722
			2343	723
			2344	724
			2345	725
			2345	726
			2346	727
			2347	728
			2347	729
			2348	730
			2349	731
			2349	732
			2350	733
			2350	734
			2351	735
			2352	736
			2352	737
			2353	738
			2354	739
			2354	740
			2355	741
			2355	742
			2356	743
			2357	744
			2357	745
			2358	746
			2359	747
			2359	748
			2360	749
			2360	750
			2361	751
			2362	752
			2363	753
			2363	754
			2364	755
			2364	756
			2365	756
			2365	757
			2366	758
			2366	759
			2367	760
			2368	761
			2368	762
			2369	763
			2369	764
			2370	765
			2371	766
			2371	767
			2372	768
			2373	769
			2373	770
			2374	771
			2375	772
			2375	773
			2376	774
			2376	775
			2377	776
			2378	777
			2378	778
			2379	779
			2379	780
			2380	781
			2381	782
			2381	783
			2382	784
			2382	785
			2383	786
			2384	787
			2384	788
			2385	789
			2385	790
			2386	791
			2387	792
			2387	793
			2388	794
			2388	795
			2389	796
			2389	797
			2390	798
			2391	799
			2391	800
			2392	800
			2392	801
			2393	802
			2393	803
			2394	804
			2395	805
			2395	806
			2396	807
			2396	808
			2397	809
			2397	810
			2398	811
			2399	812
			2399	813
			2400	814
			2400	815
			2401	816
			2401	817
			2402	818
			2402	819
			2403	820
			2404	821
			2404	822
			2405	823
			2405	824
			2406	824
			2406	825
			2407	826
			2407	827
			2408	828
			2409	829
			2409	830
			2410	831
			2410	832
			2411	833
			2411	834
			2412	835
			2412	836
			2413	837
			2413	838
			2414	839
			2414	840
			2415	841
			2416	842
			2416	843
			2417	844
			2417	845
			2418	846
			2419	847
			2419	848
			2420	849
			2420	850
			2421	851
			2421	852
			2422	853
			2422	854
			2423	855
			2424	856
			2424	857
			2425	858
			2425	859
			2426	860
			2426	861
			2427	862
			2427	863
			2428	864
			2428	865
			2429	866
			2429	867
			2430	868
			2430	869
			2431	869
			2431	870
			2432	871
			2432	872
			2433	873
			2433	874
			2434	875
			2434	876
			2435	877
			2435	878
			2436	879
			2436	880
			2437	881
			2437	882
			2438	883
			2438	884
			2439	885
			2439	886
			2440	886
			2440	887
			2441	888
			2441	889
			2442	890
			2442	891
			2443	892
			2443	893
			2444	894
			2444	895
			2444	896
			2445	897
			2445	898
			2446	899
			2446	900
			2447	900
			2447	901
			2448	902
			2448	903
			2449	904
			2449	905
			2450	906
			2450	907
			2450	908
			2451	909
			2451	910
			2452	911
			2452	912
			2453	912
			2453	913
			2454	914
			2454	915
			2455	916
			2455	917
			2455	918
			2456	919
			2456	920
			2457	921
			2457	922
			2458	923
			2458	924
			2459	925
			2459	926
			2460	927
			2460	928
			2461	929
			2461	930
			2462	931
			2462	932
			2463	933
			2463	934
			2464	935
			2464	936
			2464	937
			2465	938
			2465	939
			2466	940
			2466	941
			2467	942
			2467	943
			2468	944
			2468	945
			2468	946
			2469	946
			2469	947
			2469	948
			2470	948
			2470	949
			2470	950
			2471	951
			2471	952
			2472	953
			2472	954
			2472	955
			2473	956
			2473	957
			2474	958
			2474	959
			2475	960
			2475	961
			2475	962
			2476	963
			2476	964
			2477	965
			2477	966
			2477	967
			2478	967
			2478	968
			2479	969
			2479	970
			2479	971
			2480	972
			2480	973
			2481	974
			2481	975
			2481	976
			2482	977
			2482	978
			2483	979
			2483	980
			2483	981
			2484	981
			2484	982
			2484	983
			2485	984
			2485	985
			2486	986
			2486	987
			2486	988
			2487	989
			2487	990
			2487	991
			2488	992
			2488	993
			2489	994
			2489	995
			2489	996
			2490	996
			2490	997
			2490	998
			2491	999
			2491	1000
			2491	1001
			2492	1002
			2492	1003
			2492	1004
			2493	1004
			2493	1005
			2493	1006
			2493	1007
			2494	1007
			2494	1008
			2494	1009
			2495	1010
			2495	1011
			2495	1012
			2496	1013
			2496	1014
			2497	1015
			2497	1016
			2497	1017
			2497	1018
			2498	1019
			2498	1020
			2499	1021
			2499	1022
			2499	1023
			2500	1024
			2500	1025
			2500	1026
			2501	1027
			2501	1028
			2501	1029
			2502	1030
			2502	1031
			2502	1032
			2503	1033
			2503	1034
			2503	1035
			2504	1036
			2504	1037
			2504	1038
			2505	1039
			2505	1040
			2505	1041
			2506	1042
			2506	1043
			2506	1044
			2507	1045
			2507	1046
			2507	1047
			2507	1048
			2508	1048
			2508	1049
			2508	1050
			2508	1051
			2509	1052
			2509	1053
			2509	1054
			2510	1055
			2510	1056
			2510	1057
			2511	1058
			2511	1059
			2511	1060
			2511	1061
			2512	1062
			2512	1063
			2512	1064
			2512	1065
			2513	1066
			2513	1067
			2513	1068
			2514	1069
			2514	1070
			2514	1071
			2515	1072
			2515	1073
			2515	1074
			2515	1075
			2516	1076
			2516	1077
			2516	1078
			2516	1079
			2517	1080
			2517	1081
			2517	1082
			2517	1083
			2518	1084
			2518	1085
			2518	1086
			2518	1087
			2519	1088
			2519	1089
			2519	1090
			2519	1091
			2519	1092
			2520	1093
			2520	1094
			2520	1095
			2520	1096
			2521	1096
			2521	1097
			2521	1098
			2521	1099
			2521	1100
			2522	1101
			2522	1102
			2522	1103
			2522	1104
			2522	1105
			2523	1106
			2523	1107
			2523	1108
			2523	1109
			2523	1110
			2524	1111
			2524	1112
			2524	1113
			2524	1114
			2524	1115
			2524	1116
			2525	1117
			2525	1118
			2525	1119
			2525	1120
			2525	1121
			2526	1122
			2526	1123
			2526	1124
			2526	1125
			2526	1126
			2526	1127
			2527	1128
			2527	1129
			2527	1130
			2527	1131
			2527	1132
			2527	1133
			2527	1134
			2528	1135
			2528	1136
			2528	1137
			2528	1138
			2528	1139
			2528	1140
			2528	1141
			2528	1142
			2529	1143
			2529	1144
			2529	1145
			2529	1146
			2529	1147
			2529	1148
			2529	1149
			2529	1150
			2530	1151
			2530	1152
			2530	1153
			2530	1154
			2530	1155
			2530	1156
			2530	1157
			2530	1158
			2530	1159
			2530	1160
			2530	1161
			2531	1162
			2531	1163
			2531	1164
			2531	1165
			2531	1166
			2531	1167
			2531	1168
			2531	1169
			2531	1170
			2531	1171
			2531	1172
			2531	1173
			2531	1174
			2531	1175
			2531	1176
			2531	1177
			2531	1178
			2531	1179
			2531	1180
			2532	1181
			2532	1182
			2532	1183
			2532	1184
			2532	1185
			2532	1186
			2532	1187
			2532	1188
			2532	1189
			2532	1190
			2532	1191
			2532	1192
			2532	1193
			2532	1194
			2532	1195
			2532	1196
			2532	1197
			2532	1198
			2531	1199
			2531	1200
			2531	1201
			2531	1202
			2531	1203
			2531	1204
			2531	1205
			2531	1206
			2531	1207
			2531	1208
			2531	1209
			2531	1210
			2531	1211
			2531	1212
			2531	1213
			2531	1214
			2531	1215
			2531	1216
			2530	1217
			2530	1218
			2530	1219
			2530	1220
			2530	1221
			2530	1222
			2530	1223
			2529	1224
			2528	1225
			2527	1226
			2527	1227
			2527	1228
			2526	1228
			2526	1229
			2525	1230
			2525	1231
			2524	1232
			2523	1233
			2523	1234
			2522	1235
			2521	1236
			2521	1237
			2520	1238
			2520	1239
			2519	1240
			2518	1241
			2518	1242
			2517	1243
			2516	1244
			2515	1245
			2515	1246
			2514	1247
			2514	1248
			2513	1249
			2512	1250
			2512	1251
			2511	1252
			2511	1253
			2510	1253
			2510	1254
			2509	1255
			2509	1256
			2508	1256
			2508	1257
			2507	1258
			2507	1259
			2506	1259
			2506	1260
			2506	1261
			2505	1261
			2505	1262
			2504	1263
			2504	1264
			2503	1264
			2503	1265
			2502	1266
			2502	1267
			2501	1267
			2501	1268
			2500	1269
			2499	1270
			2498	1271
			2498	1272
			2497	1273
			2496	1274
			2496	1275
			2495	1276
			2494	1277
			2493	1278
			2493	1279
			2492	1280
			2491	1281
			2491	1282
			2490	1283
			2489	1284
			2489	1285
			2488	1286
			2487	1287
			2487	1288
			2486	1289
			2485	1290
			2485	1291
			2484	1292
			2483	1293
			2482	1293
			2482	1294
			2481	1295
			2480	1296
			2480	1297
			2479	1298
			2478	1299
			2478	1300
			2477	1301
			2476	1302
			2475	1303
			2474	1304
			2473	1305
			2473	1306
			2472	1307
			2471	1308
			2470	1309
			2470	1310
			2469	1310
			2469	1311
			2468	1312
			2468	1313
			2467	1314
			2466	1315
			2465	1316
			2464	1317
			2463	1318
			2462	1319
			2461	1320
			2461	1321
			2460	1322
			2459	1323
			2458	1324
			2457	1325
			2456	1326
			2455	1327
			2455	1328
			2454	1329
			2453	1330
			2452	1331
			2451	1332
			2450	1333
			2449	1334
			2448	1335
			2447	1336
			2446	1337
			2446	1338
			2445	1338
			2445	1339
			2444	1340
			2443	1340
			2443	1341
			2442	1341
			2442	1342
			2441	1343
			2440	1343
			2440	1344
			2439	1344
			2439	1345
			2438	1346
			2437	1346
			2437	1347
			2436	1347
			2436	1348
			2435	1348
			2435	1349
			2434	1349
			2433	1350
			2433	1351
			2432	1351
			2432	1352
			2431	1352
			2431	1353
			2430	1353
			2429	1354
			2428	1355
			2427	1356
			2426	1357
			2425	1358
			2424	1359
			2423	1360
			2422	1361
			2421	1361
			2420	1362
			2419	1363
			2418	1364
			2417	1365
			2416	1365
			2415	1366
			2414	1367
			2413	1368
			2412	1369
			2411	1369
			2410	1370
			2409	1371
			2408	1371
			2407	1372
			2406	1373
			2405	1374
			2404	1374
			2403	1375
			2402	1376
			2401	1376
			2400	1377
			2399	1377
			2398	1378
			2397	1379
			2396	1379
			2396	1380
			2395	1380
			2394	1381
			2393	1381
			2392	1382
			2391	1383
			2390	1383
			2389	1384
			2388	1384
			2387	1385
			2386	1385
			2385	1386
			2384	1386
			2383	1386
			2382	1387
			2381	1387
			2380	1388
			2379	1389
			2378	1389
			2377	1389
			2376	1390
			2375	1390
			2374	1391
			2373	1391
			2372	1391
			2371	1391
			2371	1392
			2370	1392
			2369	1392
			2368	1392
			2367	1393
			2366	1393
			2365	1393
			2364	1394
			2363	1394
			2362	1394
			2361	1394
			2360	1395
			2359	1395
			2358	1395
			2357	1395
			2356	1395
			2356	1396
			2355	1396
			2354	1396
			2353	1396
			2352	1396
			2351	1396
			2350	1396
			2349	1396
			2348	1397
			2347	1397
			2346	1397
			2345	1397
			2344	1397
			2343	1397
			2342	1397
			2341	1397
			2340	1397
			2339	1397
			2338	1397
			2337	1397
			2336	1397
			2335	1397
			2335	1396
			2334	1396
			2333	1396
			2332	1396
			2331	1396
			2330	1396
			2329	1396
			2328	1396
			2327	1395
			2326	1395
			2325	1395
			2324	1395
			2323	1395
			2322	1394
			2321	1394
			2320	1394
			2319	1393
			2318	1393
			2317	1393
			2316	1392
			2315	1392
			2314	1392
			2313	1391
			2312	1391
			2311	1390
			2310	1390
			2309	1390
			2308	1389
			2307	1389
			2306	1388
			2305	1388
			2304	1387
			2303	1387
			2303	1386
			2302	1386
			2301	1385
			2300	1385
			2299	1384
			2298	1384
			2297	1383
			2296	1383
			2295	1382
			2294	1381
			2293	1381
			2293	1380
			2292	1380
			2291	1379
			2290	1378
			2289	1378
			2288	1377
			2287	1376
			2286	1376
			2285	1375
			2285	1374
			2284	1373
			2283	1373
			2282	1372
			2281	1371
			2280	1370
			2279	1369
			2278	1369
			2278	1368
			2277	1367
			2276	1366
			2275	1365
			2274	1364
			2273	1363
			2272	1362
			2271	1362
			2271	1361
			2270	1360
			2269	1359
			2268	1358
			2267	1357
			2266	1356
			2265	1355
			2265	1354
			2264	1353
			2263	1352
			2262	1351
			2261	1350
			2260	1349
			2260	1348
			2259	1347
			2258	1346
			2257	1345
			2257	1344
			2256	1343
			2256	1342
			2255	1341
			2254	1340
			2253	1339
			2252	1338
			2252	1337
			2251	1336
			2250	1335
			2250	1334
			2249	1333
			2249	1332
			2248	1331
		</Profile>
		<Eye type=matrix rownames=FALSE colnames=FALSE nrow=2522 ncol=2 as.numeric=TRUE >
			1636	815
			1635	816
			1634	816
			1633	817
			1632	818
			1631	818
			1630	819
			1629	820
			1628	820
			1627	821
			1626	822
			1625	823
			1624	823
			1623	824
			1622	824
			1621	825
			1620	825
			1620	826
			1619	827
			1618	827
			1617	828
			1616	828
			1615	829
			1614	830
			1613	830
			1612	831
			1611	832
			1610	832
			1609	833
			1608	833
			1607	834
			1606	835
			1605	835
			1604	836
			1603	836
			1602	837
			1601	838
			1600	838
			1599	839
			1598	839
			1597	840
			1596	840
			1595	841
			1594	842
			1593	842
			1592	843
			1591	843
			1590	844
			1589	845
			1588	845
			1587	846
			1586	846
			1585	847
			1584	847
			1583	848
			1582	848
			1581	849
			1580	849
			1579	850
			1578	851
			1577	851
			1576	852
			1575	852
			1574	853
			1573	853
			1572	854
			1571	854
			1570	855
			1569	855
			1568	856
			1567	856
			1566	857
			1565	857
			1564	857
			1563	858
			1562	859
			1561	859
			1560	859
			1559	860
			1558	860
			1558	861
			1557	861
			1556	862
			1555	862
			1554	862
			1553	863
			1552	863
			1551	864
			1550	864
			1549	865
			1548	865
			1547	866
			1546	866
			1545	866
			1545	867
			1544	867
			1543	867
			1543	868
			1542	868
			1541	868
			1540	869
			1539	869
			1538	870
			1537	870
			1536	870
			1535	871
			1534	871
			1533	872
			1532	872
			1531	873
			1530	873
			1529	873
			1528	874
			1527	874
			1526	874
			1525	875
			1524	876
			1523	876
			1522	876
			1521	877
			1520	877
			1519	877
			1518	878
			1517	878
			1516	878
			1516	879
			1515	879
			1514	879
			1513	880
			1512	880
			1511	880
			1510	881
			1509	881
			1508	881
			1507	882
			1506	882
			1505	882
			1504	883
			1503	883
			1502	883
			1501	884
			1500	884
			1499	884
			1498	885
			1497	885
			1496	885
			1495	886
			1494	886
			1493	886
			1492	887
			1491	887
			1490	887
			1489	888
			1488	888
			1487	888
			1486	889
			1485	889
			1484	889
			1483	890
			1482	890
			1481	890
			1480	890
			1479	891
			1478	891
			1477	891
			1476	892
			1475	892
			1474	892
			1473	893
			1472	893
			1471	893
			1470	893
			1469	894
			1468	894
			1467	894
			1466	894
			1465	895
			1464	895
			1463	895
			1462	896
			1461	896
			1460	896
			1459	896
			1458	897
			1457	897
			1456	897
			1455	897
			1454	897
			1453	898
			1452	898
			1451	898
			1450	898
			1449	899
			1448	899
			1447	899
			1446	899
			1445	899
			1444	900
			1443	900
			1442	900
			1441	900
			1440	901
			1439	901
			1438	901
			1437	901
			1436	901
			1435	902
			1434	902
			1433	902
			1432	902
			1431	902
			1430	903
			1429	903
			1428	903
			1427	903
			1426	903
			1425	903
			1424	904
			1423	904
			1422	904
			1421	904
			1420	904
			1419	904
			1418	905
			1417	905
			1416	905
			1415	905
			1414	905
			1413	905
			1412	906
			1411	906
			1410	906
			1409	906
			1408	906
			1407	906
			1406	906
			1405	906
			1404	907
			1403	907
			1402	907
			1401	907
			1400	907
			1399	907
			1398	907
			1397	907
			1396	908
			1395	908
			1394	908
			1393	908
			1392	908
			1391	908
			1390	908
			1389	908
			1388	908
			1387	909
			1386	909
			1385	909
			1384	909
			1383	909
			1382	909
			1381	909
			1380	909
			1379	909
			1378	909
			1377	909
			1376	910
			1375	910
			1374	910
			1373	910
			1372	910
			1371	910
			1370	910
			1369	910
			1368	910
			1367	910
			1366	910
			1365	910
			1364	910
			1363	910
			1362	910
			1361	910
			1360	910
			1359	911
			1358	911
			1357	911
			1356	911
			1355	911
			1354	911
			1353	911
			1352	911
			1351	911
			1350	911
			1349	911
			1348	911
			1347	911
			1346	911
			1345	911
			1344	911
			1343	911
			1342	911
			1341	911
			1340	911
			1339	911
			1338	911
			1337	911
			1336	911
			1335	911
			1334	911
			1333	911
			1332	911
			1331	911
			1330	911
			1329	911
			1328	911
			1327	911
			1326	911
			1325	911
			1324	911
			1323	911
			1322	911
			1321	911
			1320	911
			1319	911
			1318	911
			1317	911
			1316	911
			1315	911
			1314	911
			1313	911
			1312	911
			1311	910
			1310	910
			1309	910
			1308	910
			1307	910
			1306	910
			1305	910
			1304	910
			1303	910
			1302	910
			1301	910
			1300	910
			1299	910
			1298	910
			1297	910
			1296	910
			1295	910
			1294	909
			1293	909
			1292	909
			1291	909
			1290	909
			1289	909
			1288	909
			1287	909
			1286	909
			1285	909
			1284	909
			1283	909
			1282	908
			1281	908
			1280	908
			1279	908
			1278	908
			1277	908
			1276	908
			1275	908
			1274	908
			1273	907
			1272	907
			1271	907
			1270	907
			1269	907
			1268	907
			1267	907
			1266	907
			1265	907
			1264	906
			1263	906
			1262	906
			1261	906
			1260	906
			1259	906
			1258	906
			1257	905
			1256	905
			1255	905
			1254	905
			1253	905
			1252	905
			1251	905
			1250	904
			1249	904
			1248	904
			1247	904
			1246	904
			1245	904
			1244	904
			1244	903
			1243	903
			1242	903
			1241	903
			1240	903
			1239	903
			1238	902
			1237	902
			1236	902
			1235	902
			1234	902
			1233	902
			1232	901
			1231	901
			1230	901
			1229	901
			1228	901
			1227	900
			1226	900
			1225	900
			1224	900
			1223	900
			1222	900
			1221	899
			1220	899
			1219	899
			1218	899
			1217	899
			1216	898
			1215	898
			1214	898
			1213	898
			1212	898
			1211	897
			1210	897
			1209	897
			1208	897
			1207	896
			1206	896
			1205	896
			1204	896
			1203	896
			1202	895
			1201	895
			1200	895
			1199	895
			1198	894
			1197	894
			1196	894
			1195	894
			1194	893
			1193	893
			1192	893
			1191	893
			1190	892
			1189	892
			1188	892
			1187	892
			1186	891
			1185	891
			1184	891
			1183	891
			1182	890
			1181	890
			1180	890
			1179	890
			1178	889
			1177	889
			1176	889
			1175	889
			1174	888
			1173	888
			1172	888
			1171	887
			1170	887
			1169	887
			1168	887
			1167	886
			1166	886
			1165	886
			1164	885
			1163	885
			1162	885
			1161	885
			1160	884
			1159	884
			1158	884
			1157	883
			1156	883
			1155	882
			1154	882
			1153	881
			1152	881
			1151	881
			1151	880
			1150	880
			1149	880
			1148	879
			1147	879
			1146	878
			1145	878
			1144	877
			1143	877
			1142	876
			1141	876
			1140	876
			1139	875
			1138	875
			1137	874
			1136	874
			1135	873
			1134	873
			1133	872
			1132	871
			1131	871
			1130	871
			1129	870
			1128	870
			1127	869
			1126	869
			1125	868
			1124	868
			1123	867
			1122	867
			1121	866
			1120	866
			1119	865
			1118	865
			1118	864
			1117	864
			1116	863
			1115	863
			1114	863
			1113	862
			1112	862
			1111	861
			1110	861
			1110	860
			1109	860
			1108	859
			1107	859
			1106	858
			1105	858
			1104	857
			1103	857
			1103	856
			1102	856
			1101	855
			1100	855
			1099	854
			1098	854
			1097	853
			1096	852
			1095	852
			1094	851
			1093	850
			1092	850
			1091	849
			1090	849
			1089	848
			1088	847
			1087	847
			1086	846
			1085	846
			1084	845
			1083	844
			1082	844
			1081	843
			1080	842
			1079	842
			1078	841
			1077	841
			1076	840
			1075	839
			1074	839
			1073	838
			1072	837
			1071	837
			1070	836
			1069	835
			1068	835
			1067	834
			1066	833
			1065	833
			1064	832
			1063	831
			1062	831
			1061	830
			1060	829
			1059	829
			1058	828
			1058	827
			1057	827
			1056	826
			1055	825
			1054	825
			1053	824
			1052	823
			1051	823
			1050	822
			1049	821
			1048	821
			1047	820
			1046	819
			1045	818
			1044	817
			1043	816
			1042	816
			1041	815
			1040	814
			1039	813
			1038	813
			1037	812
			1036	811
			1035	810
			1034	809
			1033	809
			1032	808
			1031	807
			1030	806
			1029	806
			1029	805
			1028	804
			1027	803
			1026	803
			1025	802
			1024	801
			1023	800
			1022	799
			1021	798
			1020	797
			1019	796
			1018	795
			1017	794
			1016	793
			1015	792
			1014	791
			1013	791
			1012	790
			1011	789
			1010	788
			1009	787
			1008	786
			1007	785
			1006	784
			1005	783
			1004	782
			1003	781
			1002	781
			1002	780
			1001	779
			1000	778
			999	777
			998	776
			997	775
			996	774
			995	773
			994	772
			993	771
			992	770
			991	769
			991	768
			990	768
			990	767
			989	766
			988	766
			988	765
			987	764
			986	763
			985	762
			984	761
			983	760
			983	759
			982	758
			981	757
			980	756
			979	755
			978	754
			978	753
			977	752
			976	751
			975	750
			974	749
			974	748
			973	747
			972	746
			971	745
			971	744
			970	743
			969	742
			968	741
			967	740
			966	739
			966	738
			965	737
			964	736
			963	735
			962	734
			962	733
			961	732
			961	731
			960	730
			959	729
			958	728
			957	727
			957	726
			956	725
			956	724
			955	724
			955	723
			954	722
			954	721
			953	720
			952	719
			951	718
			951	717
			950	716
			950	715
			949	715
			949	714
			948	713
			948	712
			947	712
			947	711
			946	710
			946	709
			945	708
			944	707
			944	706
			943	705
			943	704
			942	703
			942	702
			941	701
			940	700
			940	699
			939	698
			939	697
			938	696
			938	695
			937	694
			936	693
			935	692
			935	691
			935	690
			934	689
			933	688
			933	687
			932	686
			932	685
			931	684
			931	683
			930	682
			930	681
			929	681
			929	680
			929	679
			928	678
			928	677
			927	676
			927	675
			926	675
			926	674
			925	673
			925	672
			925	671
			924	670
			924	669
			923	668
			922	667
			922	666
			921	665
			921	664
			921	663
			920	662
			920	661
			919	660
			919	659
			919	658
			918	657
			917	656
			917	655
			917	654
			916	653
			916	652
			915	651
			915	650
			915	649
			914	648
			914	647
			913	646
			913	645
			912	644
			912	643
			911	642
			911	641
			911	640
			910	639
			910	638
			909	637
			909	636
			909	635
			908	634
			908	633
			908	632
			907	631
			907	630
			906	629
			906	628
			906	627
			905	626
			905	625
			905	624
			904	623
			904	622
			903	621
			903	620
			903	619
			903	618
			902	617
			902	616
			901	615
			901	614
			901	613
			901	612
			900	611
			900	610
			900	609
			899	608
			899	607
			899	606
			898	605
			898	604
			898	603
			897	602
			897	601
			897	600
			896	599
			896	598
			896	597
			896	596
			895	595
			895	594
			895	593
			894	592
			894	591
			894	590
			894	589
			893	588
			893	587
			893	586
			892	585
			892	584
			892	583
			892	582
			891	581
			891	580
			891	579
			891	578
			890	577
			890	576
			890	575
			890	574
			889	573
			889	572
			889	571
			889	570
			888	569
			888	568
			888	567
			888	566
			887	565
			887	564
			887	563
			887	562
			886	561
			886	560
			886	559
			886	558
			886	557
			885	556
			885	555
			885	554
			885	553
			885	552
			884	552
			884	551
			884	550
			884	549
			884	548
			884	547
			883	546
			883	545
			883	544
			883	543
			883	542
			883	541
			882	540
			882	539
			882	538
			882	537
			882	536
			881	536
			881	535
			881	534
			881	533
			881	532
			881	531
			881	530
			881	529
			881	528
			882	527
			882	526
			882	525
			882	524
			882	523
			882	522
			882	521
			882	520
			883	519
			883	518
			883	517
			883	516
			883	515
			883	514
			883	513
			883	512
			883	511
			884	510
			884	509
			884	508
			884	507
			884	506
			884	505
			884	504
			885	503
			885	502
			885	501
			885	500
			885	499
			885	498
			885	497
			886	496
			886	495
			886	494
			886	493
			886	492
			886	491
			887	490
			887	489
			887	488
			887	487
			887	486
			887	485
			887	484
			888	483
			888	482
			888	481
			888	480
			888	479
			888	478
			889	477
			889	476
			889	475
			889	474
			889	473
			890	472
			890	471
			890	470
			890	469
			890	468
			890	467
			891	466
			891	465
			891	464
			891	463
			891	462
			892	461
			892	460
			892	459
			892	458
			892	457
			893	456
			893	455
			893	454
			893	453
			894	452
			894	451
			894	450
			894	449
			894	448
			895	447
			895	446
			895	445
			895	444
			895	443
			896	442
			896	441
			896	440
			896	439
			897	438
			897	437
			897	436
			897	435
			898	434
			898	433
			898	432
			898	431
			898	430
			899	429
			899	428
			899	427
			900	426
			900	425
			900	424
			900	423
			901	422
			901	421
			901	420
			901	419
			902	418
			902	417
			902	416
			903	415
			903	414
			903	413
			903	412
			904	411
			904	410
			904	409
			904	408
			905	407
			905	406
			905	405
			906	404
			906	403
			906	402
			906	401
			907	400
			907	399
			907	398
			908	397
			908	396
			908	395
			909	394
			909	393
			909	392
			910	391
			910	390
			910	389
			911	388
			911	387
			911	386
			911	385
			912	384
			912	383
			913	382
			913	381
			913	380
			914	379
			914	378
			914	377
			915	376
			915	375
			915	374
			916	373
			916	372
			916	371
			917	370
			917	369
			917	368
			918	367
			918	366
			918	365
			919	364
			920	363
			920	362
			920	361
			921	360
			921	359
			921	358
			922	357
			922	356
			923	355
			923	354
			923	353
			924	352
			924	351
			924	350
			925	349
			925	348
			926	347
			926	346
			926	345
			927	344
			927	343
			928	342
			928	341
			929	340
			929	339
			929	338
			930	337
			930	336
			931	335
			931	334
			932	333
			932	332
			932	331
			933	331
			933	330
			933	329
			934	328
			934	327
			935	326
			935	325
			936	324
			936	323
			937	322
			937	321
			938	320
			938	319
			939	318
			939	317
			940	316
			940	315
			941	314
			941	313
			942	312
			942	311
			942	310
			943	309
			943	308
			944	307
			944	306
			945	305
			945	304
			946	304
			946	303
			947	302
			947	301
			948	300
			948	299
			949	298
			949	297
			950	296
			950	295
			951	294
			951	293
			952	292
			952	291
			953	290
			954	289
			954	288
			955	287
			955	286
			956	285
			957	284
			957	283
			958	282
			958	281
			959	280
			960	279
			960	278
			961	277
			961	276
			962	275
			962	274
			963	273
			963	272
			964	271
			965	271
			965	270
			966	269
			966	268
			967	267
			967	266
			968	265
			969	264
			969	263
			970	262
			970	261
			971	260
			972	260
			972	259
			973	258
			973	257
			974	256
			975	255
			975	254
			976	253
			976	252
			977	251
			978	250
			979	249
			980	248
			980	247
			981	246
			981	245
			982	245
			982	244
			983	243
			984	242
			984	241
			985	240
			986	239
			987	238
			987	237
			988	237
			988	236
			989	235
			989	234
			990	233
			991	232
			992	231
			993	230
			994	229
			994	228
			995	227
			996	226
			996	225
			997	224
			998	223
			999	222
			1000	221
			1001	220
			1001	219
			1002	218
			1003	217
			1004	216
			1005	215
			1005	214
			1006	213
			1007	212
			1008	211
			1009	210
			1010	209
			1010	208
			1011	207
			1012	206
			1013	205
			1014	204
			1015	203
			1016	202
			1017	201
			1018	200
			1018	199
			1019	198
			1020	198
			1020	197
			1021	196
			1022	195
			1023	194
			1024	193
			1025	192
			1025	191
			1026	190
			1027	190
			1028	189
			1028	188
			1029	188
			1030	187
			1030	186
			1031	185
			1032	185
			1032	184
			1033	183
			1034	182
			1035	182
			1035	181
			1036	180
			1037	180
			1038	179
			1038	178
			1039	177
			1040	177
			1040	176
			1041	175
			1042	175
			1043	174
			1043	173
			1044	172
			1045	172
			1046	171
			1046	170
			1047	170
			1048	169
			1049	168
			1050	167
			1051	166
			1052	165
			1053	164
			1054	164
			1055	163
			1055	162
			1056	161
			1057	160
			1058	159
			1059	159
			1060	158
			1061	157
			1062	156
			1063	155
			1064	155
			1065	154
			1066	153
			1067	152
			1067	151
			1068	151
			1069	150
			1070	149
			1071	148
			1072	147
			1073	147
			1074	146
			1075	145
			1076	144
			1077	143
			1078	143
			1079	142
			1080	141
			1081	140
			1082	140
			1083	139
			1084	138
			1085	137
			1086	136
			1087	136
			1088	135
			1089	134
			1090	134
			1091	133
			1092	133
			1093	132
			1094	132
			1094	131
			1095	131
			1096	131
			1097	130
			1098	130
			1099	129
			1100	129
			1101	128
			1102	128
			1103	128
			1103	127
			1104	127
			1105	126
			1106	126
			1107	126
			1108	125
			1109	125
			1110	124
			1111	124
			1112	124
			1113	123
			1114	122
			1115	122
			1116	122
			1117	121
			1118	121
			1119	120
			1120	120
			1121	120
			1122	119
			1123	119
			1124	118
			1125	118
			1126	118
			1127	117
			1128	117
			1129	116
			1130	116
			1131	116
			1132	115
			1133	115
			1134	115
			1134	114
			1135	114
			1136	113
			1137	113
			1138	113
			1139	112
			1140	112
			1141	112
			1142	111
			1143	111
			1144	111
			1145	110
			1146	110
			1147	110
			1148	109
			1149	109
			1150	109
			1150	108
			1151	108
			1152	108
			1153	107
			1154	107
			1155	107
			1156	106
			1157	106
			1158	106
			1159	105
			1160	105
			1161	105
			1162	104
			1163	104
			1164	104
			1165	104
			1166	103
			1167	103
			1168	102
			1169	102
			1170	102
			1171	102
			1172	101
			1173	101
			1174	101
			1175	100
			1176	100
			1177	100
			1178	99
			1179	99
			1180	99
			1181	99
			1182	98
			1183	98
			1184	98
			1185	97
			1186	97
			1187	97
			1188	97
			1189	96
			1190	96
			1191	96
			1192	96
			1193	95
			1194	95
			1195	95
			1196	95
			1197	94
			1198	94
			1199	94
			1200	94
			1201	93
			1202	93
			1203	93
			1204	93
			1205	93
			1206	92
			1207	92
			1208	92
			1209	92
			1210	91
			1211	91
			1212	91
			1213	91
			1214	91
			1215	90
			1216	90
			1217	90
			1218	90
			1219	89
			1220	89
			1221	89
			1222	89
			1223	89
			1224	88
			1225	88
			1226	88
			1227	88
			1228	88
			1229	88
			1230	87
			1231	87
			1232	87
			1233	87
			1234	87
			1235	86
			1236	86
			1237	86
			1238	86
			1239	86
			1240	86
			1241	85
			1242	85
			1243	85
			1244	85
			1245	85
			1246	85
			1247	85
			1248	85
			1249	84
			1250	84
			1251	84
			1252	84
			1253	84
			1254	84
			1255	84
			1256	83
			1257	83
			1258	83
			1259	83
			1260	83
			1261	83
			1262	83
			1263	83
			1264	83
			1265	83
			1266	82
			1267	82
			1268	82
			1269	82
			1270	82
			1271	82
			1272	82
			1273	82
			1274	82
			1275	82
			1276	82
			1277	81
			1278	81
			1279	81
			1280	81
			1281	81
			1282	81
			1283	81
			1284	81
			1285	81
			1286	81
			1287	81
			1288	81
			1289	81
			1290	81
			1291	81
			1292	81
			1293	81
			1294	81
			1295	80
			1296	80
			1297	80
			1298	80
			1299	80
			1300	80
			1301	80
			1302	80
			1303	80
			1304	80
			1305	80
			1306	80
			1307	80
			1308	80
			1309	80
			1310	80
			1311	80
			1312	80
			1313	80
			1314	80
			1315	80
			1316	80
			1317	80
			1318	80
			1319	80
			1320	80
			1321	80
			1322	80
			1323	80
			1324	80
			1325	80
			1326	80
			1327	80
			1328	80
			1329	80
			1330	81
			1331	81
			1332	81
			1333	81
			1334	81
			1335	81
			1336	81
			1337	81
			1338	81
			1339	81
			1340	81
			1341	81
			1342	81
			1343	81
			1344	81
			1345	81
			1346	81
			1347	81
			1348	82
			1349	82
			1350	82
			1351	82
			1352	82
			1353	82
			1354	82
			1355	82
			1356	82
			1357	82
			1358	82
			1359	82
			1360	83
			1361	83
			1362	83
			1363	83
			1364	83
			1365	83
			1366	83
			1367	83
			1368	83
			1369	84
			1370	84
			1371	84
			1372	84
			1373	84
			1374	84
			1375	84
			1376	84
			1377	85
			1378	85
			1379	85
			1380	85
			1381	85
			1382	85
			1383	85
			1384	86
			1385	86
			1386	86
			1387	86
			1388	86
			1389	86
			1390	86
			1391	87
			1392	87
			1393	87
			1394	87
			1395	87
			1396	87
			1397	88
			1398	88
			1399	88
			1400	88
			1401	88
			1402	89
			1403	89
			1404	89
			1405	89
			1406	89
			1407	90
			1408	90
			1409	90
			1410	90
			1411	90
			1412	91
			1413	91
			1414	91
			1415	91
			1416	91
			1417	92
			1418	92
			1419	92
			1420	92
			1421	93
			1422	93
			1423	93
			1424	93
			1425	93
			1426	94
			1427	94
			1428	94
			1429	94
			1430	95
			1431	95
			1432	95
			1433	95
			1434	96
			1435	96
			1436	96
			1437	96
			1438	97
			1439	97
			1440	97
			1441	97
			1442	98
			1443	98
			1444	98
			1445	99
			1446	99
			1447	99
			1448	99
			1449	100
			1450	100
			1451	100
			1452	101
			1453	101
			1454	101
			1455	101
			1456	102
			1457	102
			1458	102
			1459	103
			1460	103
			1461	103
			1462	104
			1463	104
			1464	104
			1465	104
			1466	105
			1467	105
			1468	105
			1469	106
			1470	106
			1471	106
			1472	107
			1473	107
			1474	107
			1475	108
			1476	108
			1477	108
			1478	109
			1479	109
			1480	109
			1481	110
			1482	110
			1483	111
			1484	111
			1485	111
			1486	112
			1487	112
			1488	112
			1489	113
			1490	113
			1491	113
			1492	114
			1493	114
			1494	115
			1495	115
			1496	115
			1497	116
			1498	116
			1499	117
			1500	117
			1501	117
			1502	118
			1503	118
			1504	118
			1505	119
			1506	119
			1507	120
			1508	120
			1509	120
			1510	121
			1511	121
			1512	122
			1513	122
			1514	123
			1515	123
			1516	123
			1517	124
			1518	124
			1519	125
			1520	125
			1521	126
			1522	126
			1523	126
			1524	127
			1525	127
			1526	128
			1527	128
			1528	129
			1529	129
			1530	130
			1531	130
			1532	130
			1533	131
			1534	131
			1535	132
			1536	132
			1537	133
			1538	133
			1539	134
			1540	134
			1541	135
			1542	135
			1543	136
			1544	136
			1545	137
			1546	137
			1547	138
			1548	138
			1549	139
			1550	139
			1551	140
			1552	140
			1553	141
			1554	141
			1555	142
			1556	142
			1557	143
			1558	143
			1559	144
			1560	144
			1561	145
			1562	145
			1562	146
			1563	146
			1564	147
			1565	148
			1566	148
			1567	149
			1568	150
			1569	151
			1570	151
			1571	152
			1572	153
			1573	153
			1574	154
			1575	155
			1576	155
			1577	156
			1578	157
			1579	158
			1580	158
			1581	159
			1582	160
			1583	160
			1584	161
			1585	162
			1586	163
			1587	163
			1588	164
			1589	165
			1590	165
			1591	166
			1592	167
			1593	168
			1594	168
			1595	169
			1596	170
			1597	171
			1598	172
			1599	172
			1599	173
			1600	173
			1601	174
			1602	175
			1603	176
			1604	177
			1605	177
			1606	178
			1607	178
			1607	179
			1608	180
			1609	180
			1610	181
			1610	182
			1611	182
			1612	183
			1613	184
			1614	184
			1614	185
			1615	186
			1616	186
			1617	187
			1618	188
			1619	189
			1620	190
			1621	190
			1622	191
			1623	192
			1624	193
			1624	194
			1625	194
			1626	195
			1627	196
			1628	197
			1629	198
			1630	198
			1631	199
			1631	200
			1632	201
			1633	202
			1634	202
			1635	203
			1636	204
			1637	205
			1637	206
			1638	206
			1639	207
			1640	208
			1641	209
			1642	210
			1643	211
			1644	212
			1645	213
			1646	214
			1647	215
			1648	216
			1649	217
			1650	218
			1651	219
			1652	220
			1653	221
			1654	222
			1655	223
			1656	224
			1657	225
			1658	226
			1659	227
			1660	228
			1661	229
			1661	230
			1662	231
			1663	232
			1664	233
			1665	234
			1666	235
			1667	236
			1668	237
			1669	238
			1670	239
			1670	240
			1671	241
			1672	242
			1673	243
			1674	244
			1674	245
			1675	246
			1676	247
			1677	248
			1678	249
			1678	250
			1679	251
			1680	252
			1681	253
			1681	254
			1682	255
			1683	256
			1684	257
			1685	258
			1686	259
			1686	260
			1687	260
			1687	261
			1688	262
			1689	263
			1689	264
			1690	265
			1691	266
			1691	267
			1692	268
			1693	269
			1694	270
			1694	271
			1695	272
			1696	273
			1696	274
			1697	275
			1698	276
			1698	277
			1699	278
			1700	279
			1700	280
			1701	281
			1702	282
			1702	283
			1703	284
			1704	285
			1704	286
			1705	287
			1706	288
			1706	289
			1707	290
			1708	291
			1708	292
			1709	293
			1709	294
			1710	295
			1711	296
			1711	297
			1712	298
			1712	299
			1713	300
			1714	301
			1714	302
			1715	303
			1715	304
			1716	305
			1717	306
			1717	307
			1718	308
			1718	309
			1719	310
			1719	311
			1720	312
			1721	313
			1721	314
			1721	315
			1722	316
			1722	317
			1723	318
			1724	319
			1724	320
			1725	321
			1725	322
			1725	323
			1726	323
			1726	324
			1726	325
			1727	326
			1728	327
			1728	328
			1728	329
			1729	330
			1729	331
			1730	332
			1730	333
			1731	333
			1731	334
			1731	335
			1732	336
			1732	337
			1733	338
			1733	339
			1734	340
			1734	341
			1734	342
			1735	343
			1735	344
			1736	345
			1736	346
			1737	347
			1737	348
			1738	349
			1738	350
			1738	351
			1739	352
			1739	353
			1739	354
			1740	355
			1740	356
			1741	357
			1741	358
			1742	359
			1742	360
			1742	361
			1743	362
			1743	363
			1743	364
			1744	365
			1744	366
			1745	367
			1745	368
			1745	369
			1746	370
			1746	371
			1746	372
			1747	373
			1747	374
			1747	375
			1748	376
			1748	377
			1748	378
			1749	379
			1749	380
			1749	381
			1750	382
			1750	383
			1750	384
			1751	385
			1751	386
			1751	387
			1752	388
			1752	389
			1752	390
			1752	391
			1753	392
			1753	393
			1753	394
			1754	395
			1754	396
			1754	397
			1754	398
			1755	399
			1755	400
			1755	401
			1755	402
			1756	403
			1756	404
			1756	405
			1757	406
			1757	407
			1757	408
			1757	409
			1758	410
			1758	411
			1758	412
			1758	413
			1758	414
			1759	415
			1759	416
			1759	417
			1759	418
			1760	419
			1760	420
			1760	421
			1760	422
			1761	423
			1761	424
			1761	425
			1761	426
			1761	427
			1761	428
			1762	429
			1762	430
			1762	431
			1762	432
			1762	433
			1763	434
			1763	435
			1763	436
			1763	437
			1763	438
			1763	439
			1764	440
			1764	441
			1764	442
			1764	443
			1764	444
			1765	445
			1765	446
			1765	447
			1765	448
			1765	449
			1765	450
			1765	451
			1766	452
			1766	453
			1766	454
			1766	455
			1766	456
			1766	457
			1766	458
			1767	459
			1767	460
			1767	461
			1767	462
			1767	463
			1767	464
			1767	465
			1767	466
			1767	467
			1767	468
			1768	468
			1768	469
			1768	470
			1768	471
			1768	472
			1768	473
			1768	474
			1768	475
			1768	476
			1768	477
			1769	478
			1769	479
			1769	480
			1769	481
			1769	482
			1769	483
			1769	484
			1769	485
			1769	486
			1769	487
			1769	488
			1769	489
			1769	490
			1769	491
			1769	492
			1770	493
			1770	494
			1770	495
			1770	496
			1770	497
			1770	498
			1770	499
			1770	500
			1770	501
			1770	502
			1770	503
			1770	504
			1770	505
			1770	506
			1770	507
			1769	508
			1769	509
			1769	510
			1769	511
			1769	512
			1769	513
			1769	514
			1769	515
			1768	516
			1768	517
			1768	518
			1768	519
			1768	520
			1768	521
			1768	522
			1768	523
			1767	523
			1767	524
			1767	525
			1767	526
			1767	527
			1767	528
			1767	529
			1767	530
			1766	531
			1766	532
			1766	533
			1766	534
			1766	535
			1766	536
			1765	537
			1765	538
			1765	539
			1765	540
			1765	541
			1765	542
			1764	543
			1764	544
			1764	545
			1764	546
			1764	547
			1764	548
			1763	548
			1763	549
			1763	550
			1763	551
			1763	552
			1763	553
			1762	554
			1762	555
			1762	556
			1762	557
			1762	558
			1762	559
			1761	560
			1761	561
			1761	562
			1761	563
			1761	564
			1760	565
			1760	566
			1760	567
			1760	568
			1759	569
			1759	570
			1759	571
			1759	572
			1759	573
			1759	574
			1758	574
			1758	575
			1758	576
			1758	577
			1758	578
			1757	578
			1757	579
			1757	580
			1757	581
			1757	582
			1756	583
			1756	584
			1756	585
			1756	586
			1755	587
			1755	588
			1755	589
			1755	590
			1755	591
			1754	592
			1754	593
			1754	594
			1754	595
			1753	595
			1753	596
			1753	597
			1753	598
			1752	599
			1752	600
			1752	601
			1752	602
			1751	603
			1751	604
			1751	605
			1751	606
			1750	607
			1750	608
			1750	609
			1749	610
			1749	611
			1749	612
			1748	613
			1748	614
			1748	615
			1748	616
			1747	617
			1747	618
			1747	619
			1746	620
			1746	621
			1746	622
			1746	623
			1745	624
			1745	625
			1745	626
			1744	627
			1744	628
			1743	629
			1743	630
			1743	631
			1743	632
			1742	633
			1742	634
			1742	635
			1741	636
			1741	637
			1741	638
			1740	639
			1740	640
			1740	641
			1739	642
			1739	643
			1739	644
			1738	645
			1738	646
			1738	647
			1737	648
			1737	649
			1736	650
			1736	651
			1736	652
			1735	652
			1735	653
			1735	654
			1734	655
			1734	656
			1734	657
			1733	658
			1733	659
			1733	660
			1732	661
			1732	662
			1731	663
			1731	664
			1731	665
			1730	666
			1730	667
			1729	668
			1729	669
			1729	670
			1728	670
			1728	671
			1728	672
			1727	673
			1727	674
			1726	675
			1726	676
			1726	677
			1725	678
			1725	679
			1724	680
			1724	681
			1723	682
			1723	683
			1723	684
			1722	685
			1722	686
			1721	687
			1721	688
			1720	688
			1720	689
			1720	690
			1719	691
			1719	692
			1718	693
			1718	694
			1717	695
			1717	696
			1717	697
			1716	698
			1716	699
			1715	699
			1715	700
			1714	701
			1714	702
			1713	703
			1713	704
			1712	705
			1712	706
			1712	707
			1711	708
			1711	709
			1710	709
			1710	710
			1709	711
			1709	712
			1708	713
			1708	714
			1707	715
			1707	716
			1706	717
			1705	718
			1705	719
			1704	720
			1704	721
			1703	722
			1703	723
			1702	724
			1702	725
			1701	726
			1701	727
			1700	728
			1700	729
			1699	730
			1698	731
			1698	732
			1697	732
			1697	733
			1696	734
			1696	735
			1695	736
			1695	737
			1694	738
			1694	739
			1693	740
			1692	741
			1691	742
			1691	743
			1690	744
			1690	745
			1689	746
			1688	747
			1688	748
			1687	749
			1687	750
			1686	750
			1686	751
			1685	752
			1685	753
			1684	753
			1684	754
			1683	755
			1683	756
			1682	756
			1682	757
			1681	758
			1681	759
			1680	759
			1680	760
			1679	761
			1678	762
			1678	763
			1677	764
			1677	765
			1676	766
			1675	767
			1675	768
			1674	768
			1673	769
			1673	770
			1672	771
			1672	772
			1671	773
			1670	774
			1669	775
			1668	776
			1667	777
			1667	778
			1666	779
			1665	780
			1665	781
			1664	782
			1663	783
			1662	784
			1661	785
			1661	786
			1660	787
			1660	788
			1659	788
			1658	789
			1658	790
			1657	790
			1657	791
			1656	792
			1655	793
			1654	794
			1653	795
			1652	796
			1652	797
			1651	798
			1650	799
			1650	800
			1649	801
			1648	801
			1647	802
			1647	803
			1646	804
			1645	805
			1644	806
			1644	807
			1643	807
			1642	808
			1641	809
			1641	810
			1640	811
			1639	812
			1638	812
			1638	813
			1637	814
			1636	815
		</Eye>
	</curves.pixel>
	<ruler.points type=matrix rownames=TRUE colnames=FALSE nrow=2 ncol=2 as.numeric=TRUE >
		Ruler point 1	2	1894
		Ruler point 2	104	1894
	</ruler.points>
</shapes>

