<shapes type=list>
	<scaling type=logical names=FALSE length=1 as.numeric=FALSE >NA</scaling>
	<landmarks.pixel type=matrix rownames=TRUE colnames=FALSE nrow=11 ncol=2 as.numeric=TRUE >
		LM1Forehead	1657	472
		LM2UJFront	2073	1454
		LM3UJBack	1582	1548
		LM4LacOrb	1618	1079
		LM5QJoint	1512	1580
		LM6IOPL	1480	1704
		LM7IOPSOP	582	1693
		LM8A2A1	894	1262
		LM9A1A3	843	925
		LM10TopMuscR	734	718
		LM11TopMuscL	332	625
	</landmarks.pixel>
	<curves.control type=list>
		<Profile type=matrix rownames=FALSE colnames=FALSE nrow=7 ncol=2 as.numeric=TRUE >
			1657	472
			1874	685
			2039	858
			2204	1179
			2230	1335
			2156	1552
			2073	1454
		</Profile>
		<Eye type=matrix rownames=FALSE colnames=FALSE nrow=13 ncol=2 as.numeric=TRUE >
			1618	1079
			1436	1192
			1224	1149
			1033	1062
			1007	871
			989	637
			1137	520
			1358	407
			1536	529
			1684	594
			1736	806
			1736	984
			1618	1079
		</Eye>
	</curves.control>
	<curves.pixel type=list>
		<Profile type=matrix rownames=FALSE colnames=FALSE nrow=1166 ncol=2 as.numeric=TRUE >
			1657	472
			1658	473
			1659	474
			1660	475
			1661	476
			1662	477
			1663	478
			1664	479
			1665	480
			1666	481
			1667	482
			1668	483
			1669	484
			1670	485
			1671	486
			1672	487
			1673	488
			1674	489
			1675	489
			1676	490
			1677	491
			1678	492
			1679	493
			1680	494
			1681	495
			1682	496
			1683	497
			1684	498
			1685	499
			1686	500
			1687	501
			1688	502
			1688	503
			1689	504
			1690	505
			1691	506
			1692	507
			1693	508
			1694	509
			1695	510
			1696	511
			1697	512
			1698	513
			1699	514
			1700	514
			1701	515
			1702	516
			1703	517
			1704	518
			1705	519
			1706	520
			1707	521
			1708	522
			1709	523
			1710	524
			1711	525
			1712	526
			1713	527
			1714	528
			1715	529
			1716	530
			1717	531
			1717	532
			1718	533
			1719	533
			1720	534
			1721	535
			1722	536
			1723	537
			1724	538
			1725	539
			1726	540
			1727	541
			1728	542
			1729	543
			1730	544
			1731	545
			1732	546
			1733	547
			1734	548
			1735	549
			1736	550
			1737	550
			1738	551
			1738	552
			1739	553
			1740	554
			1741	555
			1742	556
			1743	557
			1744	558
			1745	559
			1746	560
			1747	561
			1748	562
			1749	563
			1750	564
			1751	565
			1752	565
			1753	566
			1754	567
			1754	568
			1755	569
			1756	570
			1757	571
			1758	572
			1759	573
			1760	574
			1761	575
			1762	576
			1763	577
			1764	578
			1765	578
			1766	579
			1767	580
			1768	581
			1768	582
			1769	583
			1770	584
			1771	585
			1772	586
			1773	587
			1774	588
			1775	589
			1776	590
			1777	591
			1778	591
			1779	592
			1780	593
			1781	594
			1781	595
			1782	596
			1783	597
			1784	598
			1785	599
			1786	600
			1787	601
			1788	602
			1789	602
			1790	603
			1791	604
			1792	605
			1792	606
			1793	607
			1794	608
			1795	609
			1796	610
			1797	611
			1798	612
			1799	613
			1800	613
			1801	614
			1802	615
			1802	616
			1803	617
			1804	618
			1805	619
			1806	620
			1807	621
			1808	622
			1809	623
			1810	623
			1811	624
			1812	625
			1812	626
			1813	627
			1814	628
			1815	629
			1816	630
			1817	631
			1818	632
			1819	632
			1820	633
			1821	634
			1821	635
			1822	636
			1823	637
			1824	638
			1825	639
			1826	640
			1827	641
			1828	641
			1829	642
			1830	643
			1830	644
			1831	645
			1832	646
			1833	647
			1834	648
			1835	649
			1836	650
			1837	650
			1838	651
			1838	652
			1839	653
			1840	654
			1841	655
			1842	656
			1843	657
			1844	658
			1845	658
			1846	659
			1846	660
			1847	661
			1848	662
			1849	663
			1850	664
			1851	665
			1852	666
			1853	666
			1853	667
			1854	668
			1855	669
			1856	670
			1857	671
			1858	672
			1859	673
			1860	674
			1861	675
			1862	676
			1863	677
			1864	678
			1865	679
			1866	680
			1867	681
			1868	682
			1869	683
			1869	684
			1870	684
			1871	685
			1872	686
			1872	687
			1873	687
			1874	688
			1875	689
			1875	690
			1876	690
			1877	691
			1878	692
			1878	693
			1879	693
			1880	694
			1881	695
			1881	696
			1882	696
			1883	697
			1884	698
			1884	699
			1885	699
			1886	700
			1887	701
			1887	702
			1888	702
			1889	703
			1890	704
			1890	705
			1891	705
			1892	706
			1892	707
			1893	708
			1894	708
			1895	709
			1895	710
			1896	711
			1897	711
			1898	712
			1898	713
			1899	714
			1900	714
			1901	715
			1901	716
			1902	717
			1903	717
			1904	718
			1904	719
			1905	720
			1906	720
			1906	721
			1907	722
			1908	723
			1909	723
			1909	724
			1910	725
			1911	726
			1912	726
			1912	727
			1913	728
			1914	729
			1915	730
			1916	731
			1917	732
			1918	733
			1919	734
			1920	734
			1920	735
			1921	736
			1922	737
			1923	738
			1924	739
			1925	740
			1926	741
			1926	742
			1927	742
			1928	743
			1929	744
			1930	745
			1931	746
			1932	747
			1932	748
			1933	749
			1934	749
			1935	750
			1936	751
			1937	752
			1938	753
			1938	754
			1939	755
			1940	756
			1941	756
			1942	757
			1943	758
			1944	759
			1944	760
			1945	761
			1946	762
			1947	763
			1948	763
			1949	764
			1950	765
			1950	766
			1951	767
			1952	768
			1953	769
			1954	769
			1955	770
			1955	771
			1956	772
			1957	773
			1958	774
			1959	775
			1960	776
			1961	777
			1962	778
			1963	779
			1964	780
			1965	781
			1966	782
			1967	783
			1968	784
			1969	785
			1970	786
			1971	787
			1972	788
			1973	789
			1974	790
			1974	791
			1975	791
			1976	792
			1976	793
			1977	794
			1978	794
			1979	795
			1979	796
			1980	797
			1981	797
			1981	798
			1982	799
			1983	800
			1984	800
			1984	801
			1985	802
			1986	802
			1986	803
			1987	804
			1988	805
			1989	805
			1989	806
			1990	807
			1991	808
			1992	809
			1993	810
			1994	811
			1995	812
			1995	813
			1996	813
			1997	814
			1998	815
			1999	816
			2000	817
			2000	818
			2001	819
			2002	820
			2003	820
			2004	821
			2005	822
			2006	823
			2006	824
			2007	825
			2008	826
			2009	827
			2010	827
			2011	828
			2011	829
			2012	830
			2013	831
			2014	832
			2015	833
			2016	833
			2016	834
			2017	835
			2018	836
			2019	837
			2020	838
			2020	839
			2021	839
			2022	840
			2023	841
			2024	842
			2025	843
			2025	844
			2026	845
			2027	846
			2028	846
			2029	847
			2030	848
			2030	849
			2031	850
			2032	851
			2033	852
			2034	852
			2034	853
			2035	854
			2036	855
			2037	856
			2038	857
			2039	858
			2040	859
			2040	860
			2041	861
			2041	862
			2041	863
			2042	864
			2043	865
			2043	866
			2044	867
			2044	868
			2044	869
			2045	869
			2045	870
			2046	871
			2046	872
			2047	873
			2047	874
			2048	875
			2048	876
			2049	877
			2049	878
			2050	879
			2050	880
			2051	881
			2051	882
			2052	883
			2052	884
			2053	885
			2053	886
			2054	887
			2054	888
			2055	889
			2055	890
			2056	891
			2057	892
			2057	893
			2057	894
			2058	895
			2058	896
			2059	897
			2059	898
			2060	899
			2060	900
			2061	901
			2061	902
			2062	903
			2062	904
			2063	905
			2063	906
			2064	907
			2064	908
			2065	909
			2065	910
			2066	911
			2066	912
			2067	913
			2067	914
			2068	915
			2068	916
			2069	917
			2069	918
			2070	919
			2070	920
			2071	921
			2071	922
			2072	923
			2072	924
			2073	925
			2074	926
			2074	927
			2074	928
			2075	929
			2075	930
			2076	931
			2076	932
			2077	933
			2077	934
			2078	935
			2078	936
			2079	937
			2079	938
			2080	939
			2080	940
			2081	941
			2081	942
			2082	943
			2082	944
			2083	945
			2083	946
			2084	947
			2084	948
			2085	949
			2085	950
			2086	951
			2086	952
			2086	953
			2087	954
			2087	955
			2088	956
			2088	957
			2089	958
			2089	959
			2090	960
			2090	961
			2091	962
			2091	963
			2092	964
			2093	965
			2093	966
			2093	967
			2094	968
			2094	969
			2095	970
			2095	971
			2096	972
			2096	973
			2096	974
			2097	974
			2097	975
			2098	976
			2098	977
			2098	978
			2099	978
			2099	979
			2100	980
			2100	981
			2100	982
			2101	983
			2102	984
			2102	985
			2102	986
			2103	987
			2103	988
			2104	989
			2104	990
			2105	991
			2105	992
			2106	993
			2106	994
			2107	995
			2107	996
			2107	997
			2108	998
			2108	999
			2109	1000
			2109	1001
			2110	1002
			2110	1003
			2111	1004
			2111	1005
			2112	1005
			2112	1006
			2112	1007
			2113	1008
			2113	1009
			2114	1010
			2114	1011
			2115	1012
			2115	1013
			2116	1014
			2116	1015
			2116	1016
			2117	1017
			2117	1018
			2118	1019
			2118	1020
			2119	1021
			2119	1022
			2119	1023
			2120	1023
			2120	1024
			2121	1025
			2121	1026
			2122	1027
			2122	1028
			2122	1029
			2123	1030
			2123	1031
			2124	1032
			2124	1033
			2125	1034
			2125	1035
			2125	1036
			2126	1037
			2127	1038
			2127	1039
			2127	1040
			2128	1041
			2128	1042
			2129	1043
			2129	1044
			2130	1045
			2130	1046
			2130	1047
			2131	1047
			2131	1048
			2131	1049
			2132	1050
			2132	1051
			2133	1051
			2133	1052
			2133	1053
			2134	1054
			2134	1055
			2135	1056
			2135	1057
			2136	1058
			2136	1059
			2136	1060
			2137	1061
			2137	1062
			2138	1063
			2138	1064
			2138	1065
			2139	1066
			2140	1067
			2140	1068
			2140	1069
			2141	1070
			2141	1071
			2142	1072
			2142	1073
			2143	1074
			2143	1075
			2143	1076
			2144	1076
			2144	1077
			2144	1078
			2145	1079
			2145	1080
			2146	1081
			2146	1082
			2146	1083
			2147	1084
			2147	1085
			2148	1086
			2148	1087
			2148	1088
			2149	1089
			2149	1090
			2150	1091
			2150	1092
			2151	1093
			2151	1094
			2152	1095
			2152	1096
			2153	1097
			2153	1098
			2153	1099
			2154	1100
			2154	1101
			2155	1102
			2155	1103
			2155	1104
			2156	1105
			2156	1106
			2157	1107
			2157	1108
			2157	1109
			2158	1110
			2158	1111
			2159	1112
			2159	1113
			2159	1114
			2160	1115
			2161	1116
			2161	1117
			2161	1118
			2162	1119
			2162	1120
			2163	1121
			2163	1122
			2163	1123
			2164	1124
			2164	1125
			2165	1126
			2165	1127
			2165	1128
			2166	1129
			2166	1130
			2167	1131
			2167	1132
			2167	1133
			2168	1134
			2168	1135
			2168	1136
			2169	1137
			2169	1138
			2170	1138
			2170	1139
			2170	1140
			2171	1141
			2171	1142
			2171	1143
			2172	1144
			2172	1145
			2173	1146
			2173	1147
			2173	1148
			2174	1149
			2174	1150
			2174	1151
			2175	1152
			2175	1153
			2176	1154
			2176	1155
			2176	1156
			2177	1156
			2177	1157
			2177	1158
			2178	1159
			2178	1160
			2178	1161
			2179	1162
			2179	1163
			2180	1164
			2180	1165
			2180	1166
			2181	1167
			2181	1168
			2181	1169
			2182	1170
			2182	1171
			2182	1172
			2183	1173
			2183	1174
			2184	1174
			2184	1175
			2184	1176
			2185	1177
			2185	1178
			2185	1179
			2186	1180
			2186	1181
			2186	1182
			2187	1183
			2187	1184
			2187	1185
			2188	1185
			2188	1186
			2188	1187
			2189	1188
			2189	1189
			2189	1190
			2190	1191
			2190	1192
			2190	1193
			2190	1194
			2191	1194
			2191	1195
			2191	1196
			2192	1197
			2192	1198
			2192	1199
			2193	1200
			2193	1201
			2194	1202
			2194	1203
			2194	1204
			2195	1205
			2195	1206
			2195	1207
			2196	1208
			2196	1209
			2196	1210
			2197	1211
			2197	1212
			2197	1213
			2198	1214
			2198	1215
			2198	1216
			2199	1217
			2199	1218
			2199	1219
			2200	1219
			2200	1220
			2200	1221
			2200	1222
			2201	1223
			2201	1224
			2201	1225
			2202	1226
			2202	1227
			2202	1228
			2203	1229
			2203	1230
			2203	1231
			2204	1232
			2204	1233
			2204	1234
			2205	1235
			2205	1236
			2205	1237
			2206	1238
			2206	1239
			2206	1240
			2207	1241
			2207	1242
			2207	1243
			2207	1244
			2208	1245
			2208	1246
			2209	1247
			2209	1248
			2209	1249
			2209	1250
			2210	1251
			2210	1252
			2210	1253
			2211	1254
			2211	1255
			2211	1256
			2211	1257
			2212	1258
			2212	1259
			2212	1260
			2213	1261
			2213	1262
			2213	1263
			2213	1264
			2214	1265
			2214	1266
			2214	1267
			2214	1268
			2215	1268
			2215	1269
			2215	1270
			2215	1271
			2216	1272
			2216	1273
			2216	1274
			2217	1275
			2217	1276
			2217	1277
			2217	1278
			2218	1279
			2218	1280
			2218	1281
			2219	1282
			2219	1283
			2219	1284
			2219	1285
			2220	1286
			2220	1287
			2220	1288
			2220	1289
			2221	1290
			2221	1291
			2221	1292
			2221	1293
			2221	1294
			2222	1295
			2222	1296
			2222	1297
			2222	1298
			2223	1299
			2223	1300
			2223	1301
			2223	1302
			2224	1303
			2224	1304
			2224	1305
			2224	1306
			2225	1307
			2225	1308
			2225	1309
			2225	1310
			2225	1311
			2226	1312
			2226	1313
			2226	1314
			2226	1315
			2226	1316
			2227	1317
			2227	1318
			2227	1319
			2227	1320
			2227	1321
			2228	1322
			2228	1323
			2228	1324
			2228	1325
			2228	1326
			2229	1327
			2229	1328
			2229	1329
			2229	1330
			2229	1331
			2229	1332
			2230	1333
			2230	1334
			2230	1335
			2230	1336
			2229	1337
			2229	1338
			2229	1339
			2228	1339
			2228	1340
			2228	1341
			2228	1342
			2227	1342
			2227	1343
			2227	1344
			2227	1345
			2226	1345
			2226	1346
			2226	1347
			2226	1348
			2225	1348
			2225	1349
			2225	1350
			2225	1351
			2224	1351
			2224	1352
			2224	1353
			2223	1354
			2223	1355
			2223	1356
			2222	1357
			2222	1358
			2221	1359
			2221	1360
			2221	1361
			2220	1362
			2220	1363
			2219	1364
			2219	1365
			2219	1366
			2218	1367
			2218	1368
			2218	1369
			2217	1370
			2217	1371
			2216	1372
			2216	1373
			2216	1374
			2215	1375
			2215	1376
			2215	1377
			2214	1378
			2214	1379
			2213	1379
			2213	1380
			2213	1381
			2212	1382
			2212	1383
			2211	1384
			2211	1385
			2211	1386
			2210	1387
			2210	1388
			2209	1389
			2209	1390
			2208	1391
			2208	1392
			2208	1393
			2207	1394
			2207	1395
			2206	1396
			2206	1397
			2205	1398
			2205	1399
			2205	1400
			2204	1400
			2204	1401
			2204	1402
			2203	1402
			2203	1403
			2203	1404
			2202	1405
			2202	1406
			2201	1407
			2201	1408
			2200	1409
			2200	1410
			2199	1411
			2199	1412
			2198	1413
			2198	1414
			2197	1415
			2197	1416
			2196	1417
			2196	1418
			2195	1419
			2195	1420
			2194	1420
			2194	1421
			2193	1422
			2193	1423
			2192	1424
			2192	1425
			2191	1426
			2191	1427
			2190	1427
			2190	1428
			2189	1429
			2189	1430
			2188	1431
			2188	1432
			2187	1433
			2186	1434
			2186	1435
			2185	1436
			2185	1437
			2184	1438
			2184	1439
			2183	1440
			2182	1441
			2181	1442
			2181	1443
			2180	1444
			2179	1445
			2178	1446
			2178	1447
			2177	1448
			2176	1449
			2176	1450
			2175	1451
			2174	1452
			2174	1453
			2173	1454
			2172	1455
			2171	1456
			2171	1457
			2170	1457
			2169	1458
			2169	1459
			2168	1460
			2167	1461
			2166	1461
			2166	1462
			2165	1463
			2164	1464
			2163	1465
			2162	1466
			2161	1467
			2160	1468
			2159	1469
			2158	1470
			2157	1471
			2156	1472
			2155	1473
			2154	1473
			2153	1474
			2152	1475
			2151	1475
			2150	1476
			2149	1477
			2148	1477
			2147	1478
			2146	1478
			2145	1479
			2144	1479
			2143	1480
			2142	1480
			2141	1481
			2140	1481
			2139	1481
			2138	1482
			2137	1482
			2136	1483
			2135	1483
			2134	1483
			2133	1483
			2133	1484
			2132	1484
			2131	1484
			2130	1484
			2129	1484
			2128	1484
			2127	1484
			2126	1484
			2125	1484
			2124	1484
			2123	1484
			2122	1484
			2121	1484
			2120	1484
			2119	1484
			2118	1484
			2117	1484
			2116	1484
			2115	1484
			2114	1483
			2113	1483
			2112	1483
			2111	1482
			2110	1482
			2109	1482
			2108	1481
			2107	1481
			2106	1481
			2106	1480
			2105	1480
			2104	1480
			2103	1479
			2102	1479
			2101	1478
			2100	1478
			2099	1477
			2098	1476
			2097	1476
			2096	1475
			2095	1474
			2094	1474
			2093	1473
			2092	1472
			2091	1471
			2090	1471
			2089	1470
			2088	1469
			2087	1468
			2086	1467
			2085	1466
			2084	1465
			2083	1465
			2082	1464
			2081	1463
			2080	1462
			2079	1461
			2079	1460
			2078	1460
			2077	1459
			2077	1458
			2076	1458
			2076	1457
			2075	1456
			2074	1456
			2074	1455
			2073	1454
		</Profile>
		<Eye type=matrix rownames=FALSE colnames=FALSE nrow=2126 ncol=2 as.numeric=TRUE >
			1618	1079
			1617	1080
			1616	1080
			1615	1081
			1614	1081
			1613	1082
			1612	1083
			1611	1083
			1610	1084
			1609	1084
			1608	1085
			1607	1085
			1606	1086
			1605	1087
			1604	1087
			1603	1088
			1602	1088
			1601	1089
			1600	1089
			1600	1090
			1599	1091
			1598	1091
			1597	1092
			1596	1092
			1595	1093
			1594	1093
			1593	1094
			1592	1094
			1591	1095
			1590	1096
			1589	1096
			1588	1097
			1587	1097
			1586	1098
			1585	1098
			1584	1099
			1583	1099
			1582	1100
			1581	1100
			1580	1101
			1579	1101
			1578	1102
			1577	1102
			1576	1103
			1575	1103
			1574	1104
			1573	1104
			1572	1105
			1571	1105
			1570	1106
			1569	1106
			1568	1107
			1567	1107
			1566	1108
			1565	1108
			1564	1109
			1563	1109
			1562	1110
			1561	1110
			1560	1111
			1559	1111
			1558	1112
			1557	1112
			1556	1113
			1555	1113
			1554	1113
			1553	1114
			1552	1114
			1551	1115
			1550	1115
			1549	1116
			1548	1116
			1547	1117
			1546	1117
			1545	1117
			1544	1118
			1543	1118
			1542	1119
			1541	1119
			1540	1120
			1539	1120
			1538	1120
			1537	1121
			1536	1121
			1535	1122
			1534	1122
			1533	1123
			1532	1123
			1531	1123
			1530	1124
			1529	1124
			1528	1125
			1527	1125
			1526	1125
			1525	1126
			1524	1126
			1523	1127
			1522	1127
			1521	1127
			1520	1128
			1519	1128
			1518	1128
			1517	1129
			1516	1129
			1515	1130
			1514	1130
			1513	1130
			1512	1131
			1511	1131
			1510	1131
			1509	1132
			1508	1132
			1507	1132
			1506	1133
			1505	1133
			1504	1134
			1503	1134
			1502	1134
			1501	1135
			1500	1135
			1499	1135
			1498	1136
			1497	1136
			1496	1136
			1495	1137
			1494	1137
			1493	1137
			1492	1138
			1491	1138
			1490	1138
			1489	1138
			1488	1139
			1487	1139
			1486	1139
			1485	1140
			1484	1140
			1483	1140
			1482	1140
			1482	1141
			1481	1141
			1480	1141
			1479	1141
			1478	1142
			1477	1142
			1476	1142
			1475	1142
			1474	1143
			1473	1143
			1472	1143
			1471	1144
			1470	1144
			1469	1144
			1468	1144
			1467	1145
			1466	1145
			1465	1145
			1464	1145
			1463	1146
			1462	1146
			1461	1146
			1460	1146
			1459	1147
			1458	1147
			1457	1147
			1456	1147
			1455	1147
			1455	1148
			1454	1148
			1453	1148
			1452	1148
			1451	1149
			1450	1149
			1449	1149
			1448	1149
			1447	1149
			1446	1150
			1445	1150
			1444	1150
			1443	1150
			1442	1150
			1442	1151
			1441	1151
			1440	1151
			1439	1151
			1438	1151
			1437	1151
			1436	1152
			1435	1152
			1434	1152
			1433	1152
			1432	1152
			1431	1153
			1430	1153
			1429	1153
			1428	1153
			1427	1153
			1426	1154
			1425	1154
			1424	1154
			1423	1154
			1422	1154
			1421	1154
			1420	1154
			1419	1155
			1418	1155
			1417	1155
			1416	1155
			1415	1155
			1414	1155
			1413	1156
			1412	1156
			1411	1156
			1410	1156
			1409	1156
			1408	1156
			1407	1156
			1406	1156
			1405	1157
			1404	1157
			1403	1157
			1402	1157
			1401	1157
			1400	1157
			1399	1157
			1398	1157
			1397	1158
			1396	1158
			1395	1158
			1394	1158
			1393	1158
			1392	1158
			1391	1158
			1390	1158
			1389	1158
			1388	1158
			1387	1159
			1386	1159
			1385	1159
			1384	1159
			1383	1159
			1382	1159
			1381	1159
			1380	1159
			1379	1159
			1378	1159
			1377	1159
			1376	1159
			1375	1160
			1374	1160
			1373	1160
			1372	1160
			1371	1160
			1370	1160
			1369	1160
			1368	1160
			1367	1160
			1366	1160
			1365	1160
			1364	1160
			1363	1160
			1362	1160
			1361	1160
			1360	1160
			1359	1160
			1358	1160
			1357	1161
			1356	1161
			1355	1161
			1354	1161
			1353	1161
			1352	1161
			1351	1161
			1350	1161
			1349	1161
			1348	1161
			1347	1161
			1346	1161
			1345	1161
			1344	1161
			1343	1161
			1342	1161
			1341	1161
			1340	1161
			1339	1161
			1338	1161
			1337	1161
			1336	1161
			1335	1161
			1334	1161
			1333	1161
			1332	1161
			1331	1161
			1330	1161
			1329	1161
			1328	1161
			1327	1161
			1326	1161
			1325	1161
			1324	1161
			1323	1161
			1322	1161
			1321	1161
			1320	1161
			1319	1161
			1318	1160
			1317	1160
			1316	1160
			1315	1160
			1314	1160
			1313	1160
			1312	1160
			1311	1160
			1310	1160
			1309	1160
			1308	1160
			1307	1160
			1306	1160
			1305	1160
			1304	1160
			1303	1160
			1302	1160
			1301	1160
			1300	1159
			1299	1159
			1298	1159
			1297	1159
			1296	1159
			1295	1159
			1294	1159
			1293	1159
			1292	1159
			1291	1159
			1290	1159
			1289	1159
			1288	1158
			1287	1158
			1286	1158
			1285	1158
			1284	1158
			1283	1158
			1282	1158
			1281	1158
			1280	1158
			1279	1158
			1278	1158
			1278	1157
			1277	1157
			1276	1157
			1275	1157
			1274	1157
			1273	1157
			1272	1157
			1271	1157
			1270	1157
			1269	1156
			1268	1156
			1267	1156
			1266	1156
			1265	1156
			1264	1156
			1263	1156
			1262	1155
			1261	1155
			1260	1155
			1259	1155
			1258	1155
			1257	1155
			1256	1155
			1255	1154
			1254	1154
			1253	1154
			1252	1154
			1251	1154
			1250	1154
			1249	1154
			1249	1153
			1248	1153
			1247	1153
			1246	1153
			1245	1153
			1244	1153
			1243	1153
			1242	1152
			1241	1152
			1240	1152
			1239	1152
			1238	1152
			1237	1152
			1236	1151
			1235	1151
			1234	1151
			1233	1151
			1232	1151
			1232	1150
			1231	1150
			1230	1150
			1229	1150
			1228	1150
			1227	1150
			1226	1149
			1225	1149
			1224	1149
			1223	1148
			1222	1148
			1221	1148
			1220	1147
			1219	1147
			1218	1146
			1217	1146
			1216	1145
			1215	1145
			1214	1144
			1213	1144
			1212	1143
			1211	1143
			1210	1142
			1209	1142
			1208	1141
			1207	1141
			1206	1141
			1206	1140
			1205	1140
			1204	1140
			1204	1139
			1203	1139
			1202	1138
			1201	1138
			1200	1137
			1199	1137
			1198	1136
			1197	1136
			1196	1135
			1195	1135
			1194	1134
			1193	1134
			1193	1133
			1192	1133
			1191	1132
			1190	1132
			1189	1132
			1188	1131
			1187	1130
			1186	1130
			1185	1129
			1184	1128
			1183	1128
			1182	1127
			1181	1127
			1180	1126
			1179	1126
			1178	1125
			1177	1125
			1176	1124
			1175	1123
			1174	1123
			1173	1122
			1172	1122
			1171	1121
			1170	1120
			1169	1120
			1168	1119
			1167	1119
			1166	1118
			1166	1117
			1165	1117
			1164	1116
			1163	1116
			1162	1115
			1161	1115
			1160	1114
			1159	1113
			1158	1113
			1157	1112
			1156	1111
			1155	1111
			1154	1110
			1153	1109
			1152	1108
			1151	1108
			1150	1107
			1149	1107
			1149	1106
			1148	1106
			1147	1105
			1146	1104
			1145	1103
			1144	1103
			1143	1102
			1142	1101
			1141	1101
			1141	1100
			1140	1100
			1139	1099
			1138	1099
			1138	1098
			1137	1098
			1136	1097
			1135	1096
			1134	1095
			1133	1094
			1132	1093
			1131	1093
			1130	1092
			1129	1091
			1128	1091
			1127	1090
			1127	1089
			1126	1089
			1125	1088
			1124	1087
			1123	1087
			1122	1086
			1122	1085
			1121	1084
			1120	1084
			1119	1083
			1118	1082
			1117	1082
			1117	1081
			1116	1080
			1115	1079
			1114	1079
			1113	1078
			1113	1077
			1112	1077
			1111	1076
			1110	1075
			1109	1074
			1108	1073
			1107	1072
			1106	1071
			1105	1070
			1104	1069
			1103	1068
			1102	1068
			1101	1067
			1100	1066
			1100	1065
			1099	1064
			1098	1063
			1097	1062
			1096	1061
			1095	1060
			1094	1059
			1093	1058
			1093	1057
			1092	1057
			1091	1056
			1090	1055
			1089	1054
			1088	1053
			1087	1052
			1087	1051
			1086	1050
			1085	1049
			1084	1048
			1083	1047
			1082	1046
			1082	1045
			1081	1044
			1080	1043
			1079	1042
			1078	1041
			1078	1040
			1077	1039
			1076	1038
			1075	1037
			1075	1036
			1074	1035
			1073	1034
			1072	1033
			1071	1032
			1071	1031
			1070	1030
			1069	1029
			1068	1028
			1068	1027
			1067	1026
			1066	1025
			1066	1024
			1065	1023
			1064	1022
			1063	1021
			1063	1020
			1062	1019
			1061	1018
			1061	1017
			1060	1016
			1059	1015
			1059	1014
			1058	1013
			1057	1012
			1057	1011
			1056	1010
			1055	1009
			1055	1008
			1054	1007
			1053	1006
			1053	1005
			1052	1004
			1052	1003
			1051	1003
			1051	1002
			1051	1001
			1050	1001
			1050	1000
			1050	999
			1049	999
			1049	998
			1048	997
			1048	996
			1047	995
			1047	994
			1046	993
			1046	992
			1045	992
			1045	991
			1044	990
			1044	989
			1044	988
			1043	988
			1043	987
			1042	986
			1042	985
			1041	984
			1041	983
			1040	982
			1040	981
			1039	980
			1039	979
			1038	978
			1038	977
			1037	976
			1037	975
			1036	974
			1036	973
			1036	972
			1035	971
			1035	970
			1034	969
			1034	968
			1033	967
			1033	966
			1032	965
			1032	964
			1032	963
			1031	962
			1031	961
			1030	960
			1030	959
			1030	958
			1029	957
			1029	956
			1028	955
			1028	954
			1028	953
			1027	952
			1027	951
			1026	950
			1026	949
			1026	948
			1025	947
			1025	946
			1025	945
			1024	944
			1024	943
			1023	942
			1023	941
			1023	940
			1023	939
			1022	938
			1022	937
			1022	936
			1021	935
			1021	934
			1021	933
			1020	932
			1020	931
			1020	930
			1020	929
			1019	928
			1019	927
			1018	926
			1018	925
			1018	924
			1018	923
			1018	922
			1017	922
			1017	921
			1017	920
			1017	919
			1016	918
			1016	917
			1016	916
			1016	915
			1015	914
			1015	913
			1015	912
			1014	911
			1014	910
			1014	909
			1014	908
			1014	907
			1013	906
			1013	905
			1013	904
			1013	903
			1012	902
			1012	901
			1012	900
			1012	899
			1012	898
			1011	897
			1011	896
			1011	895
			1011	894
			1011	893
			1010	892
			1010	891
			1010	890
			1010	889
			1010	888
			1009	887
			1009	886
			1009	885
			1009	884
			1009	883
			1009	882
			1008	881
			1008	880
			1008	879
			1008	878
			1008	877
			1008	876
			1008	875
			1007	874
			1007	873
			1007	872
			1007	871
			1007	870
			1007	869
			1007	868
			1007	867
			1007	866
			1007	865
			1006	864
			1006	863
			1006	862
			1006	861
			1006	860
			1006	859
			1006	858
			1006	857
			1006	856
			1006	855
			1006	854
			1006	853
			1006	852
			1006	851
			1006	850
			1006	849
			1006	848
			1006	847
			1006	846
			1005	845
			1005	844
			1005	843
			1005	842
			1005	841
			1005	840
			1005	839
			1005	838
			1005	837
			1005	836
			1005	835
			1005	834
			1005	833
			1005	832
			1005	831
			1005	830
			1005	829
			1005	828
			1005	827
			1005	826
			1005	825
			1005	824
			1005	823
			1005	822
			1005	821
			1005	820
			1005	819
			1005	818
			1005	817
			1005	816
			1005	815
			1005	814
			1005	813
			1005	812
			1005	811
			1005	810
			1005	809
			1005	808
			1005	807
			1005	806
			1005	805
			1005	804
			1005	803
			1005	802
			1005	801
			1005	800
			1005	799
			1006	798
			1006	797
			1006	796
			1006	795
			1006	794
			1006	793
			1006	792
			1006	791
			1006	790
			1006	789
			1006	788
			1006	787
			1006	786
			1006	785
			1006	784
			1006	783
			1006	782
			1007	781
			1007	780
			1007	779
			1007	778
			1007	777
			1007	776
			1007	775
			1007	774
			1007	773
			1007	772
			1007	771
			1007	770
			1008	769
			1008	768
			1008	767
			1008	766
			1008	765
			1008	764
			1008	763
			1008	762
			1008	761
			1008	760
			1009	759
			1009	758
			1009	757
			1009	756
			1009	755
			1009	754
			1009	753
			1010	752
			1010	751
			1010	750
			1010	749
			1010	748
			1010	747
			1010	746
			1010	745
			1011	744
			1011	743
			1011	742
			1011	741
			1011	740
			1012	739
			1012	738
			1012	737
			1012	736
			1012	735
			1012	734
			1013	733
			1013	732
			1013	731
			1013	730
			1013	729
			1013	728
			1014	727
			1014	726
			1014	725
			1014	724
			1014	723
			1015	722
			1015	721
			1015	720
			1015	719
			1016	718
			1016	717
			1016	716
			1016	715
			1016	714
			1017	713
			1017	712
			1017	711
			1017	710
			1017	709
			1018	709
			1018	708
			1018	707
			1018	706
			1018	705
			1019	705
			1019	704
			1019	703
			1019	702
			1019	701
			1020	701
			1020	700
			1020	699
			1020	698
			1021	697
			1021	696
			1021	695
			1021	694
			1022	693
			1022	692
			1022	691
			1023	690
			1023	689
			1023	688
			1023	687
			1024	686
			1024	685
			1025	684
			1025	683
			1025	682
			1025	681
			1026	681
			1026	680
			1026	679
			1026	678
			1027	677
			1027	676
			1027	675
			1028	674
			1028	673
			1028	672
			1029	671
			1029	670
			1029	669
			1030	668
			1030	667
			1030	666
			1031	665
			1031	664
			1032	664
			1032	663
			1032	662
			1033	661
			1033	660
			1033	659
			1034	658
			1034	657
			1034	656
			1035	655
			1035	654
			1036	653
			1036	652
			1037	651
			1037	650
			1037	649
			1038	649
			1038	648
			1038	647
			1039	646
			1039	645
			1040	644
			1040	643
			1040	642
			1041	642
			1041	641
			1041	640
			1042	639
			1042	638
			1043	637
			1043	636
			1044	635
			1044	634
			1045	633
			1045	632
			1046	632
			1046	631
			1046	630
			1047	629
			1047	628
			1048	627
			1048	626
			1049	625
			1049	624
			1050	624
			1050	623
			1051	622
			1051	621
			1052	620
			1052	619
			1053	618
			1053	617
			1054	617
			1054	616
			1055	615
			1055	614
			1056	613
			1056	612
			1057	611
			1058	610
			1058	609
			1059	608
			1059	607
			1060	606
			1061	605
			1061	604
			1062	603
			1063	602
			1063	601
			1064	600
			1065	599
			1065	598
			1066	597
			1066	596
			1067	595
			1068	594
			1068	593
			1069	592
			1070	591
			1071	590
			1071	589
			1072	588
			1073	587
			1073	586
			1074	585
			1075	584
			1075	583
			1076	582
			1077	581
			1078	580
			1078	579
			1079	578
			1080	577
			1080	576
			1081	575
			1082	575
			1083	574
			1083	573
			1084	572
			1085	571
			1086	570
			1087	569
			1087	568
			1088	567
			1089	566
			1090	565
			1090	564
			1091	564
			1092	563
			1093	562
			1094	561
			1094	560
			1095	559
			1096	558
			1097	557
			1098	556
			1099	555
			1100	554
			1101	553
			1102	552
			1103	551
			1103	550
			1104	550
			1105	549
			1105	548
			1106	548
			1106	547
			1107	547
			1108	546
			1108	545
			1109	545
			1110	544
			1110	543
			1111	543
			1111	542
			1112	542
			1113	541
			1113	540
			1114	540
			1115	539
			1116	538
			1117	537
			1118	536
			1119	535
			1120	534
			1121	534
			1122	533
			1122	532
			1123	532
			1124	531
			1125	530
			1126	529
			1127	528
			1128	527
			1129	526
			1130	526
			1131	525
			1132	524
			1133	523
			1134	522
			1135	522
			1136	521
			1137	520
			1138	519
			1139	519
			1140	519
			1141	518
			1142	518
			1143	517
			1144	516
			1145	516
			1146	515
			1147	515
			1148	514
			1149	514
			1150	513
			1151	513
			1152	513
			1152	512
			1153	512
			1154	512
			1155	511
			1156	511
			1157	510
			1158	510
			1159	509
			1160	509
			1161	508
			1162	508
			1163	508
			1164	507
			1165	507
			1165	506
			1166	506
			1167	506
			1168	505
			1169	505
			1170	504
			1171	504
			1172	504
			1173	503
			1174	503
			1175	502
			1176	502
			1177	502
			1177	501
			1178	501
			1179	500
			1180	500
			1181	500
			1182	499
			1183	499
			1184	498
			1185	498
			1186	498
			1187	497
			1188	497
			1189	496
			1190	496
			1191	496
			1192	495
			1193	495
			1194	494
			1195	494
			1196	494
			1197	493
			1198	493
			1199	493
			1200	492
			1201	492
			1202	492
			1203	491
			1204	491
			1205	490
			1206	490
			1207	490
			1208	489
			1209	489
			1210	489
			1211	488
			1212	488
			1213	488
			1214	487
			1215	487
			1216	487
			1217	486
			1218	486
			1219	486
			1220	486
			1220	485
			1221	485
			1222	485
			1223	484
			1224	484
			1225	484
			1226	483
			1227	483
			1228	483
			1229	483
			1230	482
			1231	482
			1232	482
			1233	481
			1234	481
			1235	481
			1236	481
			1237	480
			1238	480
			1239	480
			1240	480
			1241	479
			1242	479
			1243	479
			1244	478
			1245	478
			1246	478
			1247	478
			1248	477
			1249	477
			1250	477
			1251	477
			1252	476
			1253	476
			1254	476
			1255	476
			1256	475
			1257	475
			1258	475
			1259	475
			1260	475
			1261	474
			1262	474
			1263	474
			1264	474
			1265	473
			1266	473
			1267	473
			1268	473
			1269	473
			1270	473
			1271	472
			1272	472
			1273	472
			1274	472
			1275	472
			1276	471
			1277	471
			1278	471
			1279	471
			1280	471
			1281	471
			1282	470
			1283	470
			1284	470
			1285	470
			1286	470
			1287	470
			1288	470
			1289	469
			1290	469
			1291	469
			1292	469
			1293	469
			1294	469
			1295	469
			1295	468
			1296	468
			1297	468
			1298	468
			1299	468
			1300	468
			1301	468
			1302	468
			1303	468
			1304	468
			1304	467
			1305	467
			1306	467
			1307	467
			1308	467
			1309	467
			1310	467
			1311	467
			1312	467
			1313	467
			1314	467
			1315	467
			1316	466
			1317	466
			1318	466
			1319	466
			1320	466
			1321	466
			1322	466
			1323	466
			1324	466
			1325	466
			1326	466
			1327	466
			1328	466
			1329	466
			1330	466
			1331	466
			1332	466
			1333	466
			1334	466
			1335	466
			1336	466
			1337	466
			1338	466
			1339	466
			1340	466
			1341	466
			1342	466
			1343	466
			1344	466
			1345	466
			1346	466
			1347	466
			1348	466
			1349	466
			1350	466
			1351	466
			1352	466
			1353	466
			1354	466
			1355	466
			1356	466
			1357	466
			1358	466
			1359	466
			1360	466
			1361	466
			1362	466
			1363	466
			1364	467
			1365	467
			1366	467
			1367	467
			1368	467
			1369	467
			1370	467
			1371	467
			1372	467
			1373	467
			1374	467
			1375	468
			1376	468
			1377	468
			1378	468
			1379	468
			1380	468
			1381	468
			1382	468
			1383	469
			1384	469
			1385	469
			1386	469
			1387	469
			1388	469
			1389	469
			1390	470
			1391	470
			1392	470
			1393	470
			1394	470
			1395	470
			1396	470
			1397	471
			1398	471
			1399	471
			1400	471
			1401	471
			1402	472
			1403	472
			1404	472
			1405	472
			1406	472
			1407	473
			1408	473
			1409	473
			1410	473
			1411	473
			1412	474
			1413	474
			1414	474
			1415	474
			1416	475
			1417	475
			1418	475
			1419	475
			1420	475
			1421	476
			1422	476
			1423	476
			1424	477
			1425	477
			1426	477
			1427	477
			1428	478
			1429	478
			1430	478
			1431	478
			1432	479
			1433	479
			1434	479
			1435	480
			1436	480
			1437	480
			1438	481
			1439	481
			1440	481
			1441	482
			1442	482
			1443	482
			1444	483
			1445	483
			1446	483
			1447	484
			1448	484
			1449	484
			1450	485
			1451	485
			1452	485
			1453	486
			1454	486
			1455	486
			1456	487
			1457	487
			1458	488
			1459	488
			1460	488
			1461	489
			1462	489
			1463	490
			1464	490
			1465	490
			1466	491
			1467	491
			1468	492
			1469	492
			1470	492
			1471	493
			1472	493
			1473	494
			1474	494
			1475	495
			1476	495
			1477	495
			1478	496
			1479	496
			1480	497
			1481	497
			1482	498
			1483	498
			1483	499
			1484	499
			1485	499
			1486	500
			1487	500
			1488	501
			1489	501
			1490	502
			1491	502
			1492	503
			1493	503
			1494	504
			1495	504
			1496	505
			1497	505
			1498	506
			1499	506
			1500	507
			1501	507
			1502	508
			1503	508
			1504	509
			1505	510
			1506	510
			1507	511
			1508	511
			1509	512
			1510	513
			1511	513
			1512	514
			1513	514
			1514	515
			1515	515
			1516	516
			1517	517
			1518	518
			1519	518
			1520	519
			1521	519
			1522	520
			1523	521
			1524	521
			1525	522
			1526	522
			1527	523
			1528	524
			1529	524
			1530	525
			1531	526
			1532	526
			1533	527
			1534	528
			1535	528
			1536	529
			1537	529
			1538	530
			1539	530
			1540	531
			1541	531
			1542	532
			1543	532
			1544	533
			1545	533
			1546	534
			1547	534
			1548	534
			1549	535
			1550	535
			1551	536
			1552	537
			1553	537
			1554	538
			1555	538
			1556	539
			1557	539
			1558	540
			1559	540
			1560	541
			1561	542
			1562	542
			1563	543
			1564	543
			1565	544
			1566	544
			1567	545
			1568	545
			1569	546
			1570	546
			1571	547
			1572	548
			1573	549
			1574	549
			1575	550
			1576	550
			1576	551
			1577	551
			1578	551
			1578	552
			1579	552
			1580	553
			1581	554
			1582	555
			1583	555
			1584	556
			1585	556
			1585	557
			1586	557
			1587	558
			1588	558
			1588	559
			1589	559
			1590	560
			1591	560
			1592	561
			1592	562
			1593	562
			1594	563
			1595	563
			1595	564
			1596	564
			1597	565
			1597	566
			1598	566
			1599	567
			1600	567
			1600	568
			1601	568
			1602	569
			1603	570
			1604	571
			1605	572
			1606	572
			1607	573
			1608	574
			1609	575
			1610	576
			1611	577
			1612	578
			1613	579
			1614	580
			1615	581
			1616	581
			1617	582
			1618	583
			1619	584
			1620	585
			1621	586
			1622	587
			1623	588
			1624	589
			1625	590
			1626	591
			1627	592
			1628	593
			1629	594
			1630	595
			1631	596
			1632	597
			1633	598
			1634	599
			1635	600
			1636	601
			1637	602
			1638	603
			1639	604
			1640	605
			1641	606
			1641	607
			1642	608
			1643	609
			1644	610
			1644	611
			1645	611
			1645	612
			1646	613
			1647	613
			1647	614
			1648	615
			1649	616
			1650	617
			1650	618
			1651	619
			1652	620
			1652	621
			1653	621
			1654	622
			1654	623
			1655	624
			1655	625
			1656	625
			1657	626
			1657	627
			1658	628
			1659	629
			1659	630
			1660	630
			1660	631
			1661	632
			1662	633
			1662	634
			1663	635
			1663	636
			1664	636
			1665	637
			1665	638
			1666	639
			1666	640
			1667	641
			1668	642
			1669	643
			1669	644
			1670	645
			1671	646
			1671	647
			1672	648
			1673	649
			1673	650
			1674	651
			1674	652
			1675	652
			1675	653
			1676	654
			1676	655
			1676	656
			1677	656
			1677	657
			1678	658
			1678	659
			1679	660
			1680	661
			1680	662
			1681	663
			1682	664
			1682	665
			1683	666
			1683	667
			1684	668
			1684	669
			1685	670
			1685	671
			1686	672
			1687	673
			1687	674
			1688	675
			1688	676
			1689	677
			1689	678
			1690	679
			1690	680
			1691	681
			1691	682
			1692	683
			1692	684
			1693	685
			1693	686
			1694	687
			1694	688
			1695	689
			1695	690
			1696	691
			1696	692
			1696	693
			1697	693
			1697	694
			1697	695
			1698	696
			1699	697
			1699	698
			1699	699
			1700	700
			1700	701
			1701	702
			1701	703
			1702	704
			1702	705
			1702	706
			1703	707
			1704	708
			1704	709
			1704	710
			1705	711
			1705	712
			1706	713
			1706	714
			1706	715
			1707	716
			1707	717
			1708	717
			1708	718
			1708	719
			1709	720
			1709	721
			1709	722
			1710	723
			1710	724
			1711	725
			1711	726
			1711	727
			1712	728
			1712	729
			1713	730
			1713	731
			1713	732
			1714	733
			1714	734
			1714	735
			1715	736
			1715	737
			1715	738
			1716	738
			1716	739
			1716	740
			1716	741
			1717	741
			1717	742
			1717	743
			1718	744
			1718	745
			1718	746
			1719	747
			1719	748
			1719	749
			1720	750
			1720	751
			1720	752
			1721	753
			1721	754
			1721	755
			1722	756
			1722	757
			1722	758
			1723	759
			1723	760
			1723	761
			1724	762
			1724	763
			1724	764
			1725	765
			1725	766
			1725	767
			1726	768
			1726	769
			1726	770
			1727	771
			1727	772
			1727	773
			1727	774
			1728	775
			1728	776
			1728	777
			1729	778
			1729	779
			1729	780
			1729	781
			1730	782
			1730	783
			1730	784
			1731	785
			1731	786
			1731	787
			1731	788
			1732	789
			1732	790
			1732	791
			1732	792
			1733	793
			1733	794
			1733	795
			1734	796
			1734	797
			1734	798
			1734	799
			1735	800
			1735	801
			1735	802
			1735	803
			1735	804
			1736	805
			1736	806
			1736	807
			1736	808
			1736	809
			1736	810
			1736	811
			1736	812
			1736	813
			1736	814
			1736	815
			1736	816
			1736	817
			1736	818
			1736	819
			1736	820
			1736	821
			1736	822
			1736	823
			1736	824
			1736	825
			1736	826
			1736	827
			1736	828
			1735	829
			1735	830
			1735	831
			1735	832
			1735	833
			1735	834
			1735	835
			1735	836
			1735	837
			1735	838
			1735	839
			1735	840
			1735	841
			1735	842
			1735	843
			1735	844
			1735	845
			1734	846
			1734	847
			1734	848
			1734	849
			1734	850
			1734	851
			1734	852
			1734	853
			1734	854
			1734	855
			1733	856
			1733	857
			1733	858
			1733	859
			1733	860
			1733	861
			1733	862
			1733	863
			1733	864
			1732	865
			1732	866
			1732	867
			1732	868
			1732	869
			1732	870
			1732	871
			1732	872
			1731	873
			1731	874
			1731	875
			1731	876
			1731	877
			1731	878
			1730	879
			1730	880
			1730	881
			1730	882
			1730	883
			1730	884
			1729	885
			1729	886
			1729	887
			1729	888
			1729	889
			1729	890
			1728	891
			1728	892
			1728	893
			1728	894
			1728	895
			1727	896
			1727	897
			1727	898
			1727	899
			1727	900
			1726	901
			1726	902
			1726	903
			1726	904
			1725	905
			1725	906
			1725	907
			1725	908
			1725	909
			1724	910
			1724	911
			1724	912
			1723	913
			1723	914
			1723	915
			1723	916
			1723	917
			1722	918
			1722	919
			1722	920
			1721	921
			1721	922
			1721	923
			1720	924
			1720	925
			1720	926
			1720	927
			1719	928
			1719	929
			1719	930
			1718	931
			1718	932
			1718	933
			1717	934
			1717	935
			1717	936
			1717	937
			1716	938
			1716	939
			1716	940
			1715	941
			1715	942
			1715	943
			1714	943
			1714	944
			1714	945
			1713	946
			1713	947
			1713	948
			1712	949
			1712	950
			1712	951
			1711	952
			1711	953
			1710	954
			1710	955
			1709	956
			1709	957
			1709	958
			1708	959
			1708	960
			1707	961
			1707	962
			1707	963
			1706	964
			1706	965
			1705	966
			1705	967
			1704	968
			1704	969
			1704	970
			1703	971
			1703	972
			1702	973
			1701	974
			1701	975
			1701	976
			1700	977
			1700	978
			1699	979
			1699	980
			1698	981
			1698	982
			1697	982
			1697	983
			1697	984
			1696	985
			1695	986
			1695	987
			1694	988
			1694	989
			1693	990
			1693	991
			1692	992
			1691	993
			1691	994
			1690	995
			1690	996
			1689	997
			1689	998
			1688	999
			1688	1000
			1687	1001
			1686	1002
			1686	1003
			1685	1004
			1685	1005
			1684	1006
			1684	1007
			1683	1007
			1682	1008
			1682	1009
			1681	1010
			1681	1011
			1680	1012
			1679	1013
			1679	1014
			1678	1014
			1678	1015
			1677	1016
			1676	1017
			1676	1018
			1675	1019
			1675	1020
			1674	1021
			1673	1021
			1673	1022
			1672	1023
			1671	1024
			1671	1025
			1670	1026
			1669	1027
			1668	1028
			1667	1029
			1667	1030
			1666	1031
			1665	1032
			1664	1033
			1663	1034
			1663	1035
			1662	1036
			1661	1037
			1660	1038
			1659	1039
			1658	1040
			1658	1041
			1657	1042
			1656	1043
			1655	1044
			1654	1045
			1653	1046
			1652	1047
			1652	1048
			1651	1049
			1650	1050
			1649	1051
			1648	1051
			1647	1052
			1646	1053
			1645	1054
			1644	1055
			1644	1056
			1643	1057
			1642	1058
			1641	1059
			1640	1060
			1639	1061
			1638	1062
			1637	1062
			1636	1063
			1635	1064
			1634	1065
			1633	1066
			1632	1067
			1631	1068
			1630	1069
			1629	1069
			1628	1070
			1627	1071
			1626	1072
			1625	1073
			1624	1074
			1623	1075
			1622	1075
			1621	1076
			1620	1077
			1619	1078
			1618	1079
		</Eye>
	</curves.pixel>
	<ruler.points type=matrix rownames=TRUE colnames=FALSE nrow=2 ncol=2 as.numeric=TRUE >
		Ruler point 1	2	1894
		Ruler point 2	104	1894
	</ruler.points>
</shapes>

