<shapes type=list>
	<scaling type=logical names=FALSE length=1 as.numeric=FALSE >NA</scaling>
	<landmarks.pixel type=matrix rownames=TRUE colnames=FALSE nrow=11 ncol=2 as.numeric=TRUE >
		LM1Forehead	1601	425
		LM2UJFront	2034	1405
		LM3UJBack	1523	1471
		LM4LacOrb	1588	1084
		LM5QJoint	1481	1540
		LM6IOPL	1474	1651
		LM7IOPSOP	542	1604
		LM8A2A1	862	1225
		LM9A1A3	840	866
		LM10TopMuscR	747	693
		LM11TopMuscL	367	577
	</landmarks.pixel>
	<curves.control type=list>
		<Profile type=matrix rownames=FALSE colnames=FALSE nrow=7 ncol=2 as.numeric=TRUE >
			1601	425
			1796	581
			2009	780
			2217	1166
			2217	1287
			2109	1500
			2034	1405
		</Profile>
		<Eye type=matrix rownames=FALSE colnames=FALSE nrow=13 ncol=2 as.numeric=TRUE >
			1588	1084
			1441	1201
			1206	1136
			1024	1040
			972	871
			963	654
			1089	546
			1280	403
			1510	494
			1666	589
			1701	771
			1718	971
			1588	1084
		</Eye>
	</curves.control>
	<curves.pixel type=list>
		<Profile type=matrix rownames=FALSE colnames=FALSE nrow=1214 ncol=2 as.numeric=TRUE >
			1601	425
			1602	426
			1603	426
			1604	427
			1604	428
			1605	428
			1606	429
			1607	430
			1608	431
			1609	431
			1610	432
			1610	433
			1611	433
			1612	434
			1613	435
			1614	435
			1615	436
			1616	437
			1617	437
			1617	438
			1618	439
			1619	440
			1620	440
			1621	441
			1622	442
			1623	442
			1623	443
			1624	444
			1625	444
			1626	445
			1627	446
			1628	447
			1629	447
			1630	448
			1630	449
			1631	449
			1632	450
			1633	451
			1634	451
			1635	452
			1636	453
			1636	454
			1637	454
			1638	455
			1639	456
			1640	456
			1641	457
			1642	458
			1643	459
			1644	460
			1645	461
			1646	462
			1647	463
			1648	463
			1649	464
			1650	464
			1650	465
			1651	465
			1652	466
			1653	467
			1654	468
			1655	469
			1656	470
			1657	470
			1658	471
			1658	472
			1659	472
			1660	473
			1661	473
			1661	474
			1662	475
			1663	475
			1664	476
			1665	477
			1666	478
			1667	479
			1668	479
			1669	480
			1670	481
			1671	482
			1672	482
			1672	483
			1673	484
			1674	485
			1675	485
			1676	486
			1677	487
			1678	488
			1679	488
			1680	489
			1681	490
			1682	491
			1683	492
			1684	493
			1685	494
			1686	494
			1686	495
			1687	495
			1688	496
			1689	497
			1690	498
			1691	499
			1692	499
			1693	500
			1694	501
			1695	502
			1696	503
			1697	503
			1698	504
			1699	505
			1700	506
			1701	507
			1702	507
			1703	508
			1704	509
			1705	510
			1706	511
			1707	512
			1708	513
			1709	513
			1709	514
			1710	515
			1711	515
			1712	516
			1713	517
			1714	518
			1715	519
			1716	519
			1717	520
			1718	521
			1719	522
			1720	523
			1721	524
			1722	525
			1723	525
			1724	526
			1725	527
			1726	528
			1727	529
			1728	530
			1729	530
			1730	531
			1731	532
			1732	533
			1733	534
			1734	535
			1735	535
			1736	536
			1737	537
			1738	538
			1739	539
			1740	540
			1741	541
			1742	541
			1743	542
			1744	543
			1745	544
			1746	545
			1747	546
			1748	546
			1749	547
			1750	548
			1751	549
			1752	550
			1753	551
			1754	552
			1755	552
			1756	553
			1757	554
			1758	555
			1759	556
			1760	557
			1761	557
			1762	558
			1763	559
			1764	560
			1765	561
			1766	562
			1767	563
			1768	563
			1769	564
			1770	565
			1771	566
			1772	567
			1773	568
			1774	569
			1775	569
			1776	570
			1777	571
			1778	572
			1779	573
			1780	574
			1781	575
			1782	576
			1783	576
			1784	577
			1785	578
			1786	579
			1787	580
			1788	581
			1789	582
			1790	582
			1791	583
			1792	584
			1793	585
			1794	586
			1795	587
			1796	588
			1797	589
			1798	589
			1799	590
			1800	591
			1801	592
			1802	593
			1803	594
			1804	595
			1805	596
			1806	596
			1807	597
			1808	598
			1809	599
			1810	600
			1811	601
			1812	602
			1813	603
			1814	603
			1815	604
			1816	605
			1817	606
			1818	607
			1819	608
			1820	609
			1821	610
			1822	611
			1823	611
			1824	612
			1825	613
			1826	614
			1827	615
			1828	616
			1829	617
			1830	618
			1831	619
			1832	619
			1833	620
			1834	621
			1835	622
			1836	623
			1837	624
			1838	625
			1839	626
			1840	627
			1841	627
			1842	628
			1843	629
			1844	630
			1845	631
			1846	632
			1847	633
			1848	634
			1849	635
			1850	636
			1851	636
			1852	637
			1853	638
			1854	639
			1855	640
			1856	641
			1857	642
			1858	643
			1859	644
			1860	645
			1861	645
			1862	646
			1863	647
			1864	648
			1865	649
			1866	650
			1867	650
			1868	651
			1868	652
			1869	652
			1870	653
			1871	653
			1871	654
			1872	655
			1873	655
			1873	656
			1874	657
			1875	657
			1876	658
			1876	659
			1877	659
			1878	660
			1879	661
			1880	662
			1881	663
			1882	664
			1883	664
			1884	665
			1884	666
			1885	667
			1886	668
			1887	668
			1888	669
			1889	670
			1890	671
			1891	672
			1892	672
			1892	673
			1893	674
			1894	675
			1895	676
			1896	676
			1897	677
			1898	678
			1899	679
			1900	679
			1900	680
			1901	681
			1902	682
			1903	683
			1904	683
			1905	684
			1906	685
			1907	686
			1908	687
			1908	688
			1909	688
			1910	689
			1911	690
			1912	691
			1913	692
			1914	692
			1915	693
			1916	694
			1916	695
			1917	696
			1918	696
			1919	697
			1920	698
			1921	699
			1922	700
			1923	700
			1924	701
			1924	702
			1925	703
			1926	704
			1927	704
			1928	705
			1929	706
			1930	707
			1931	708
			1932	709
			1933	710
			1934	711
			1935	712
			1936	713
			1937	713
			1937	714
			1938	714
			1939	715
			1939	716
			1940	716
			1941	717
			1942	718
			1943	719
			1944	720
			1945	721
			1946	722
			1947	722
			1948	723
			1948	724
			1949	725
			1950	725
			1951	726
			1951	727
			1952	727
			1953	728
			1954	729
			1955	730
			1956	731
			1957	732
			1958	733
			1959	734
			1960	734
			1961	735
			1962	736
			1963	737
			1964	738
			1964	739
			1965	740
			1966	740
			1967	741
			1968	742
			1969	743
			1970	744
			1971	745
			1972	746
			1973	746
			1974	747
			1975	748
			1976	749
			1977	750
			1978	751
			1978	752
			1979	752
			1980	753
			1981	754
			1982	755
			1983	756
			1984	757
			1985	758
			1986	759
			1987	759
			1988	760
			1989	761
			1990	762
			1991	763
			1992	764
			1992	765
			1993	765
			1994	766
			1995	767
			1996	768
			1997	769
			1998	770
			1999	771
			2000	772
			2001	772
			2002	773
			2003	774
			2004	775
			2005	776
			2006	777
			2007	778
			2007	779
			2008	779
			2009	780
			2010	781
			2010	782
			2011	783
			2011	784
			2012	785
			2012	786
			2013	787
			2013	788
			2014	789
			2014	790
			2015	791
			2016	792
			2016	793
			2017	794
			2017	795
			2018	796
			2018	797
			2019	798
			2019	799
			2020	800
			2020	801
			2021	802
			2021	803
			2022	804
			2023	805
			2023	806
			2024	807
			2024	808
			2025	809
			2025	810
			2026	811
			2026	812
			2027	813
			2027	814
			2028	815
			2028	816
			2029	817
			2029	818
			2030	819
			2030	820
			2031	821
			2031	822
			2032	823
			2033	824
			2033	825
			2034	826
			2034	827
			2035	828
			2035	829
			2036	830
			2036	831
			2037	832
			2037	833
			2038	834
			2038	835
			2039	836
			2039	837
			2040	838
			2040	839
			2041	840
			2041	841
			2042	842
			2042	843
			2043	843
			2043	844
			2044	845
			2044	846
			2045	847
			2045	848
			2046	849
			2046	850
			2047	851
			2047	852
			2048	853
			2048	854
			2049	855
			2049	856
			2050	857
			2050	858
			2051	859
			2051	860
			2052	861
			2052	862
			2053	863
			2054	864
			2054	865
			2054	866
			2055	866
			2055	867
			2055	868
			2056	868
			2056	869
			2056	870
			2057	871
			2057	872
			2058	873
			2059	874
			2059	875
			2059	876
			2060	876
			2060	877
			2061	878
			2061	879
			2061	880
			2062	880
			2062	881
			2063	882
			2063	883
			2064	884
			2064	885
			2065	886
			2065	887
			2066	888
			2066	889
			2067	890
			2067	891
			2068	892
			2068	893
			2069	894
			2069	895
			2070	896
			2070	897
			2071	898
			2072	899
			2072	900
			2072	901
			2073	901
			2073	902
			2073	903
			2074	903
			2074	904
			2074	905
			2075	905
			2075	906
			2075	907
			2076	908
			2076	909
			2077	910
			2077	911
			2078	912
			2078	913
			2079	913
			2079	914
			2079	915
			2080	916
			2080	917
			2081	917
			2081	918
			2081	919
			2082	920
			2082	921
			2083	921
			2083	922
			2083	923
			2084	924
			2084	925
			2085	925
			2085	926
			2085	927
			2086	928
			2087	929
			2087	930
			2088	931
			2088	932
			2088	933
			2089	934
			2089	935
			2090	936
			2090	937
			2091	938
			2091	939
			2092	940
			2093	941
			2093	942
			2093	943
			2094	944
			2094	945
			2095	946
			2096	947
			2096	948
			2096	949
			2097	950
			2097	951
			2098	952
			2098	953
			2099	954
			2099	955
			2100	956
			2100	957
			2101	958
			2101	959
			2102	960
			2102	961
			2103	962
			2103	963
			2104	964
			2104	965
			2105	966
			2105	967
			2106	968
			2106	969
			2107	970
			2107	971
			2107	972
			2108	972
			2108	973
			2109	974
			2109	975
			2109	976
			2110	976
			2110	977
			2110	978
			2111	979
			2111	980
			2112	980
			2112	981
			2112	982
			2113	983
			2113	984
			2114	985
			2114	986
			2115	987
			2115	988
			2116	989
			2116	990
			2116	991
			2117	992
			2117	993
			2118	994
			2119	995
			2119	996
			2120	997
			2120	998
			2120	999
			2121	1000
			2121	1001
			2122	1002
			2122	1003
			2123	1004
			2123	1005
			2124	1006
			2124	1007
			2125	1008
			2125	1009
			2126	1010
			2126	1011
			2126	1012
			2127	1013
			2127	1014
			2128	1015
			2128	1016
			2129	1016
			2129	1017
			2129	1018
			2130	1019
			2130	1020
			2131	1021
			2131	1022
			2132	1023
			2132	1024
			2132	1025
			2133	1026
			2133	1027
			2134	1028
			2134	1029
			2135	1030
			2135	1031
			2136	1032
			2136	1033
			2137	1034
			2137	1035
			2137	1036
			2138	1036
			2138	1037
			2138	1038
			2139	1039
			2139	1040
			2140	1041
			2140	1042
			2141	1043
			2141	1044
			2141	1045
			2142	1046
			2142	1047
			2143	1048
			2143	1049
			2144	1050
			2144	1051
			2145	1052
			2145	1053
			2146	1054
			2146	1055
			2146	1056
			2147	1057
			2147	1058
			2148	1059
			2148	1060
			2149	1061
			2149	1062
			2149	1063
			2150	1064
			2150	1065
			2151	1066
			2151	1067
			2151	1068
			2152	1069
			2153	1070
			2153	1071
			2153	1072
			2154	1073
			2154	1074
			2155	1075
			2155	1076
			2155	1077
			2156	1078
			2156	1079
			2157	1080
			2157	1081
			2158	1082
			2158	1083
			2158	1084
			2159	1085
			2159	1086
			2160	1087
			2160	1088
			2161	1089
			2161	1090
			2161	1091
			2162	1091
			2162	1092
			2162	1093
			2163	1094
			2163	1095
			2164	1096
			2164	1097
			2164	1098
			2165	1099
			2165	1100
			2166	1101
			2166	1102
			2166	1103
			2167	1104
			2167	1105
			2167	1106
			2168	1107
			2168	1108
			2169	1108
			2169	1109
			2169	1110
			2170	1111
			2170	1112
			2170	1113
			2171	1114
			2171	1115
			2171	1116
			2172	1117
			2172	1118
			2173	1118
			2173	1119
			2173	1120
			2174	1121
			2174	1122
			2174	1123
			2175	1124
			2175	1125
			2176	1126
			2176	1127
			2176	1128
			2177	1129
			2177	1130
			2177	1131
			2178	1132
			2178	1133
			2179	1134
			2179	1135
			2179	1136
			2180	1137
			2180	1138
			2180	1139
			2181	1140
			2181	1141
			2181	1142
			2182	1142
			2182	1143
			2182	1144
			2183	1145
			2183	1146
			2183	1147
			2184	1148
			2184	1149
			2185	1150
			2185	1151
			2185	1152
			2186	1153
			2186	1154
			2186	1155
			2187	1156
			2187	1157
			2188	1158
			2188	1159
			2188	1160
			2189	1161
			2189	1162
			2189	1163
			2190	1164
			2190	1165
			2190	1166
			2191	1167
			2191	1168
			2191	1169
			2192	1170
			2192	1171
			2192	1172
			2193	1173
			2193	1174
			2193	1175
			2194	1176
			2194	1177
			2194	1178
			2195	1179
			2195	1180
			2195	1181
			2195	1182
			2196	1183
			2196	1184
			2196	1185
			2197	1185
			2197	1186
			2197	1187
			2198	1188
			2198	1189
			2198	1190
			2198	1191
			2199	1192
			2199	1193
			2199	1194
			2200	1195
			2200	1196
			2200	1197
			2201	1198
			2201	1199
			2201	1200
			2201	1201
			2202	1201
			2202	1202
			2202	1203
			2202	1204
			2203	1205
			2203	1206
			2203	1207
			2203	1208
			2204	1209
			2204	1210
			2204	1211
			2205	1212
			2205	1213
			2205	1214
			2205	1215
			2206	1216
			2206	1217
			2206	1218
			2207	1219
			2207	1220
			2207	1221
			2207	1222
			2207	1223
			2208	1224
			2208	1225
			2208	1226
			2208	1227
			2209	1227
			2209	1228
			2209	1229
			2209	1230
			2209	1231
			2210	1232
			2210	1233
			2210	1234
			2210	1235
			2210	1236
			2211	1237
			2211	1238
			2211	1239
			2211	1240
			2212	1241
			2212	1242
			2212	1243
			2212	1244
			2212	1245
			2213	1246
			2213	1247
			2213	1248
			2213	1249
			2213	1250
			2214	1251
			2214	1252
			2214	1253
			2214	1254
			2214	1255
			2214	1256
			2214	1257
			2215	1258
			2215	1259
			2215	1260
			2215	1261
			2215	1262
			2215	1263
			2215	1264
			2216	1265
			2216	1266
			2216	1267
			2216	1268
			2216	1269
			2216	1270
			2216	1271
			2216	1272
			2216	1273
			2216	1274
			2217	1275
			2217	1276
			2217	1277
			2217	1278
			2217	1279
			2217	1280
			2217	1281
			2217	1282
			2217	1283
			2217	1284
			2217	1285
			2217	1286
			2217	1287
			2217	1288
			2216	1289
			2215	1290
			2215	1291
			2214	1292
			2214	1293
			2213	1294
			2213	1295
			2212	1296
			2212	1297
			2212	1298
			2211	1299
			2210	1300
			2210	1301
			2209	1302
			2209	1303
			2208	1304
			2208	1305
			2207	1306
			2206	1307
			2206	1308
			2205	1309
			2205	1310
			2204	1311
			2204	1312
			2203	1313
			2203	1314
			2202	1315
			2202	1316
			2201	1316
			2201	1317
			2200	1318
			2200	1319
			2199	1320
			2199	1321
			2199	1322
			2198	1322
			2198	1323
			2197	1324
			2197	1325
			2196	1326
			2196	1327
			2195	1327
			2195	1328
			2194	1329
			2194	1330
			2193	1331
			2193	1332
			2192	1332
			2192	1333
			2191	1334
			2191	1335
			2190	1336
			2189	1337
			2189	1338
			2188	1339
			2188	1340
			2187	1341
			2187	1342
			2186	1343
			2186	1344
			2185	1345
			2184	1345
			2184	1346
			2183	1347
			2183	1348
			2182	1349
			2182	1350
			2181	1351
			2180	1352
			2180	1353
			2179	1353
			2179	1354
			2178	1355
			2178	1356
			2177	1357
			2177	1358
			2176	1359
			2175	1359
			2175	1360
			2174	1361
			2174	1362
			2173	1363
			2172	1364
			2172	1365
			2171	1366
			2170	1367
			2170	1368
			2169	1369
			2168	1370
			2168	1371
			2167	1372
			2166	1373
			2166	1374
			2165	1374
			2164	1375
			2164	1376
			2163	1377
			2162	1378
			2162	1379
			2161	1380
			2160	1380
			2160	1381
			2159	1382
			2158	1383
			2158	1384
			2157	1385
			2156	1385
			2156	1386
			2155	1387
			2155	1388
			2154	1389
			2153	1389
			2153	1390
			2152	1391
			2151	1392
			2150	1393
			2149	1394
			2149	1395
			2148	1396
			2147	1397
			2146	1397
			2146	1398
			2145	1399
			2144	1400
			2143	1401
			2142	1402
			2141	1403
			2140	1404
			2139	1405
			2138	1406
			2137	1407
			2136	1408
			2135	1409
			2134	1410
			2133	1411
			2132	1412
			2131	1412
			2131	1413
			2130	1413
			2129	1414
			2128	1415
			2127	1416
			2126	1417
			2125	1418
			2124	1418
			2123	1419
			2122	1420
			2121	1421
			2120	1421
			2119	1422
			2118	1422
			2117	1423
			2116	1424
			2115	1425
			2114	1425
			2113	1426
			2112	1426
			2111	1427
			2110	1427
			2109	1428
			2108	1428
			2107	1428
			2107	1429
			2106	1429
			2105	1430
			2104	1430
			2103	1430
			2102	1431
			2101	1431
			2100	1431
			2099	1432
			2098	1432
			2097	1432
			2096	1433
			2095	1433
			2094	1433
			2093	1433
			2092	1434
			2091	1434
			2090	1434
			2089	1434
			2088	1434
			2087	1434
			2086	1434
			2085	1434
			2084	1434
			2083	1434
			2082	1434
			2081	1434
			2080	1434
			2079	1434
			2078	1434
			2077	1434
			2076	1434
			2075	1433
			2074	1433
			2073	1433
			2072	1433
			2071	1433
			2070	1432
			2069	1432
			2068	1432
			2067	1431
			2066	1431
			2065	1430
			2064	1430
			2063	1429
			2062	1429
			2061	1429
			2061	1428
			2060	1428
			2059	1428
			2059	1427
			2058	1427
			2057	1427
			2057	1426
			2056	1426
			2055	1425
			2054	1424
			2053	1424
			2052	1423
			2051	1423
			2051	1422
			2050	1421
			2049	1421
			2049	1420
			2048	1420
			2047	1419
			2046	1418
			2045	1417
			2044	1416
			2043	1415
			2042	1414
			2041	1414
			2041	1413
			2040	1412
			2039	1411
			2038	1410
			2037	1409
			2036	1408
			2035	1407
			2035	1406
			2034	1405
		</Profile>
		<Eye type=matrix rownames=FALSE colnames=FALSE nrow=2118 ncol=2 as.numeric=TRUE >
			1588	1084
			1587	1085
			1586	1085
			1586	1086
			1585	1086
			1584	1087
			1583	1088
			1582	1089
			1581	1090
			1580	1090
			1579	1091
			1578	1092
			1577	1092
			1576	1093
			1575	1094
			1574	1095
			1573	1095
			1572	1096
			1571	1097
			1570	1097
			1569	1098
			1568	1099
			1567	1099
			1566	1100
			1565	1101
			1564	1101
			1563	1102
			1562	1103
			1561	1103
			1560	1104
			1559	1104
			1558	1105
			1557	1106
			1556	1106
			1555	1107
			1554	1108
			1553	1108
			1552	1109
			1551	1109
			1550	1110
			1549	1111
			1548	1111
			1547	1112
			1546	1112
			1545	1113
			1544	1114
			1543	1114
			1542	1115
			1541	1115
			1540	1116
			1539	1116
			1538	1117
			1537	1118
			1536	1118
			1535	1119
			1534	1119
			1533	1120
			1532	1120
			1531	1121
			1530	1121
			1529	1122
			1528	1122
			1527	1123
			1526	1123
			1525	1124
			1524	1124
			1523	1125
			1522	1125
			1521	1126
			1520	1126
			1519	1127
			1518	1127
			1517	1128
			1516	1128
			1515	1129
			1514	1129
			1513	1129
			1513	1130
			1512	1130
			1511	1130
			1510	1131
			1509	1131
			1508	1132
			1507	1132
			1506	1132
			1505	1133
			1504	1133
			1503	1134
			1502	1134
			1501	1134
			1500	1135
			1499	1135
			1498	1135
			1497	1136
			1496	1136
			1495	1137
			1494	1137
			1493	1137
			1492	1138
			1491	1138
			1490	1138
			1490	1139
			1489	1139
			1488	1139
			1487	1140
			1486	1140
			1485	1140
			1484	1141
			1483	1141
			1482	1141
			1481	1142
			1480	1142
			1479	1142
			1478	1143
			1477	1143
			1476	1143
			1475	1143
			1474	1144
			1473	1144
			1472	1144
			1471	1145
			1470	1145
			1469	1145
			1468	1146
			1467	1146
			1466	1146
			1465	1146
			1464	1147
			1463	1147
			1462	1147
			1461	1147
			1460	1148
			1459	1148
			1458	1148
			1457	1148
			1456	1149
			1455	1149
			1454	1149
			1453	1149
			1452	1149
			1452	1150
			1451	1150
			1450	1150
			1449	1150
			1448	1150
			1447	1151
			1446	1151
			1445	1151
			1444	1151
			1443	1151
			1442	1152
			1441	1152
			1440	1152
			1439	1152
			1438	1152
			1438	1153
			1437	1153
			1436	1153
			1435	1153
			1434	1153
			1433	1153
			1432	1154
			1431	1154
			1430	1154
			1429	1154
			1428	1154
			1427	1154
			1426	1155
			1425	1155
			1424	1155
			1423	1155
			1422	1155
			1421	1155
			1420	1155
			1419	1155
			1418	1156
			1417	1156
			1416	1156
			1415	1156
			1414	1156
			1413	1156
			1412	1156
			1411	1156
			1410	1157
			1409	1157
			1408	1157
			1407	1157
			1406	1157
			1405	1157
			1404	1157
			1403	1157
			1402	1157
			1401	1158
			1400	1158
			1399	1158
			1398	1158
			1397	1158
			1396	1158
			1395	1158
			1394	1158
			1393	1158
			1392	1158
			1391	1158
			1390	1158
			1389	1158
			1388	1158
			1387	1159
			1386	1159
			1385	1159
			1384	1159
			1383	1159
			1382	1159
			1381	1159
			1380	1159
			1379	1159
			1378	1159
			1377	1159
			1376	1159
			1375	1159
			1374	1159
			1373	1159
			1372	1159
			1371	1159
			1370	1159
			1369	1159
			1368	1159
			1367	1159
			1366	1159
			1365	1159
			1364	1159
			1363	1159
			1362	1159
			1361	1159
			1360	1159
			1359	1159
			1358	1159
			1357	1159
			1356	1159
			1355	1159
			1354	1159
			1353	1159
			1352	1159
			1351	1159
			1350	1159
			1349	1159
			1348	1159
			1347	1159
			1346	1159
			1345	1159
			1344	1159
			1343	1159
			1342	1159
			1341	1159
			1340	1159
			1339	1159
			1338	1159
			1337	1158
			1336	1158
			1335	1158
			1334	1158
			1333	1158
			1332	1158
			1331	1158
			1330	1158
			1329	1158
			1328	1158
			1327	1158
			1326	1158
			1325	1158
			1324	1158
			1323	1158
			1322	1158
			1321	1157
			1320	1157
			1319	1157
			1318	1157
			1317	1157
			1316	1157
			1315	1157
			1314	1157
			1313	1157
			1312	1157
			1311	1156
			1310	1156
			1309	1156
			1308	1156
			1307	1156
			1306	1156
			1305	1156
			1304	1156
			1303	1156
			1303	1155
			1302	1155
			1301	1155
			1300	1155
			1299	1155
			1298	1155
			1297	1155
			1296	1155
			1295	1154
			1294	1154
			1293	1154
			1292	1154
			1291	1154
			1290	1154
			1289	1154
			1288	1154
			1287	1153
			1286	1153
			1285	1153
			1284	1153
			1283	1153
			1282	1153
			1281	1153
			1280	1152
			1279	1152
			1278	1152
			1277	1152
			1276	1152
			1275	1152
			1274	1151
			1273	1151
			1272	1151
			1271	1151
			1270	1151
			1269	1150
			1268	1150
			1267	1150
			1266	1150
			1265	1150
			1264	1150
			1264	1149
			1263	1149
			1262	1149
			1261	1149
			1260	1149
			1259	1149
			1258	1148
			1257	1148
			1256	1148
			1255	1148
			1254	1148
			1253	1147
			1252	1147
			1251	1147
			1250	1147
			1249	1147
			1248	1146
			1247	1146
			1246	1146
			1245	1146
			1244	1146
			1243	1145
			1242	1145
			1241	1145
			1240	1145
			1239	1144
			1238	1144
			1237	1144
			1236	1144
			1235	1143
			1234	1143
			1233	1143
			1232	1143
			1231	1143
			1231	1142
			1230	1142
			1229	1142
			1228	1142
			1227	1142
			1226	1141
			1225	1141
			1224	1141
			1223	1140
			1222	1140
			1221	1140
			1220	1140
			1219	1139
			1218	1139
			1217	1139
			1216	1139
			1215	1138
			1214	1138
			1213	1138
			1212	1138
			1211	1137
			1210	1137
			1209	1137
			1208	1137
			1207	1136
			1206	1136
			1205	1136
			1204	1135
			1203	1134
			1202	1134
			1201	1133
			1200	1133
			1199	1132
			1198	1132
			1197	1131
			1196	1130
			1195	1130
			1194	1130
			1193	1129
			1192	1129
			1192	1128
			1191	1128
			1190	1127
			1189	1127
			1188	1126
			1187	1125
			1186	1125
			1185	1124
			1184	1124
			1183	1123
			1182	1123
			1181	1122
			1180	1122
			1179	1121
			1178	1121
			1177	1120
			1176	1119
			1175	1119
			1175	1118
			1174	1118
			1173	1117
			1172	1117
			1171	1116
			1170	1115
			1169	1115
			1168	1114
			1167	1114
			1166	1113
			1165	1113
			1164	1112
			1163	1111
			1162	1110
			1161	1110
			1160	1109
			1159	1109
			1159	1108
			1158	1108
			1157	1108
			1157	1107
			1156	1107
			1155	1106
			1154	1105
			1153	1105
			1152	1104
			1151	1103
			1150	1103
			1149	1102
			1148	1102
			1148	1101
			1147	1101
			1146	1100
			1145	1100
			1145	1099
			1144	1099
			1143	1098
			1142	1098
			1142	1097
			1141	1096
			1140	1096
			1139	1095
			1138	1094
			1137	1093
			1136	1093
			1135	1092
			1134	1091
			1133	1091
			1132	1090
			1131	1090
			1130	1089
			1130	1088
			1129	1088
			1128	1087
			1127	1086
			1126	1086
			1125	1085
			1124	1084
			1123	1083
			1122	1082
			1121	1082
			1120	1081
			1119	1080
			1118	1079
			1117	1078
			1116	1078
			1115	1077
			1114	1076
			1113	1075
			1112	1074
			1111	1074
			1110	1073
			1109	1072
			1108	1071
			1107	1070
			1106	1070
			1105	1069
			1104	1068
			1103	1067
			1102	1066
			1101	1066
			1100	1065
			1099	1064
			1098	1063
			1097	1062
			1096	1061
			1095	1061
			1094	1060
			1093	1059
			1093	1058
			1092	1057
			1091	1056
			1090	1056
			1089	1055
			1088	1054
			1087	1053
			1086	1052
			1085	1051
			1084	1051
			1083	1050
			1083	1049
			1082	1048
			1081	1047
			1080	1046
			1079	1045
			1078	1045
			1077	1044
			1076	1043
			1076	1042
			1075	1041
			1074	1040
			1073	1039
			1072	1038
			1071	1038
			1070	1037
			1070	1036
			1069	1035
			1068	1034
			1067	1033
			1066	1032
			1065	1031
			1064	1030
			1063	1029
			1062	1028
			1061	1027
			1061	1026
			1060	1026
			1059	1025
			1059	1024
			1058	1024
			1058	1023
			1057	1022
			1056	1022
			1056	1021
			1055	1020
			1054	1019
			1053	1018
			1052	1017
			1052	1016
			1051	1015
			1050	1015
			1050	1014
			1049	1013
			1048	1012
			1048	1011
			1047	1011
			1046	1010
			1046	1009
			1045	1008
			1044	1007
			1043	1006
			1042	1005
			1042	1004
			1041	1003
			1040	1002
			1039	1001
			1039	1000
			1038	999
			1037	998
			1036	997
			1036	996
			1035	995
			1034	994
			1033	993
			1033	992
			1032	991
			1031	990
			1030	989
			1030	988
			1029	987
			1028	986
			1028	985
			1027	984
			1026	983
			1026	982
			1025	981
			1024	980
			1023	979
			1023	978
			1022	977
			1021	976
			1021	975
			1020	974
			1019	973
			1019	972
			1018	971
			1017	970
			1017	969
			1016	968
			1015	967
			1015	966
			1014	965
			1014	964
			1013	963
			1013	962
			1012	961
			1011	960
			1011	959
			1010	958
			1010	957
			1009	956
			1008	955
			1008	954
			1007	953
			1007	952
			1006	951
			1006	950
			1005	949
			1004	948
			1004	947
			1004	946
			1003	946
			1003	945
			1002	944
			1002	943
			1001	942
			1001	941
			1000	940
			1000	939
			999	938
			999	937
			998	936
			998	935
			997	934
			997	933
			996	932
			996	931
			995	930
			995	929
			994	928
			994	927
			993	926
			993	925
			992	924
			992	923
			991	922
			991	921
			990	920
			990	919
			990	918
			989	917
			989	916
			988	915
			988	914
			987	913
			987	912
			986	911
			986	910
			986	909
			985	908
			985	907
			984	906
			984	905
			984	904
			983	903
			983	902
			982	901
			982	900
			982	899
			981	898
			981	897
			981	896
			980	895
			980	894
			979	893
			979	892
			979	891
			978	890
			978	889
			978	888
			977	887
			977	886
			977	885
			976	884
			976	883
			975	882
			975	881
			975	880
			975	879
			974	879
			974	878
			974	877
			974	876
			973	875
			973	874
			973	873
			972	872
			972	871
			972	870
			972	869
			972	868
			972	867
			972	866
			972	865
			972	864
			972	863
			972	862
			972	861
			972	860
			972	859
			972	858
			972	857
			972	856
			972	855
			972	854
			971	853
			971	852
			971	851
			971	850
			971	849
			971	848
			971	847
			971	846
			971	845
			971	844
			971	843
			971	842
			971	841
			971	840
			971	839
			971	838
			971	837
			971	836
			971	835
			971	834
			971	833
			971	832
			971	831
			972	830
			972	829
			972	828
			972	827
			972	826
			972	825
			972	824
			972	823
			972	822
			972	821
			972	820
			972	819
			972	818
			972	817
			972	816
			972	815
			972	814
			972	813
			972	812
			972	811
			972	810
			972	809
			972	808
			972	807
			972	806
			973	805
			973	804
			973	803
			973	802
			973	801
			973	800
			973	799
			973	798
			973	797
			973	796
			973	795
			973	794
			973	793
			973	792
			974	791
			974	790
			974	789
			974	788
			974	787
			974	786
			974	785
			974	784
			974	783
			974	782
			975	781
			975	780
			975	779
			975	778
			975	777
			975	776
			975	775
			975	774
			975	773
			976	772
			976	771
			976	770
			976	769
			976	768
			976	767
			976	766
			976	765
			977	764
			977	763
			977	762
			977	761
			977	760
			977	759
			977	758
			978	758
			978	757
			978	756
			978	755
			978	754
			978	753
			979	752
			979	751
			979	750
			979	749
			979	748
			979	747
			980	746
			980	745
			980	744
			980	743
			980	742
			981	741
			981	740
			981	739
			981	738
			981	737
			982	736
			982	735
			982	734
			982	733
			982	732
			983	731
			983	730
			983	729
			983	728
			983	727
			984	726
			984	725
			984	724
			984	723
			984	722
			985	722
			985	721
			985	720
			985	719
			986	718
			986	717
			986	716
			986	715
			987	714
			987	713
			987	712
			987	711
			988	711
			988	710
			988	709
			988	708
			989	707
			989	706
			989	705
			989	704
			990	703
			990	702
			990	701
			991	700
			991	699
			991	698
			991	697
			992	697
			992	696
			992	695
			992	694
			993	693
			993	692
			993	691
			994	690
			994	689
			994	688
			995	687
			995	686
			995	685
			996	684
			996	683
			996	682
			997	682
			997	681
			997	680
			998	679
			998	678
			998	677
			999	676
			999	675
			999	674
			1000	674
			1000	673
			1000	672
			1001	671
			1001	670
			1001	669
			1002	668
			1002	667
			1003	666
			1003	665
			1004	664
			1004	663
			1005	662
			1005	661
			1005	660
			1005	659
			1006	659
			1006	658
			1006	657
			1007	657
			1007	656
			1007	655
			1008	654
			1008	653
			1009	652
			1009	651
			1010	650
			1010	649
			1011	648
			1011	647
			1012	646
			1012	645
			1013	644
			1013	643
			1014	642
			1014	641
			1015	640
			1015	639
			1016	638
			1016	637
			1017	636
			1017	635
			1018	634
			1019	633
			1019	632
			1020	631
			1020	630
			1021	629
			1021	628
			1022	627
			1022	626
			1023	625
			1024	624
			1024	623
			1025	622
			1025	621
			1026	620
			1026	619
			1027	618
			1028	617
			1028	616
			1029	615
			1029	614
			1030	613
			1031	612
			1032	611
			1032	610
			1033	609
			1034	608
			1035	607
			1035	606
			1036	605
			1036	604
			1037	603
			1038	602
			1039	601
			1039	600
			1040	599
			1041	598
			1041	597
			1042	596
			1043	595
			1043	594
			1044	594
			1045	593
			1045	592
			1046	591
			1047	590
			1048	589
			1048	588
			1049	587
			1050	586
			1050	585
			1051	585
			1052	584
			1053	583
			1053	582
			1054	581
			1055	580
			1056	579
			1056	578
			1057	578
			1058	577
			1059	576
			1059	575
			1060	574
			1061	573
			1062	572
			1063	572
			1063	571
			1064	570
			1065	569
			1066	568
			1066	567
			1067	566
			1068	566
			1069	565
			1070	564
			1071	563
			1071	562
			1072	562
			1073	561
			1074	560
			1075	559
			1075	558
			1076	557
			1077	557
			1078	556
			1079	555
			1080	554
			1081	554
			1081	553
			1082	552
			1083	551
			1084	550
			1085	550
			1086	549
			1087	548
			1087	547
			1088	547
			1089	546
			1090	545
			1091	544
			1092	544
			1093	543
			1094	542
			1095	541
			1096	541
			1097	540
			1098	539
			1099	539
			1100	538
			1101	537
			1102	537
			1103	536
			1104	535
			1105	534
			1106	534
			1107	533
			1108	532
			1109	532
			1110	531
			1111	530
			1112	530
			1113	529
			1114	529
			1115	528
			1116	527
			1117	527
			1118	526
			1119	525
			1120	525
			1121	524
			1122	523
			1123	523
			1124	522
			1125	522
			1126	521
			1127	520
			1128	520
			1129	519
			1130	519
			1131	518
			1132	517
			1133	517
			1134	516
			1135	516
			1136	515
			1137	514
			1138	514
			1139	513
			1140	513
			1141	512
			1142	512
			1143	511
			1144	510
			1145	510
			1146	509
			1147	509
			1148	508
			1149	508
			1150	507
			1151	507
			1152	506
			1153	505
			1154	505
			1155	504
			1156	504
			1157	503
			1158	503
			1159	502
			1160	502
			1161	501
			1162	501
			1163	500
			1164	500
			1165	499
			1166	499
			1167	498
			1168	498
			1169	497
			1170	497
			1171	496
			1172	496
			1173	495
			1174	495
			1175	495
			1176	494
			1177	494
			1178	493
			1179	493
			1180	492
			1181	492
			1182	491
			1183	491
			1184	490
			1185	490
			1186	490
			1187	489
			1188	489
			1189	488
			1190	488
			1191	487
			1192	487
			1193	487
			1194	486
			1195	486
			1196	485
			1197	485
			1198	485
			1199	484
			1200	484
			1201	483
			1202	483
			1203	483
			1204	482
			1205	482
			1206	482
			1207	481
			1208	481
			1209	480
			1210	480
			1211	480
			1212	480
			1213	479
			1214	479
			1215	478
			1216	478
			1217	478
			1218	478
			1219	477
			1220	477
			1221	477
			1222	476
			1223	476
			1224	476
			1225	475
			1226	475
			1227	475
			1228	474
			1229	474
			1230	474
			1231	474
			1231	473
			1232	473
			1233	473
			1234	473
			1235	472
			1236	472
			1237	472
			1238	472
			1238	471
			1239	471
			1240	471
			1241	471
			1242	471
			1242	470
			1243	470
			1244	470
			1245	470
			1246	469
			1247	469
			1248	469
			1249	469
			1250	469
			1251	468
			1252	468
			1253	468
			1254	468
			1255	468
			1256	467
			1257	467
			1258	467
			1259	467
			1260	466
			1261	466
			1262	466
			1263	466
			1264	466
			1265	465
			1266	465
			1267	465
			1268	465
			1269	465
			1270	464
			1271	464
			1272	464
			1273	464
			1274	464
			1275	464
			1276	463
			1277	463
			1278	463
			1279	463
			1280	463
			1281	463
			1282	463
			1283	462
			1284	462
			1285	462
			1286	462
			1287	462
			1288	462
			1289	462
			1290	461
			1291	461
			1292	461
			1293	461
			1294	461
			1295	461
			1296	461
			1297	461
			1298	461
			1299	460
			1300	460
			1301	460
			1302	460
			1303	460
			1304	460
			1305	460
			1306	460
			1307	460
			1308	460
			1309	460
			1310	460
			1311	459
			1312	459
			1313	459
			1314	459
			1315	459
			1316	459
			1317	459
			1318	459
			1319	459
			1320	459
			1321	459
			1322	459
			1323	459
			1324	459
			1325	459
			1326	459
			1327	459
			1328	459
			1329	459
			1330	459
			1331	459
			1332	459
			1333	459
			1334	459
			1335	459
			1336	459
			1337	459
			1338	459
			1339	459
			1340	459
			1341	459
			1342	459
			1343	459
			1344	459
			1345	459
			1346	459
			1347	459
			1348	459
			1349	459
			1350	459
			1351	459
			1352	459
			1353	459
			1354	459
			1355	459
			1356	459
			1357	459
			1358	459
			1359	459
			1360	459
			1361	459
			1362	459
			1363	459
			1364	460
			1365	460
			1366	460
			1367	460
			1368	460
			1369	460
			1370	460
			1371	460
			1372	460
			1373	460
			1374	460
			1375	460
			1376	461
			1377	461
			1378	461
			1379	461
			1380	461
			1381	461
			1382	461
			1383	461
			1384	461
			1385	461
			1386	462
			1387	462
			1388	462
			1389	462
			1390	462
			1391	462
			1392	462
			1393	462
			1393	463
			1394	463
			1395	463
			1396	463
			1397	463
			1398	463
			1399	463
			1400	464
			1401	464
			1402	464
			1403	464
			1404	464
			1405	464
			1406	464
			1407	465
			1408	465
			1409	465
			1410	465
			1411	465
			1412	466
			1413	466
			1414	466
			1415	466
			1416	466
			1417	467
			1418	467
			1419	467
			1420	467
			1421	467
			1422	467
			1423	468
			1424	468
			1425	468
			1426	468
			1427	469
			1428	469
			1429	469
			1430	469
			1431	469
			1432	470
			1433	470
			1434	470
			1435	470
			1436	470
			1437	471
			1438	471
			1439	471
			1440	471
			1441	472
			1442	472
			1443	472
			1444	472
			1445	473
			1446	473
			1447	473
			1448	473
			1449	474
			1450	474
			1451	474
			1452	474
			1453	475
			1454	475
			1455	475
			1455	476
			1456	476
			1457	476
			1458	476
			1459	477
			1460	477
			1461	477
			1462	478
			1463	478
			1464	478
			1465	478
			1466	479
			1467	479
			1468	479
			1469	480
			1470	480
			1471	480
			1472	481
			1473	481
			1474	481
			1475	482
			1476	482
			1477	482
			1478	483
			1479	483
			1480	483
			1481	483
			1482	484
			1483	484
			1484	485
			1485	485
			1486	485
			1487	486
			1488	486
			1489	486
			1490	487
			1491	487
			1492	487
			1493	488
			1494	488
			1495	488
			1496	489
			1497	489
			1498	490
			1499	490
			1500	490
			1501	491
			1502	491
			1503	491
			1504	492
			1505	492
			1506	493
			1507	493
			1508	493
			1509	494
			1510	494
			1511	495
			1512	495
			1513	496
			1514	497
			1515	497
			1516	498
			1517	498
			1518	499
			1519	500
			1520	500
			1521	501
			1522	502
			1523	502
			1524	503
			1525	503
			1526	504
			1527	505
			1528	505
			1529	506
			1530	507
			1531	507
			1531	508
			1532	508
			1533	509
			1534	510
			1535	510
			1536	511
			1537	512
			1538	512
			1539	513
			1540	514
			1541	514
			1542	515
			1542	516
			1543	516
			1544	517
			1545	518
			1546	518
			1547	519
			1548	520
			1549	520
			1550	521
			1550	522
			1551	522
			1552	523
			1553	524
			1554	524
			1555	525
			1556	526
			1557	526
			1557	527
			1558	528
			1559	528
			1560	529
			1561	530
			1562	531
			1563	531
			1563	532
			1564	533
			1565	533
			1566	534
			1567	535
			1568	535
			1568	536
			1569	537
			1570	538
			1571	538
			1572	539
			1572	540
			1573	540
			1574	541
			1575	542
			1576	543
			1577	543
			1577	544
			1578	545
			1579	546
			1580	546
			1581	547
			1581	548
			1582	549
			1583	549
			1584	550
			1584	551
			1585	551
			1586	552
			1587	553
			1588	554
			1589	555
			1590	556
			1591	557
			1592	558
			1593	559
			1594	560
			1595	561
			1595	562
			1596	563
			1597	563
			1598	564
			1599	565
			1600	566
			1601	567
			1602	568
			1603	569
			1603	570
			1604	571
			1605	572
			1606	573
			1607	574
			1608	575
			1608	576
			1609	577
			1610	578
			1611	579
			1612	580
			1613	581
			1613	582
			1614	583
			1615	584
			1616	585
			1617	586
			1618	587
			1619	588
			1620	589
			1620	590
			1621	591
			1622	592
			1623	593
			1623	594
			1624	595
			1625	596
			1626	597
			1627	598
			1628	599
			1628	600
			1629	601
			1629	602
			1630	602
			1630	603
			1631	604
			1632	605
			1633	606
			1633	607
			1634	608
			1634	609
			1635	609
			1635	610
			1636	611
			1636	612
			1637	612
			1637	613
			1638	614
			1639	615
			1639	616
			1640	616
			1640	617
			1641	618
			1641	619
			1642	620
			1643	621
			1643	622
			1644	623
			1645	624
			1645	625
			1646	626
			1646	627
			1647	628
			1648	629
			1648	630
			1649	631
			1649	632
			1650	633
			1650	634
			1651	635
			1652	636
			1652	637
			1653	638
			1653	639
			1654	640
			1654	641
			1655	642
			1656	643
			1656	644
			1657	645
			1657	646
			1658	647
			1658	648
			1659	649
			1659	650
			1660	651
			1660	652
			1661	653
			1662	654
			1662	655
			1663	656
			1663	657
			1664	658
			1664	659
			1665	660
			1665	661
			1666	662
			1666	663
			1667	664
			1667	665
			1668	666
			1668	667
			1668	668
			1669	668
			1669	669
			1669	670
			1670	671
			1670	672
			1671	673
			1671	674
			1672	675
			1672	676
			1672	677
			1673	677
			1673	678
			1673	679
			1674	680
			1674	681
			1675	682
			1675	683
			1675	684
			1676	685
			1676	686
			1676	687
			1677	688
			1677	689
			1678	690
			1678	691
			1678	692
			1679	692
			1679	693
			1679	694
			1680	695
			1680	696
			1681	697
			1681	698
			1681	699
			1682	700
			1682	701
			1682	702
			1683	703
			1683	704
			1683	705
			1684	706
			1684	707
			1684	708
			1685	709
			1685	710
			1685	711
			1686	712
			1686	713
			1686	714
			1687	715
			1687	716
			1687	717
			1688	718
			1688	719
			1688	720
			1688	721
			1689	722
			1689	723
			1689	724
			1690	725
			1690	726
			1690	727
			1691	728
			1691	729
			1691	730
			1691	731
			1692	732
			1692	733
			1692	734
			1693	735
			1693	736
			1693	737
			1693	738
			1694	739
			1694	740
			1694	741
			1694	742
			1695	743
			1695	744
			1695	745
			1696	746
			1696	747
			1696	748
			1696	749
			1697	750
			1697	751
			1697	752
			1697	753
			1697	754
			1698	755
			1698	756
			1698	757
			1698	758
			1699	759
			1699	760
			1699	761
			1699	762
			1699	763
			1700	764
			1700	765
			1700	766
			1700	767
			1700	768
			1701	769
			1701	770
			1701	771
			1701	772
			1701	773
			1701	774
			1701	775
			1701	776
			1701	777
			1702	778
			1702	779
			1702	780
			1702	781
			1702	782
			1702	783
			1702	784
			1702	785
			1702	786
			1702	787
			1702	788
			1702	789
			1702	790
			1702	791
			1702	792
			1702	793
			1702	794
			1703	795
			1703	796
			1703	797
			1703	798
			1703	799
			1703	800
			1703	801
			1703	802
			1703	803
			1703	804
			1703	805
			1703	806
			1703	807
			1703	808
			1703	809
			1703	810
			1703	811
			1703	812
			1703	813
			1703	814
			1703	815
			1703	816
			1703	817
			1703	818
			1703	819
			1703	820
			1703	821
			1703	822
			1703	823
			1703	824
			1703	825
			1703	826
			1703	827
			1703	828
			1703	829
			1703	830
			1703	831
			1703	832
			1703	833
			1703	834
			1703	835
			1703	836
			1703	837
			1702	838
			1702	839
			1702	840
			1702	841
			1702	842
			1702	843
			1702	844
			1702	845
			1702	846
			1702	847
			1702	848
			1702	849
			1702	850
			1702	851
			1702	852
			1701	853
			1701	854
			1701	855
			1701	856
			1701	857
			1701	858
			1701	859
			1701	860
			1701	861
			1701	862
			1701	863
			1700	864
			1700	865
			1700	866
			1700	867
			1700	868
			1700	869
			1700	870
			1700	871
			1700	872
			1699	873
			1699	874
			1699	875
			1699	876
			1699	877
			1699	878
			1699	879
			1698	880
			1698	881
			1698	882
			1698	883
			1698	884
			1698	885
			1697	886
			1697	887
			1697	888
			1697	889
			1697	890
			1697	891
			1696	892
			1696	893
			1696	894
			1696	895
			1696	896
			1696	897
			1695	898
			1695	899
			1695	900
			1695	901
			1695	902
			1694	903
			1694	904
			1694	905
			1694	906
			1693	907
			1693	908
			1693	909
			1693	910
			1693	911
			1692	912
			1692	913
			1692	914
			1692	915
			1691	916
			1691	917
			1691	918
			1691	919
			1690	920
			1690	921
			1690	922
			1690	923
			1689	924
			1689	925
			1689	926
			1689	927
			1688	928
			1688	929
			1688	930
			1687	930
			1687	931
			1687	932
			1687	933
			1686	934
			1686	935
			1686	936
			1685	937
			1685	938
			1685	939
			1684	940
			1684	941
			1684	942
			1684	943
			1683	944
			1683	945
			1682	946
			1682	947
			1682	948
			1681	949
			1681	950
			1681	951
			1680	952
			1680	953
			1679	954
			1679	955
			1679	956
			1678	957
			1678	958
			1678	959
			1677	960
			1677	961
			1677	962
			1676	963
			1675	964
			1675	965
			1675	966
			1674	967
			1674	968
			1673	969
			1673	970
			1672	971
			1672	972
			1672	973
			1671	973
			1671	974
			1671	975
			1670	976
			1670	977
			1669	978
			1669	979
			1668	980
			1668	981
			1667	982
			1667	983
			1666	984
			1666	985
			1666	986
			1665	987
			1664	988
			1664	989
			1663	990
			1663	991
			1662	992
			1661	993
			1661	994
			1661	995
			1660	996
			1659	997
			1659	998
			1658	999
			1658	1000
			1657	1001
			1657	1002
			1656	1003
			1656	1004
			1655	1005
			1655	1006
			1654	1006
			1653	1007
			1653	1008
			1652	1009
			1652	1010
			1651	1011
			1651	1012
			1650	1013
			1649	1014
			1649	1015
			1648	1015
			1648	1016
			1647	1017
			1646	1018
			1646	1019
			1645	1020
			1645	1021
			1644	1022
			1643	1023
			1642	1024
			1642	1025
			1641	1026
			1640	1027
			1639	1028
			1639	1029
			1638	1030
			1638	1031
			1637	1031
			1637	1032
			1636	1033
			1635	1034
			1634	1035
			1633	1036
			1632	1037
			1632	1038
			1631	1039
			1631	1040
			1630	1040
			1630	1041
			1629	1042
			1628	1043
			1627	1044
			1626	1045
			1625	1046
			1625	1047
			1624	1048
			1623	1049
			1622	1050
			1622	1051
			1621	1051
			1620	1052
			1619	1053
			1619	1054
			1618	1055
			1617	1056
			1616	1056
			1616	1057
			1615	1058
			1614	1059
			1613	1060
			1613	1061
			1612	1061
			1611	1062
			1610	1063
			1609	1064
			1609	1065
			1608	1065
			1607	1066
			1606	1067
			1605	1068
			1605	1069
			1604	1069
			1603	1070
			1602	1071
			1601	1072
			1600	1073
			1599	1074
			1598	1075
			1597	1076
			1596	1077
			1595	1078
			1594	1079
			1593	1080
			1592	1081
			1591	1082
			1590	1083
			1589	1083
			1588	1084
		</Eye>
	</curves.pixel>
	<ruler.points type=matrix rownames=TRUE colnames=FALSE nrow=2 ncol=2 as.numeric=TRUE >
		Ruler point 1	2	1894
		Ruler point 2	104	1894
	</ruler.points>
</shapes>

