<shapes type=list>
	<scaling type=logical names=FALSE length=1 as.numeric=FALSE >NA</scaling>
	<landmarks.pixel type=matrix rownames=TRUE colnames=FALSE nrow=11 ncol=2 as.numeric=TRUE >
		LM1Forehead	2015	653
		LM2UJFront	2811	2151
		LM3UJBack	2075	2379
		LM4LacOrb	1864	1586
		LM5QJoint	2020	2519
		LM6IOPL	2015	2688
		LM7IOPSOP	414	2766
		LM8A2A1	925	2033
		LM9A1A3	808	1468
		LM10TopMuscR	636	1225
		LM11TopMuscL	75	1125
	</landmarks.pixel>
	<curves.control type=list>
		<Profile type=matrix rownames=FALSE colnames=FALSE nrow=7 ncol=2 as.numeric=TRUE >
			2015	653
			2545	922
			2785	1268
			3260	1832
			3153	2022
			2913	2357
			2811	2151
		</Profile>
		<Eye type=matrix rownames=FALSE colnames=FALSE nrow=13 ncol=2 as.numeric=TRUE >
			1864	1586
			1647	1754
			1356	1659
			1066	1575
			1055	1223
			1066	949
			1295	827
			1596	665
			1853	810
			2076	1033
			2065	1268
			2020	1491
			1864	1586
		</Eye>
	</curves.control>
	<curves.pixel type=list>
		<Profile type=matrix rownames=FALSE colnames=FALSE nrow=2065 ncol=2 as.numeric=TRUE >
			2015	653
			2016	654
			2017	654
			2018	655
			2019	655
			2020	655
			2020	656
			2021	656
			2022	657
			2023	657
			2024	657
			2025	658
			2026	659
			2027	659
			2028	660
			2029	660
			2030	661
			2031	661
			2032	662
			2033	662
			2034	663
			2035	663
			2036	664
			2037	664
			2038	665
			2039	665
			2040	666
			2041	666
			2042	667
			2043	667
			2044	668
			2045	668
			2046	669
			2047	669
			2048	670
			2049	670
			2049	671
			2050	671
			2051	672
			2052	672
			2053	673
			2054	673
			2055	674
			2056	674
			2057	675
			2058	675
			2059	676
			2060	676
			2061	677
			2062	677
			2063	678
			2064	678
			2065	679
			2066	679
			2067	680
			2068	680
			2069	681
			2070	681
			2071	682
			2072	682
			2072	683
			2073	683
			2074	684
			2075	684
			2076	685
			2077	685
			2078	686
			2079	686
			2080	687
			2081	687
			2082	688
			2083	688
			2084	689
			2085	689
			2086	690
			2087	690
			2088	691
			2089	691
			2090	692
			2091	693
			2092	694
			2093	694
			2094	694
			2094	695
			2095	695
			2096	695
			2096	696
			2097	696
			2098	696
			2099	697
			2100	698
			2101	698
			2102	699
			2103	699
			2104	700
			2105	701
			2106	701
			2107	702
			2108	702
			2109	703
			2110	703
			2111	704
			2112	704
			2113	705
			2114	705
			2115	706
			2116	706
			2117	707
			2118	707
			2119	708
			2120	708
			2121	709
			2122	710
			2123	710
			2124	711
			2125	711
			2126	712
			2127	713
			2128	713
			2129	714
			2130	714
			2131	715
			2132	715
			2133	716
			2134	716
			2135	717
			2136	717
			2136	718
			2137	718
			2138	719
			2139	719
			2140	720
			2141	721
			2142	721
			2143	722
			2144	722
			2145	723
			2146	723
			2147	724
			2148	724
			2149	725
			2150	726
			2151	726
			2152	727
			2153	727
			2154	728
			2155	728
			2156	729
			2157	729
			2158	730
			2159	731
			2160	731
			2161	732
			2162	732
			2163	733
			2164	733
			2165	734
			2166	734
			2167	735
			2168	736
			2169	736
			2170	737
			2171	737
			2172	738
			2173	738
			2174	739
			2175	740
			2176	740
			2177	741
			2178	741
			2178	742
			2179	742
			2180	742
			2180	743
			2181	743
			2182	744
			2183	744
			2184	745
			2185	746
			2186	746
			2187	747
			2188	747
			2189	748
			2190	749
			2191	749
			2192	750
			2193	750
			2194	751
			2195	752
			2196	752
			2197	753
			2198	753
			2199	754
			2200	755
			2201	755
			2202	756
			2203	756
			2204	757
			2205	757
			2206	758
			2207	759
			2208	759
			2209	760
			2210	760
			2211	761
			2212	762
			2213	762
			2214	763
			2215	763
			2216	764
			2217	765
			2218	765
			2219	766
			2220	766
			2221	767
			2222	767
			2223	768
			2224	769
			2225	769
			2226	770
			2227	770
			2227	771
			2228	772
			2229	772
			2230	773
			2231	773
			2232	774
			2233	775
			2234	775
			2235	776
			2236	776
			2237	777
			2238	778
			2239	778
			2240	779
			2241	779
			2242	780
			2243	780
			2244	781
			2245	782
			2246	782
			2247	783
			2248	783
			2249	784
			2250	785
			2251	785
			2251	786
			2252	786
			2253	787
			2254	788
			2255	788
			2256	789
			2257	789
			2258	790
			2259	791
			2260	791
			2261	792
			2262	792
			2263	793
			2264	794
			2265	794
			2266	795
			2267	795
			2268	796
			2269	797
			2270	798
			2271	798
			2272	799
			2273	799
			2274	800
			2275	801
			2276	801
			2277	802
			2278	802
			2279	803
			2280	804
			2281	805
			2282	805
			2283	806
			2284	806
			2285	807
			2286	808
			2287	808
			2288	809
			2289	810
			2290	810
			2291	811
			2292	811
			2293	812
			2294	813
			2295	813
			2296	814
			2296	815
			2297	815
			2298	816
			2299	816
			2300	817
			2301	818
			2302	818
			2303	819
			2304	819
			2305	820
			2306	821
			2307	821
			2308	822
			2309	823
			2310	823
			2311	824
			2312	825
			2313	825
			2314	826
			2315	826
			2315	827
			2316	828
			2317	828
			2318	829
			2319	830
			2320	830
			2321	831
			2322	831
			2323	832
			2324	833
			2325	833
			2326	834
			2327	835
			2328	835
			2329	836
			2330	836
			2330	837
			2331	838
			2332	838
			2333	839
			2334	840
			2335	840
			2336	841
			2337	841
			2338	842
			2339	843
			2340	843
			2341	844
			2342	845
			2343	845
			2343	846
			2344	847
			2345	847
			2346	848
			2347	848
			2348	849
			2349	850
			2350	850
			2351	851
			2352	852
			2353	852
			2354	853
			2355	854
			2356	855
			2357	856
			2358	856
			2359	856
			2359	857
			2360	857
			2361	858
			2362	859
			2363	860
			2364	860
			2365	861
			2366	861
			2366	862
			2367	862
			2368	863
			2369	864
			2370	864
			2370	865
			2371	865
			2372	866
			2373	866
			2374	867
			2375	868
			2376	869
			2377	869
			2378	870
			2379	871
			2380	871
			2381	872
			2382	873
			2383	873
			2383	874
			2384	875
			2385	875
			2386	876
			2387	877
			2388	877
			2389	878
			2390	879
			2391	879
			2392	880
			2393	881
			2394	881
			2395	882
			2395	883
			2396	883
			2397	884
			2398	885
			2399	885
			2400	886
			2401	887
			2402	887
			2403	888
			2404	889
			2405	889
			2405	890
			2406	891
			2407	891
			2408	892
			2409	893
			2410	893
			2411	894
			2412	895
			2413	895
			2414	896
			2415	897
			2416	898
			2417	899
			2418	899
			2419	900
			2420	901
			2421	902
			2422	902
			2423	903
			2424	903
			2424	904
			2425	905
			2426	905
			2427	906
			2428	906
			2428	907
			2429	907
			2430	908
			2431	909
			2432	910
			2433	911
			2434	911
			2435	912
			2436	913
			2437	913
			2438	914
			2439	915
			2440	916
			2441	917
			2442	917
			2443	918
			2444	919
			2445	920
			2446	921
			2447	921
			2448	922
			2449	922
			2449	923
			2450	924
			2451	924
			2452	925
			2453	926
			2454	927
			2455	928
			2456	928
			2457	929
			2458	930
			2459	930
			2460	931
			2461	932
			2462	933
			2463	933
			2464	934
			2464	935
			2465	936
			2466	936
			2467	937
			2468	938
			2469	939
			2470	939
			2471	940
			2472	941
			2473	941
			2474	942
			2475	943
			2475	944
			2476	944
			2477	945
			2478	946
			2479	947
			2480	947
			2481	948
			2482	949
			2483	950
			2484	950
			2485	951
			2486	952
			2487	953
			2488	954
			2489	955
			2490	955
			2490	956
			2491	956
			2492	957
			2493	958
			2494	959
			2495	960
			2496	960
			2497	961
			2498	962
			2499	963
			2500	964
			2501	964
			2502	965
			2503	966
			2504	967
			2505	967
			2506	968
			2506	969
			2507	970
			2508	971
			2509	971
			2510	972
			2511	973
			2512	974
			2513	974
			2514	975
			2515	976
			2516	977
			2517	978
			2518	979
			2519	980
			2520	981
			2521	981
			2521	982
			2522	982
			2523	983
			2524	984
			2525	985
			2526	986
			2527	986
			2528	987
			2528	988
			2529	988
			2530	989
			2531	990
			2532	990
			2532	991
			2533	992
			2534	992
			2535	993
			2535	994
			2536	994
			2537	995
			2538	996
			2539	996
			2539	997
			2540	998
			2541	998
			2542	999
			2542	1000
			2543	1000
			2544	1001
			2545	1002
			2546	1003
			2547	1004
			2548	1005
			2549	1006
			2550	1006
			2551	1007
			2552	1008
			2553	1009
			2553	1010
			2554	1010
			2555	1011
			2556	1012
			2557	1013
			2558	1014
			2559	1014
			2560	1015
			2561	1016
			2562	1017
			2562	1018
			2563	1019
			2564	1019
			2565	1020
			2566	1021
			2567	1022
			2568	1023
			2569	1023
			2570	1024
			2571	1025
			2571	1026
			2572	1027
			2573	1028
			2574	1028
			2575	1029
			2576	1030
			2577	1031
			2578	1032
			2579	1033
			2580	1034
			2581	1035
			2582	1036
			2583	1036
			2583	1037
			2584	1038
			2585	1038
			2585	1039
			2586	1039
			2586	1040
			2587	1041
			2588	1041
			2588	1042
			2589	1042
			2590	1043
			2591	1044
			2592	1045
			2593	1046
			2594	1047
			2595	1048
			2596	1049
			2597	1050
			2598	1051
			2599	1052
			2600	1053
			2601	1053
			2602	1054
			2602	1055
			2603	1056
			2604	1057
			2605	1058
			2606	1059
			2607	1059
			2608	1060
			2609	1061
			2609	1062
			2610	1063
			2611	1064
			2612	1065
			2613	1065
			2614	1066
			2615	1067
			2616	1068
			2616	1069
			2617	1070
			2618	1071
			2619	1071
			2620	1072
			2621	1073
			2622	1074
			2622	1075
			2623	1076
			2624	1077
			2625	1077
			2626	1078
			2627	1079
			2628	1080
			2629	1081
			2629	1082
			2630	1083
			2631	1084
			2632	1084
			2633	1085
			2634	1086
			2634	1087
			2635	1088
			2636	1089
			2637	1090
			2638	1090
			2639	1091
			2640	1092
			2640	1093
			2641	1094
			2642	1095
			2643	1096
			2644	1097
			2645	1097
			2645	1098
			2646	1099
			2647	1100
			2648	1101
			2649	1102
			2650	1103
			2651	1104
			2652	1105
			2653	1106
			2654	1107
			2655	1108
			2655	1109
			2656	1109
			2657	1110
			2657	1111
			2658	1111
			2658	1112
			2659	1113
			2660	1114
			2661	1115
			2662	1116
			2663	1117
			2664	1118
			2665	1119
			2666	1120
			2667	1121
			2668	1122
			2668	1123
			2669	1124
			2670	1125
			2671	1126
			2672	1126
			2673	1127
			2673	1128
			2674	1129
			2675	1130
			2676	1131
			2677	1132
			2678	1133
			2678	1134
			2679	1135
			2680	1136
			2681	1136
			2682	1137
			2682	1138
			2683	1139
			2684	1140
			2685	1141
			2686	1142
			2687	1143
			2687	1144
			2688	1145
			2689	1146
			2690	1147
			2691	1147
			2691	1148
			2692	1149
			2693	1150
			2694	1151
			2695	1152
			2695	1153
			2696	1154
			2697	1155
			2698	1156
			2699	1157
			2699	1158
			2700	1158
			2701	1159
			2702	1160
			2702	1161
			2703	1162
			2704	1163
			2705	1164
			2706	1165
			2706	1166
			2707	1167
			2708	1168
			2709	1169
			2710	1170
			2711	1171
			2712	1172
			2712	1173
			2713	1173
			2713	1174
			2714	1175
			2715	1176
			2716	1177
			2717	1178
			2717	1179
			2718	1180
			2719	1181
			2720	1182
			2721	1183
			2722	1184
			2722	1185
			2723	1186
			2724	1187
			2725	1188
			2726	1189
			2726	1190
			2727	1191
			2728	1192
			2729	1193
			2729	1194
			2730	1195
			2731	1196
			2732	1197
			2733	1198
			2733	1199
			2734	1200
			2735	1201
			2736	1202
			2737	1203
			2738	1204
			2738	1205
			2739	1206
			2740	1207
			2741	1208
			2742	1209
			2742	1210
			2743	1211
			2744	1212
			2744	1213
			2745	1213
			2746	1214
			2746	1215
			2747	1216
			2748	1217
			2748	1218
			2749	1218
			2749	1219
			2750	1220
			2751	1221
			2751	1222
			2752	1223
			2753	1223
			2753	1224
			2754	1225
			2755	1226
			2755	1227
			2756	1228
			2757	1229
			2758	1230
			2759	1231
			2759	1232
			2760	1233
			2761	1234
			2762	1235
			2762	1236
			2763	1237
			2764	1238
			2765	1239
			2765	1240
			2766	1241
			2767	1242
			2768	1243
			2768	1244
			2769	1245
			2769	1246
			2770	1247
			2771	1248
			2772	1249
			2773	1250
			2773	1251
			2774	1252
			2774	1253
			2775	1253
			2775	1254
			2776	1255
			2776	1256
			2777	1256
			2777	1257
			2778	1258
			2779	1259
			2779	1260
			2780	1261
			2781	1262
			2781	1263
			2782	1264
			2783	1265
			2784	1266
			2785	1267
			2785	1268
			2786	1269
			2787	1270
			2788	1271
			2788	1272
			2789	1273
			2790	1274
			2791	1275
			2792	1276
			2793	1277
			2794	1278
			2795	1279
			2795	1280
			2796	1281
			2797	1282
			2797	1283
			2798	1283
			2798	1284
			2799	1285
			2800	1286
			2801	1287
			2802	1288
			2803	1289
			2803	1290
			2804	1290
			2804	1291
			2805	1292
			2806	1293
			2807	1294
			2808	1295
			2808	1296
			2809	1297
			2810	1298
			2811	1299
			2812	1300
			2813	1301
			2814	1302
			2814	1303
			2815	1304
			2816	1305
			2817	1306
			2818	1307
			2818	1308
			2819	1309
			2820	1310
			2821	1311
			2822	1312
			2822	1313
			2823	1314
			2824	1315
			2825	1316
			2826	1317
			2827	1318
			2827	1319
			2828	1320
			2829	1320
			2829	1321
			2830	1322
			2831	1323
			2832	1324
			2832	1325
			2833	1326
			2834	1327
			2835	1328
			2836	1329
			2836	1330
			2837	1331
			2838	1332
			2839	1333
			2839	1334
			2840	1335
			2841	1336
			2842	1337
			2843	1338
			2844	1339
			2845	1340
			2845	1341
			2846	1341
			2846	1342
			2847	1343
			2848	1344
			2849	1345
			2850	1346
			2850	1347
			2851	1348
			2851	1349
			2852	1349
			2853	1350
			2853	1351
			2854	1352
			2855	1353
			2856	1354
			2857	1355
			2857	1356
			2858	1357
			2859	1358
			2860	1359
			2861	1360
			2861	1361
			2862	1362
			2863	1363
			2864	1364
			2864	1365
			2865	1366
			2866	1367
			2867	1367
			2867	1368
			2868	1369
			2869	1370
			2870	1371
			2870	1372
			2871	1373
			2872	1374
			2873	1375
			2873	1376
			2874	1377
			2875	1378
			2875	1379
			2876	1380
			2877	1381
			2878	1382
			2879	1383
			2880	1384
			2880	1385
			2881	1385
			2881	1386
			2882	1387
			2883	1388
			2884	1389
			2885	1390
			2885	1391
			2886	1392
			2886	1393
			2887	1393
			2888	1394
			2888	1395
			2889	1396
			2890	1397
			2891	1398
			2892	1399
			2892	1400
			2893	1401
			2894	1402
			2895	1403
			2895	1404
			2896	1405
			2897	1406
			2897	1407
			2898	1408
			2899	1409
			2900	1410
			2900	1411
			2901	1412
			2902	1412
			2903	1413
			2903	1414
			2904	1415
			2905	1416
			2906	1417
			2906	1418
			2907	1419
			2908	1420
			2908	1421
			2909	1422
			2910	1423
			2911	1424
			2911	1425
			2912	1426
			2913	1427
			2913	1428
			2914	1428
			2915	1429
			2916	1430
			2916	1431
			2917	1432
			2918	1433
			2918	1434
			2919	1435
			2920	1436
			2921	1437
			2921	1438
			2922	1439
			2923	1440
			2923	1441
			2924	1442
			2925	1442
			2925	1443
			2926	1444
			2927	1445
			2928	1446
			2928	1447
			2929	1448
			2930	1449
			2930	1450
			2931	1451
			2932	1452
			2932	1453
			2933	1454
			2934	1454
			2934	1455
			2935	1456
			2936	1457
			2937	1458
			2937	1459
			2938	1460
			2939	1461
			2939	1462
			2940	1463
			2941	1464
			2941	1465
			2942	1465
			2943	1466
			2943	1467
			2944	1468
			2945	1469
			2945	1470
			2946	1471
			2947	1472
			2947	1473
			2948	1474
			2949	1474
			2949	1475
			2950	1476
			2951	1477
			2951	1478
			2952	1479
			2953	1480
			2953	1481
			2954	1482
			2955	1483
			2955	1484
			2956	1484
			2957	1485
			2957	1486
			2958	1487
			2959	1488
			2959	1489
			2960	1490
			2960	1491
			2961	1492
			2962	1492
			2962	1493
			2963	1494
			2964	1495
			2964	1496
			2965	1497
			2966	1498
			2966	1499
			2967	1500
			2968	1500
			2968	1501
			2969	1502
			2969	1503
			2970	1504
			2971	1505
			2971	1506
			2972	1507
			2973	1508
			2974	1509
			2975	1510
			2975	1511
			2976	1512
			2977	1513
			2977	1514
			2978	1515
			2979	1516
			2980	1517
			2980	1518
			2981	1519
			2981	1520
			2982	1520
			2982	1521
			2983	1522
			2983	1523
			2984	1523
			2984	1524
			2985	1525
			2985	1526
			2986	1526
			2986	1527
			2987	1528
			2987	1529
			2988	1529
			2989	1530
			2989	1531
			2990	1532
			2991	1533
			2991	1534
			2992	1535
			2992	1536
			2993	1537
			2994	1537
			2994	1538
			2995	1539
			2996	1540
			2996	1541
			2997	1542
			2997	1543
			2998	1544
			2999	1545
			3000	1546
			3001	1547
			3001	1548
			3002	1549
			3002	1550
			3003	1550
			3003	1551
			3003	1552
			3004	1552
			3004	1553
			3005	1554
			3006	1555
			3006	1556
			3007	1557
			3008	1558
			3008	1559
			3009	1560
			3010	1561
			3010	1562
			3011	1563
			3012	1564
			3012	1565
			3013	1566
			3013	1567
			3014	1567
			3015	1568
			3015	1569
			3016	1570
			3016	1571
			3017	1572
			3018	1573
			3018	1574
			3019	1575
			3020	1576
			3021	1577
			3021	1578
			3022	1579
			3022	1580
			3023	1581
			3024	1582
			3024	1583
			3025	1584
			3026	1585
			3026	1586
			3027	1587
			3028	1588
			3028	1589
			3029	1590
			3029	1591
			3030	1592
			3031	1592
			3031	1593
			3032	1594
			3032	1595
			3033	1596
			3033	1597
			3034	1598
			3035	1599
			3035	1600
			3036	1601
			3036	1602
			3037	1602
			3038	1603
			3038	1604
			3039	1605
			3039	1606
			3040	1607
			3040	1608
			3041	1609
			3042	1610
			3043	1611
			3043	1612
			3044	1613
			3044	1614
			3045	1614
			3045	1615
			3045	1616
			3046	1616
			3046	1617
			3047	1618
			3047	1619
			3048	1620
			3049	1621
			3049	1622
			3050	1623
			3050	1624
			3051	1624
			3051	1625
			3052	1626
			3052	1627
			3053	1628
			3054	1629
			3054	1630
			3055	1631
			3055	1632
			3056	1633
			3056	1634
			3057	1634
			3058	1635
			3058	1636
			3059	1637
			3059	1638
			3060	1639
			3060	1640
			3061	1641
			3061	1642
			3062	1643
			3062	1644
			3063	1644
			3064	1645
			3064	1646
			3065	1647
			3065	1648
			3066	1649
			3066	1650
			3067	1651
			3067	1652
			3068	1652
			3068	1653
			3069	1654
			3069	1655
			3070	1656
			3070	1657
			3071	1658
			3071	1659
			3072	1660
			3073	1661
			3074	1662
			3074	1663
			3075	1664
			3075	1665
			3076	1666
			3076	1667
			3077	1668
			3077	1669
			3078	1670
			3078	1671
			3079	1671
			3079	1672
			3080	1673
			3080	1674
			3081	1675
			3081	1676
			3082	1677
			3082	1678
			3083	1679
			3084	1680
			3085	1681
			3085	1682
			3085	1683
			3086	1683
			3086	1684
			3086	1685
			3087	1685
			3087	1686
			3087	1687
			3088	1687
			3088	1688
			3088	1689
			3089	1689
			3089	1690
			3090	1690
			3090	1691
			3090	1692
			3091	1692
			3091	1693
			3091	1694
			3092	1694
			3092	1695
			3093	1696
			3093	1697
			3094	1698
			3094	1699
			3095	1700
			3095	1701
			3096	1702
			3096	1703
			3097	1704
			3097	1705
			3098	1706
			3098	1707
			3099	1707
			3099	1708
			3100	1709
			3100	1710
			3101	1711
			3101	1712
			3102	1713
			3102	1714
			3102	1715
			3103	1715
			3103	1716
			3104	1717
			3104	1718
			3105	1719
			3105	1720
			3106	1721
			3106	1722
			3107	1723
			3107	1724
			3108	1725
			3109	1726
			3109	1727
			3109	1728
			3110	1729
			3110	1730
			3111	1731
			3111	1732
			3112	1733
			3112	1734
			3113	1735
			3113	1736
			3114	1737
			3114	1738
			3115	1739
			3115	1740
			3116	1741
			3116	1742
			3117	1743
			3117	1744
			3118	1745
			3118	1746
			3119	1747
			3119	1748
			3120	1749
			3120	1750
			3120	1751
			3121	1752
			3121	1753
			3122	1754
			3122	1755
			3123	1755
			3123	1756
			3123	1757
			3124	1758
			3124	1759
			3125	1760
			3125	1761
			3125	1762
			3126	1763
			3126	1764
			3127	1765
			3128	1766
			3128	1767
			3128	1768
			3129	1769
			3129	1770
			3130	1771
			3130	1772
			3130	1773
			3131	1774
			3131	1775
			3132	1776
			3132	1777
			3133	1778
			3133	1779
			3133	1780
			3134	1781
			3134	1782
			3135	1782
			3135	1783
			3135	1784
			3136	1785
			3136	1786
			3136	1787
			3137	1788
			3137	1789
			3137	1790
			3138	1791
			3139	1792
			3139	1793
			3139	1794
			3140	1795
			3140	1796
			3140	1797
			3141	1798
			3141	1799
			3142	1800
			3142	1801
			3142	1802
			3143	1803
			3143	1804
			3143	1805
			3144	1806
			3144	1807
			3144	1808
			3145	1808
			3145	1809
			3146	1810
			3146	1811
			3146	1812
			3146	1813
			3147	1814
			3147	1815
			3147	1816
			3148	1816
			3148	1817
			3148	1818
			3149	1819
			3149	1820
			3149	1821
			3150	1822
			3150	1823
			3150	1824
			3151	1824
			3151	1825
			3151	1826
			3151	1827
			3152	1828
			3152	1829
			3152	1830
			3153	1831
			3153	1832
			3154	1833
			3154	1834
			3154	1835
			3155	1836
			3155	1837
			3155	1838
			3155	1839
			3156	1840
			3156	1841
			3156	1842
			3157	1843
			3157	1844
			3157	1845
			3157	1846
			3158	1847
			3158	1848
			3158	1849
			3159	1850
			3159	1851
			3159	1852
			3159	1853
			3160	1854
			3160	1855
			3160	1856
			3161	1857
			3161	1858
			3161	1859
			3161	1860
			3162	1861
			3162	1862
			3162	1863
			3162	1864
			3163	1865
			3163	1866
			3163	1867
			3163	1868
			3164	1869
			3164	1870
			3164	1871
			3164	1872
			3165	1873
			3165	1874
			3165	1875
			3165	1876
			3165	1877
			3166	1878
			3166	1879
			3166	1880
			3166	1881
			3167	1882
			3167	1883
			3167	1884
			3167	1885
			3167	1886
			3167	1887
			3168	1888
			3168	1889
			3168	1890
			3168	1891
			3168	1892
			3168	1893
			3169	1894
			3169	1895
			3169	1896
			3169	1897
			3169	1898
			3169	1899
			3170	1900
			3170	1901
			3170	1902
			3170	1903
			3170	1904
			3170	1905
			3170	1906
			3171	1907
			3171	1908
			3171	1909
			3171	1910
			3171	1911
			3171	1912
			3171	1913
			3171	1914
			3171	1915
			3172	1916
			3172	1917
			3172	1918
			3172	1919
			3172	1920
			3172	1921
			3172	1922
			3172	1923
			3172	1924
			3172	1925
			3172	1926
			3172	1927
			3172	1928
			3172	1929
			3172	1930
			3173	1931
			3173	1932
			3173	1933
			3173	1934
			3173	1935
			3173	1936
			3173	1937
			3173	1938
			3173	1939
			3173	1940
			3173	1941
			3173	1942
			3173	1943
			3173	1944
			3173	1945
			3173	1946
			3173	1947
			3173	1948
			3172	1949
			3172	1950
			3172	1951
			3172	1952
			3172	1953
			3172	1954
			3172	1955
			3172	1956
			3172	1957
			3172	1958
			3172	1959
			3172	1960
			3172	1961
			3171	1962
			3171	1963
			3171	1964
			3171	1965
			3171	1966
			3171	1967
			3171	1968
			3171	1969
			3170	1970
			3170	1971
			3170	1972
			3170	1973
			3170	1974
			3170	1975
			3169	1976
			3169	1977
			3169	1978
			3169	1979
			3169	1980
			3168	1981
			3168	1982
			3168	1983
			3168	1984
			3167	1985
			3167	1986
			3167	1987
			3167	1988
			3167	1989
			3166	1990
			3166	1991
			3166	1992
			3165	1993
			3165	1994
			3165	1995
			3164	1996
			3164	1997
			3164	1998
			3163	1999
			3163	2000
			3162	2001
			3162	2002
			3162	2003
			3161	2004
			3161	2005
			3161	2006
			3160	2007
			3160	2008
			3159	2009
			3159	2010
			3159	2011
			3158	2012
			3158	2013
			3157	2014
			3157	2015
			3156	2016
			3156	2017
			3155	2018
			3155	2019
			3154	2019
			3154	2020
			3153	2021
			3153	2022
			3152	2023
			3151	2024
			3151	2025
			3150	2026
			3149	2027
			3149	2028
			3148	2029
			3147	2030
			3147	2031
			3146	2032
			3145	2033
			3145	2034
			3144	2034
			3143	2035
			3143	2036
			3142	2037
			3141	2038
			3141	2039
			3140	2040
			3139	2041
			3139	2042
			3138	2043
			3137	2044
			3136	2045
			3135	2046
			3134	2047
			3134	2048
			3133	2049
			3132	2050
			3131	2051
			3131	2052
			3130	2053
			3130	2054
			3129	2054
			3129	2055
			3128	2056
			3127	2057
			3126	2058
			3126	2059
			3125	2060
			3124	2061
			3124	2062
			3123	2063
			3122	2063
			3122	2064
			3121	2065
			3120	2066
			3120	2067
			3119	2068
			3118	2069
			3118	2070
			3117	2070
			3116	2071
			3115	2072
			3115	2073
			3114	2074
			3113	2075
			3113	2076
			3112	2076
			3111	2077
			3111	2078
			3110	2079
			3109	2080
			3109	2081
			3108	2081
			3107	2082
			3107	2083
			3106	2084
			3105	2085
			3105	2086
			3104	2086
			3103	2087
			3103	2088
			3102	2089
			3101	2090
			3100	2091
			3099	2092
			3099	2093
			3098	2094
			3097	2095
			3096	2096
			3095	2097
			3095	2098
			3094	2099
			3093	2100
			3092	2101
			3091	2102
			3091	2103
			3090	2104
			3089	2104
			3088	2105
			3088	2106
			3087	2107
			3086	2108
			3085	2109
			3084	2110
			3084	2111
			3083	2112
			3082	2113
			3081	2113
			3081	2114
			3080	2115
			3079	2116
			3078	2117
			3078	2118
			3077	2119
			3076	2120
			3075	2120
			3074	2121
			3074	2122
			3073	2123
			3072	2124
			3071	2125
			3071	2126
			3070	2126
			3069	2127
			3068	2128
			3068	2129
			3067	2130
			3066	2130
			3065	2131
			3065	2132
			3064	2133
			3063	2134
			3062	2135
			3061	2136
			3060	2137
			3059	2138
			3058	2139
			3057	2140
			3056	2141
			3055	2142
			3055	2143
			3054	2144
			3053	2144
			3052	2145
			3051	2146
			3050	2147
			3049	2148
			3048	2149
			3048	2150
			3047	2151
			3046	2152
			3045	2152
			3044	2153
			3043	2154
			3042	2155
			3041	2156
			3041	2157
			3040	2158
			3039	2158
			3038	2159
			3037	2160
			3036	2161
			3035	2162
			3034	2163
			3033	2164
			3032	2165
			3031	2166
			3030	2167
			3029	2168
			3028	2169
			3027	2170
			3026	2171
			3025	2172
			3024	2172
			3023	2173
			3022	2174
			3021	2175
			3020	2176
			3019	2177
			3018	2178
			3017	2179
			3016	2179
			3015	2180
			3014	2181
			3013	2182
			3012	2183
			3011	2183
			3010	2184
			3009	2185
			3008	2186
			3007	2187
			3006	2187
			3005	2188
			3004	2189
			3003	2190
			3002	2190
			3001	2191
			3000	2192
			2999	2193
			2998	2193
			2997	2194
			2996	2195
			2995	2195
			2994	2196
			2993	2197
			2992	2197
			2991	2198
			2990	2199
			2989	2199
			2988	2200
			2987	2201
			2986	2201
			2985	2202
			2984	2203
			2983	2204
			2982	2204
			2981	2205
			2980	2205
			2979	2206
			2978	2207
			2977	2207
			2976	2208
			2975	2208
			2975	2209
			2974	2209
			2973	2210
			2972	2210
			2971	2211
			2970	2211
			2969	2212
			2968	2212
			2967	2213
			2966	2213
			2965	2214
			2964	2214
			2963	2215
			2962	2215
			2961	2216
			2960	2216
			2959	2217
			2958	2218
			2957	2218
			2956	2218
			2955	2219
			2954	2219
			2953	2220
			2952	2220
			2951	2220
			2950	2221
			2949	2221
			2948	2222
			2947	2222
			2946	2222
			2945	2223
			2944	2223
			2943	2223
			2942	2224
			2941	2224
			2940	2224
			2939	2225
			2938	2225
			2937	2225
			2936	2226
			2935	2226
			2934	2226
			2933	2226
			2932	2226
			2931	2227
			2930	2227
			2929	2227
			2928	2227
			2927	2228
			2926	2228
			2925	2228
			2924	2228
			2923	2228
			2922	2228
			2921	2229
			2920	2229
			2919	2229
			2918	2229
			2917	2229
			2916	2229
			2915	2229
			2914	2229
			2913	2229
			2912	2229
			2911	2229
			2910	2229
			2909	2229
			2908	2229
			2907	2229
			2906	2229
			2905	2229
			2904	2229
			2903	2229
			2902	2229
			2901	2229
			2900	2229
			2899	2229
			2898	2229
			2897	2229
			2896	2228
			2895	2228
			2894	2228
			2893	2228
			2892	2228
			2891	2228
			2891	2227
			2890	2227
			2889	2227
			2888	2227
			2887	2227
			2886	2226
			2885	2226
			2884	2226
			2883	2226
			2883	2225
			2882	2225
			2881	2225
			2880	2224
			2879	2224
			2878	2224
			2877	2223
			2876	2223
			2875	2222
			2874	2222
			2873	2221
			2872	2221
			2871	2220
			2870	2220
			2869	2219
			2868	2219
			2867	2218
			2866	2217
			2865	2217
			2864	2216
			2863	2216
			2862	2215
			2861	2214
			2860	2214
			2859	2213
			2858	2212
			2857	2212
			2856	2211
			2855	2210
			2854	2209
			2853	2209
			2852	2208
			2851	2207
			2851	2206
			2850	2205
			2849	2205
			2848	2204
			2847	2203
			2846	2202
			2845	2201
			2844	2200
			2843	2199
			2842	2198
			2842	2197
			2841	2196
			2840	2195
			2839	2194
			2838	2193
			2837	2192
			2836	2191
			2835	2190
			2835	2189
			2834	2188
			2833	2187
			2832	2186
			2831	2185
			2830	2184
			2830	2183
			2829	2182
			2829	2181
			2828	2181
			2828	2180
			2827	2179
			2826	2178
			2826	2177
			2825	2176
			2825	2175
			2824	2174
			2823	2173
			2823	2172
			2822	2171
			2821	2170
			2821	2169
			2820	2168
			2820	2167
			2819	2166
			2819	2165
			2818	2164
			2818	2163
			2817	2163
			2817	2162
			2816	2161
			2816	2160
			2815	2159
			2815	2158
			2814	2157
			2814	2156
			2813	2155
			2812	2154
			2812	2153
			2811	2152
			2811	2151
		</Profile>
		<Eye type=matrix rownames=FALSE colnames=FALSE nrow=2928 ncol=2 as.numeric=TRUE >
			1864	1586
			1863	1587
			1862	1587
			1861	1588
			1861	1589
			1860	1589
			1859	1590
			1858	1591
			1857	1591
			1856	1592
			1855	1593
			1854	1594
			1853	1595
			1852	1595
			1851	1596
			1850	1597
			1849	1598
			1848	1598
			1847	1599
			1846	1599
			1845	1600
			1844	1601
			1843	1602
			1842	1603
			1841	1603
			1840	1604
			1839	1604
			1839	1605
			1838	1605
			1837	1606
			1836	1606
			1836	1607
			1835	1607
			1834	1608
			1833	1608
			1833	1609
			1832	1609
			1831	1610
			1830	1610
			1830	1611
			1829	1611
			1828	1612
			1827	1612
			1827	1613
			1826	1613
			1825	1614
			1824	1614
			1824	1615
			1823	1615
			1822	1616
			1821	1616
			1820	1617
			1819	1618
			1818	1618
			1817	1619
			1816	1619
			1815	1620
			1814	1620
			1814	1621
			1813	1621
			1812	1622
			1811	1623
			1810	1623
			1809	1624
			1808	1624
			1807	1625
			1806	1625
			1805	1626
			1804	1626
			1804	1627
			1803	1627
			1802	1628
			1801	1628
			1800	1629
			1799	1630
			1798	1630
			1797	1631
			1796	1631
			1795	1632
			1794	1632
			1793	1633
			1792	1634
			1791	1634
			1790	1634
			1790	1635
			1789	1635
			1788	1635
			1788	1636
			1787	1636
			1786	1636
			1786	1637
			1785	1637
			1784	1638
			1783	1638
			1782	1639
			1781	1639
			1780	1640
			1779	1640
			1778	1641
			1777	1641
			1776	1642
			1775	1642
			1774	1643
			1773	1643
			1772	1644
			1771	1644
			1770	1645
			1769	1645
			1768	1646
			1767	1646
			1766	1647
			1765	1647
			1764	1648
			1763	1648
			1762	1648
			1761	1649
			1760	1649
			1759	1650
			1758	1650
			1757	1651
			1756	1651
			1755	1652
			1754	1652
			1753	1652
			1752	1653
			1751	1653
			1750	1654
			1749	1654
			1748	1655
			1747	1655
			1746	1656
			1745	1656
			1744	1656
			1743	1657
			1742	1657
			1741	1658
			1740	1658
			1739	1659
			1738	1659
			1737	1659
			1736	1660
			1735	1660
			1734	1661
			1733	1661
			1732	1661
			1731	1662
			1730	1662
			1729	1663
			1728	1663
			1727	1663
			1726	1664
			1725	1664
			1724	1664
			1723	1665
			1722	1665
			1721	1665
			1721	1666
			1720	1666
			1719	1666
			1718	1666
			1718	1667
			1717	1667
			1716	1667
			1715	1667
			1715	1668
			1714	1668
			1713	1668
			1712	1668
			1712	1669
			1711	1669
			1710	1669
			1709	1669
			1709	1670
			1708	1670
			1707	1670
			1706	1670
			1705	1671
			1704	1671
			1703	1671
			1702	1672
			1701	1672
			1700	1672
			1699	1672
			1699	1673
			1698	1673
			1697	1673
			1696	1674
			1695	1674
			1694	1674
			1693	1674
			1692	1675
			1691	1675
			1690	1675
			1689	1675
			1688	1676
			1687	1676
			1686	1676
			1685	1677
			1684	1677
			1683	1677
			1682	1678
			1681	1678
			1680	1678
			1679	1678
			1678	1678
			1678	1679
			1677	1679
			1676	1679
			1675	1679
			1674	1679
			1674	1680
			1673	1680
			1672	1680
			1671	1680
			1670	1680
			1670	1681
			1669	1681
			1668	1681
			1667	1681
			1666	1681
			1665	1682
			1664	1682
			1663	1682
			1662	1682
			1661	1682
			1660	1683
			1659	1683
			1658	1683
			1657	1683
			1656	1683
			1655	1684
			1654	1684
			1653	1684
			1652	1684
			1651	1684
			1650	1685
			1649	1685
			1648	1685
			1647	1685
			1646	1685
			1645	1686
			1644	1686
			1643	1686
			1642	1686
			1641	1686
			1640	1686
			1639	1687
			1638	1687
			1637	1687
			1636	1687
			1635	1687
			1634	1687
			1633	1688
			1632	1688
			1631	1688
			1630	1688
			1629	1688
			1628	1688
			1627	1688
			1627	1689
			1626	1689
			1625	1689
			1624	1689
			1623	1689
			1622	1689
			1621	1689
			1620	1689
			1619	1690
			1618	1690
			1617	1690
			1616	1690
			1615	1690
			1614	1690
			1613	1690
			1612	1690
			1611	1690
			1610	1691
			1609	1691
			1608	1691
			1607	1691
			1606	1691
			1605	1691
			1604	1691
			1603	1691
			1602	1691
			1601	1691
			1600	1692
			1599	1692
			1598	1692
			1597	1692
			1596	1692
			1595	1692
			1594	1692
			1593	1692
			1592	1692
			1591	1692
			1590	1692
			1589	1692
			1588	1692
			1587	1692
			1586	1692
			1585	1693
			1584	1693
			1583	1693
			1582	1693
			1581	1693
			1580	1693
			1579	1693
			1578	1693
			1577	1693
			1576	1693
			1575	1693
			1574	1693
			1573	1693
			1572	1693
			1571	1693
			1570	1693
			1569	1693
			1568	1693
			1567	1693
			1566	1693
			1565	1693
			1564	1693
			1563	1693
			1562	1693
			1561	1693
			1560	1693
			1559	1693
			1558	1693
			1557	1693
			1556	1693
			1555	1693
			1554	1693
			1553	1693
			1552	1693
			1551	1693
			1550	1693
			1549	1693
			1548	1693
			1547	1693
			1546	1693
			1545	1693
			1544	1693
			1543	1693
			1542	1693
			1541	1693
			1540	1693
			1539	1693
			1538	1693
			1537	1693
			1536	1693
			1535	1693
			1534	1693
			1533	1693
			1532	1693
			1531	1693
			1530	1693
			1529	1693
			1528	1693
			1527	1693
			1526	1692
			1525	1692
			1524	1692
			1523	1692
			1522	1692
			1521	1692
			1520	1692
			1519	1692
			1518	1692
			1517	1692
			1516	1692
			1515	1692
			1514	1692
			1513	1692
			1512	1691
			1511	1691
			1510	1691
			1509	1691
			1508	1691
			1507	1691
			1506	1691
			1505	1691
			1504	1691
			1503	1691
			1502	1691
			1501	1690
			1500	1690
			1499	1690
			1498	1690
			1497	1690
			1496	1690
			1495	1690
			1494	1690
			1493	1690
			1492	1689
			1491	1689
			1490	1689
			1489	1689
			1488	1689
			1487	1689
			1486	1689
			1485	1689
			1484	1688
			1483	1688
			1482	1688
			1481	1688
			1480	1688
			1479	1688
			1478	1688
			1477	1688
			1476	1687
			1475	1687
			1474	1687
			1473	1687
			1472	1687
			1471	1687
			1470	1687
			1469	1686
			1468	1686
			1467	1686
			1466	1686
			1465	1686
			1464	1686
			1463	1686
			1463	1685
			1462	1685
			1461	1685
			1460	1685
			1459	1685
			1458	1685
			1457	1684
			1456	1684
			1455	1684
			1454	1684
			1453	1684
			1452	1684
			1451	1683
			1450	1683
			1449	1683
			1448	1683
			1447	1683
			1446	1683
			1446	1682
			1445	1682
			1444	1682
			1443	1682
			1442	1682
			1441	1681
			1440	1681
			1439	1681
			1438	1681
			1437	1681
			1436	1680
			1435	1680
			1434	1680
			1433	1680
			1432	1680
			1431	1679
			1430	1679
			1429	1679
			1428	1679
			1427	1678
			1426	1678
			1425	1678
			1424	1678
			1423	1678
			1422	1677
			1421	1677
			1420	1677
			1419	1677
			1418	1676
			1417	1676
			1416	1676
			1415	1676
			1414	1675
			1413	1675
			1412	1675
			1411	1675
			1410	1675
			1409	1674
			1408	1674
			1407	1674
			1406	1674
			1405	1673
			1404	1673
			1403	1673
			1402	1673
			1401	1672
			1400	1672
			1399	1672
			1398	1671
			1397	1671
			1396	1671
			1395	1671
			1394	1670
			1393	1670
			1392	1670
			1391	1670
			1390	1669
			1389	1669
			1388	1669
			1387	1668
			1386	1668
			1385	1668
			1384	1668
			1383	1667
			1382	1667
			1381	1667
			1380	1666
			1379	1666
			1378	1666
			1377	1666
			1376	1665
			1375	1665
			1374	1665
			1373	1664
			1372	1664
			1371	1664
			1370	1663
			1369	1663
			1368	1663
			1367	1663
			1366	1662
			1365	1662
			1364	1662
			1363	1661
			1362	1661
			1361	1661
			1360	1660
			1359	1660
			1358	1660
			1357	1659
			1356	1659
			1355	1659
			1354	1658
			1353	1658
			1352	1658
			1351	1658
			1350	1657
			1349	1657
			1348	1657
			1347	1656
			1346	1656
			1345	1656
			1344	1655
			1343	1655
			1342	1655
			1341	1654
			1340	1654
			1339	1654
			1338	1654
			1337	1653
			1336	1653
			1335	1653
			1334	1652
			1333	1652
			1332	1652
			1331	1651
			1330	1651
			1329	1650
			1328	1650
			1327	1650
			1326	1649
			1325	1649
			1324	1649
			1323	1648
			1322	1648
			1321	1648
			1321	1647
			1320	1647
			1319	1647
			1318	1646
			1317	1646
			1316	1646
			1315	1645
			1314	1645
			1313	1644
			1312	1644
			1311	1644
			1310	1643
			1309	1643
			1308	1643
			1307	1642
			1306	1642
			1305	1641
			1304	1641
			1303	1641
			1302	1640
			1301	1640
			1300	1639
			1299	1639
			1298	1638
			1297	1638
			1296	1637
			1295	1637
			1294	1636
			1293	1636
			1292	1636
			1291	1635
			1290	1635
			1289	1634
			1288	1634
			1287	1633
			1286	1633
			1285	1632
			1284	1632
			1283	1632
			1282	1631
			1281	1631
			1280	1630
			1279	1630
			1278	1629
			1277	1629
			1277	1628
			1276	1628
			1275	1627
			1274	1627
			1273	1627
			1272	1626
			1271	1626
			1270	1625
			1269	1625
			1268	1624
			1267	1624
			1266	1623
			1265	1622
			1264	1622
			1263	1621
			1262	1621
			1261	1620
			1260	1620
			1259	1619
			1258	1619
			1257	1618
			1256	1618
			1256	1617
			1255	1617
			1254	1616
			1253	1616
			1253	1615
			1252	1615
			1251	1615
			1250	1614
			1249	1613
			1248	1613
			1247	1612
			1246	1612
			1245	1611
			1244	1611
			1243	1610
			1243	1609
			1242	1609
			1241	1608
			1240	1608
			1239	1607
			1238	1607
			1237	1606
			1236	1606
			1236	1605
			1235	1604
			1234	1604
			1233	1603
			1232	1603
			1231	1602
			1230	1602
			1229	1601
			1229	1600
			1228	1600
			1227	1599
			1226	1599
			1225	1598
			1224	1597
			1223	1596
			1222	1596
			1221	1595
			1220	1594
			1219	1593
			1218	1593
			1217	1592
			1216	1591
			1215	1590
			1214	1590
			1213	1589
			1212	1588
			1211	1587
			1210	1587
			1209	1586
			1208	1585
			1207	1584
			1206	1584
			1205	1583
			1204	1582
			1203	1581
			1202	1581
			1201	1580
			1200	1579
			1199	1578
			1199	1577
			1198	1577
			1197	1576
			1196	1575
			1195	1574
			1194	1573
			1193	1573
			1192	1572
			1191	1571
			1190	1570
			1189	1569
			1188	1569
			1188	1568
			1187	1567
			1186	1566
			1185	1565
			1184	1564
			1183	1564
			1182	1563
			1181	1562
			1181	1561
			1180	1560
			1179	1559
			1178	1559
			1177	1558
			1176	1557
			1175	1556
			1175	1555
			1174	1554
			1173	1553
			1172	1552
			1171	1552
			1170	1551
			1169	1550
			1169	1549
			1168	1548
			1167	1547
			1166	1546
			1165	1545
			1165	1544
			1164	1544
			1163	1543
			1162	1542
			1161	1541
			1161	1540
			1160	1539
			1159	1538
			1158	1537
			1157	1536
			1157	1535
			1156	1534
			1155	1533
			1154	1532
			1153	1532
			1153	1531
			1152	1530
			1151	1529
			1150	1528
			1150	1527
			1149	1526
			1148	1525
			1147	1524
			1147	1523
			1146	1522
			1145	1521
			1144	1520
			1144	1519
			1143	1518
			1142	1517
			1142	1516
			1141	1515
			1140	1514
			1139	1513
			1139	1512
			1138	1511
			1137	1510
			1137	1509
			1136	1508
			1135	1507
			1134	1506
			1134	1505
			1133	1504
			1132	1503
			1132	1502
			1131	1501
			1130	1500
			1130	1499
			1129	1498
			1128	1497
			1128	1496
			1127	1495
			1126	1494
			1126	1493
			1125	1492
			1124	1491
			1124	1490
			1124	1489
			1123	1489
			1123	1488
			1122	1487
			1122	1486
			1121	1485
			1120	1484
			1120	1483
			1120	1482
			1119	1482
			1119	1481
			1118	1480
			1118	1479
			1117	1478
			1116	1477
			1116	1476
			1115	1475
			1115	1474
			1114	1473
			1114	1472
			1113	1471
			1113	1470
			1112	1469
			1112	1468
			1111	1467
			1111	1466
			1110	1465
			1110	1464
			1109	1463
			1109	1462
			1108	1461
			1107	1460
			1107	1459
			1107	1458
			1106	1457
			1106	1456
			1105	1455
			1105	1454
			1104	1453
			1104	1452
			1103	1451
			1103	1450
			1102	1449
			1102	1448
			1101	1447
			1101	1446
			1100	1445
			1100	1444
			1100	1443
			1099	1442
			1099	1441
			1098	1440
			1098	1439
			1098	1438
			1097	1437
			1097	1436
			1096	1435
			1096	1434
			1095	1433
			1095	1432
			1095	1431
			1094	1430
			1094	1429
			1094	1428
			1093	1427
			1093	1426
			1092	1426
			1092	1425
			1092	1424
			1091	1423
			1091	1422
			1091	1421
			1090	1420
			1090	1419
			1090	1418
			1089	1417
			1089	1416
			1088	1415
			1088	1414
			1088	1413
			1087	1412
			1087	1411
			1087	1410
			1086	1409
			1086	1408
			1086	1407
			1085	1406
			1085	1405
			1085	1404
			1084	1403
			1084	1402
			1084	1401
			1083	1400
			1083	1399
			1083	1398
			1082	1397
			1082	1396
			1082	1395
			1082	1394
			1081	1393
			1081	1392
			1081	1391
			1080	1390
			1080	1389
			1080	1388
			1079	1387
			1079	1386
			1079	1385
			1079	1384
			1078	1383
			1078	1382
			1078	1381
			1077	1380
			1077	1379
			1077	1378
			1076	1377
			1076	1376
			1076	1375
			1076	1374
			1075	1373
			1075	1372
			1075	1371
			1075	1370
			1074	1369
			1074	1368
			1074	1367
			1074	1366
			1073	1365
			1073	1364
			1073	1363
			1073	1362
			1072	1361
			1072	1360
			1072	1359
			1072	1358
			1071	1357
			1071	1356
			1071	1355
			1071	1354
			1071	1353
			1070	1352
			1070	1351
			1070	1350
			1070	1349
			1069	1348
			1069	1347
			1069	1346
			1069	1345
			1069	1344
			1068	1343
			1068	1342
			1068	1341
			1068	1340
			1068	1339
			1067	1339
			1067	1338
			1067	1337
			1067	1336
			1067	1335
			1067	1334
			1066	1333
			1066	1332
			1066	1331
			1066	1330
			1066	1329
			1065	1328
			1065	1327
			1065	1326
			1065	1325
			1065	1324
			1065	1323
			1064	1322
			1064	1321
			1064	1320
			1064	1319
			1064	1318
			1064	1317
			1063	1316
			1063	1315
			1063	1314
			1063	1313
			1063	1312
			1063	1311
			1063	1310
			1062	1309
			1062	1308
			1062	1307
			1062	1306
			1062	1305
			1062	1304
			1062	1303
			1061	1302
			1061	1301
			1061	1300
			1061	1299
			1061	1298
			1061	1297
			1061	1296
			1060	1295
			1060	1294
			1060	1293
			1060	1292
			1060	1291
			1060	1290
			1060	1289
			1060	1288
			1059	1287
			1059	1286
			1059	1285
			1059	1284
			1059	1283
			1059	1282
			1059	1281
			1059	1280
			1059	1279
			1059	1278
			1058	1277
			1058	1276
			1058	1275
			1058	1274
			1058	1273
			1058	1272
			1058	1271
			1058	1270
			1058	1269
			1058	1268
			1058	1267
			1057	1266
			1057	1265
			1057	1264
			1057	1263
			1057	1262
			1057	1261
			1057	1260
			1057	1259
			1057	1258
			1057	1257
			1057	1256
			1057	1255
			1057	1254
			1056	1253
			1056	1252
			1056	1251
			1056	1250
			1056	1249
			1056	1248
			1056	1247
			1056	1246
			1056	1245
			1056	1244
			1056	1243
			1056	1242
			1056	1241
			1056	1240
			1056	1239
			1056	1238
			1056	1237
			1056	1236
			1055	1235
			1055	1234
			1055	1233
			1055	1232
			1055	1231
			1055	1230
			1055	1229
			1055	1228
			1055	1227
			1055	1226
			1055	1225
			1055	1224
			1055	1223
			1055	1222
			1055	1221
			1055	1220
			1055	1219
			1055	1218
			1055	1217
			1055	1216
			1055	1215
			1055	1214
			1055	1213
			1056	1212
			1056	1211
			1056	1210
			1056	1209
			1056	1208
			1056	1207
			1056	1206
			1056	1205
			1056	1204
			1056	1203
			1056	1202
			1056	1201
			1056	1200
			1056	1199
			1056	1198
			1057	1197
			1057	1196
			1057	1195
			1057	1194
			1057	1193
			1057	1192
			1057	1191
			1057	1190
			1057	1189
			1057	1188
			1057	1187
			1058	1186
			1058	1185
			1058	1184
			1058	1183
			1058	1182
			1058	1181
			1058	1180
			1058	1179
			1058	1178
			1058	1177
			1059	1176
			1059	1175
			1059	1174
			1059	1173
			1059	1172
			1059	1171
			1059	1170
			1059	1169
			1060	1169
			1060	1168
			1060	1167
			1060	1166
			1060	1165
			1060	1164
			1060	1163
			1060	1162
			1061	1161
			1061	1160
			1061	1159
			1061	1158
			1061	1157
			1061	1156
			1061	1155
			1062	1154
			1062	1153
			1062	1152
			1062	1151
			1062	1150
			1062	1149
			1063	1148
			1063	1147
			1063	1146
			1063	1145
			1063	1144
			1063	1143
			1064	1142
			1064	1141
			1064	1140
			1064	1139
			1064	1138
			1065	1137
			1065	1136
			1065	1135
			1065	1134
			1065	1133
			1065	1132
			1066	1131
			1066	1130
			1066	1129
			1066	1128
			1066	1127
			1067	1126
			1067	1125
			1067	1124
			1067	1123
			1068	1122
			1068	1121
			1068	1120
			1068	1119
			1069	1118
			1069	1117
			1069	1116
			1069	1115
			1069	1114
			1070	1113
			1070	1112
			1070	1111
			1070	1110
			1071	1109
			1071	1108
			1071	1107
			1071	1106
			1072	1105
			1072	1104
			1072	1103
			1072	1102
			1073	1101
			1073	1100
			1073	1099
			1073	1098
			1074	1097
			1074	1096
			1074	1095
			1075	1094
			1075	1093
			1075	1092
			1076	1091
			1076	1090
			1076	1089
			1076	1088
			1076	1087
			1077	1087
			1077	1086
			1077	1085
			1077	1084
			1078	1083
			1078	1082
			1078	1081
			1079	1080
			1079	1079
			1079	1078
			1080	1077
			1080	1076
			1080	1075
			1081	1074
			1081	1073
			1081	1072
			1082	1071
			1082	1070
			1082	1069
			1083	1068
			1083	1067
			1083	1066
			1084	1066
			1084	1065
			1084	1064
			1084	1063
			1085	1062
			1085	1061
			1086	1060
			1086	1059
			1086	1058
			1087	1057
			1087	1056
			1087	1055
			1088	1054
			1088	1053
			1089	1052
			1089	1051
			1089	1050
			1090	1049
			1090	1048
			1090	1047
			1091	1046
			1091	1045
			1092	1044
			1092	1043
			1093	1042
			1093	1041
			1093	1040
			1094	1040
			1094	1039
			1094	1038
			1095	1037
			1095	1036
			1096	1035
			1096	1034
			1096	1033
			1097	1032
			1097	1031
			1098	1030
			1098	1029
			1099	1028
			1099	1027
			1100	1026
			1100	1025
			1101	1024
			1101	1023
			1101	1022
			1102	1021
			1102	1020
			1103	1019
			1103	1018
			1104	1018
			1104	1017
			1105	1016
			1105	1015
			1106	1014
			1106	1013
			1107	1012
			1107	1011
			1107	1010
			1108	1009
			1108	1008
			1109	1007
			1109	1006
			1110	1006
			1110	1005
			1111	1004
			1111	1003
			1112	1002
			1112	1001
			1113	1000
			1113	999
			1114	998
			1114	997
			1115	997
			1115	996
			1116	995
			1116	994
			1117	993
			1117	992
			1118	991
			1119	990
			1119	989
			1120	988
			1121	987
			1121	986
			1122	985
			1123	984
			1123	983
			1124	982
			1124	981
			1125	980
			1126	979
			1126	978
			1127	977
			1128	976
			1128	975
			1129	974
			1129	973
			1130	972
			1131	971
			1131	970
			1132	970
			1132	969
			1133	968
			1134	967
			1134	966
			1135	965
			1135	964
			1136	963
			1137	963
			1137	962
			1138	961
			1138	960
			1139	959
			1140	958
			1140	957
			1141	956
			1142	956
			1142	955
			1143	954
			1144	953
			1144	952
			1145	951
			1146	950
			1147	949
			1148	948
			1148	947
			1149	946
			1150	945
			1151	944
			1152	943
			1152	942
			1153	941
			1154	940
			1155	939
			1156	938
			1157	937
			1157	936
			1158	935
			1159	934
			1160	933
			1161	932
			1162	931
			1162	930
			1163	929
			1164	928
			1165	927
			1166	926
			1167	925
			1168	924
			1168	923
			1169	922
			1170	921
			1171	920
			1172	919
			1173	918
			1174	917
			1175	917
			1176	916
			1176	915
			1177	914
			1178	913
			1179	912
			1180	911
			1181	910
			1182	909
			1183	908
			1184	907
			1185	906
			1186	905
			1187	905
			1188	904
			1188	903
			1189	902
			1190	901
			1191	900
			1192	899
			1193	898
			1194	897
			1195	897
			1196	896
			1197	895
			1198	894
			1199	893
			1200	892
			1201	891
			1202	890
			1203	890
			1204	889
			1205	888
			1206	887
			1207	886
			1208	885
			1209	884
			1210	884
			1211	883
			1212	882
			1213	881
			1214	880
			1215	879
			1216	878
			1217	878
			1218	877
			1219	876
			1220	875
			1221	875
			1221	874
			1222	874
			1223	873
			1224	873
			1225	872
			1226	871
			1227	870
			1228	869
			1229	869
			1230	868
			1231	867
			1232	866
			1233	866
			1234	865
			1235	864
			1236	864
			1237	863
			1238	862
			1239	862
			1240	861
			1241	860
			1242	860
			1243	859
			1244	858
			1245	858
			1246	857
			1246	856
			1247	856
			1248	855
			1249	854
			1250	854
			1251	853
			1252	852
			1253	852
			1254	851
			1255	850
			1256	850
			1257	849
			1258	848
			1259	848
			1260	847
			1261	846
			1262	846
			1263	845
			1264	845
			1265	844
			1266	843
			1267	843
			1268	842
			1269	842
			1270	841
			1271	840
			1272	840
			1273	839
			1274	839
			1275	838
			1276	838
			1277	837
			1278	836
			1279	836
			1280	835
			1281	835
			1281	834
			1282	834
			1283	834
			1283	833
			1284	833
			1285	833
			1285	832
			1286	832
			1287	831
			1288	831
			1289	830
			1290	830
			1291	829
			1292	829
			1293	828
			1294	828
			1294	827
			1295	827
			1296	826
			1297	826
			1298	825
			1299	825
			1300	824
			1301	824
			1302	823
			1303	823
			1304	822
			1305	822
			1305	821
			1306	821
			1307	821
			1308	820
			1309	820
			1309	819
			1310	819
			1311	819
			1312	818
			1313	817
			1314	817
			1315	817
			1316	816
			1317	816
			1318	815
			1319	815
			1320	814
			1321	814
			1321	813
			1322	813
			1323	812
			1324	812
			1325	811
			1326	811
			1327	811
			1328	810
			1329	810
			1330	809
			1331	809
			1332	808
			1333	808
			1333	807
			1334	807
			1335	807
			1336	806
			1337	806
			1338	805
			1339	805
			1340	804
			1341	804
			1342	804
			1343	803
			1344	803
			1344	802
			1345	802
			1346	801
			1347	801
			1348	801
			1349	800
			1350	800
			1351	799
			1352	799
			1353	799
			1354	798
			1355	798
			1355	797
			1356	797
			1357	797
			1358	796
			1359	796
			1360	795
			1361	795
			1362	795
			1363	794
			1364	794
			1365	793
			1366	793
			1367	792
			1368	792
			1369	791
			1370	791
			1371	791
			1372	790
			1373	790
			1374	789
			1375	789
			1376	789
			1376	788
			1377	788
			1378	788
			1379	788
			1379	787
			1380	787
			1381	787
			1382	786
			1383	786
			1384	785
			1385	785
			1386	785
			1387	784
			1388	784
			1389	784
			1390	783
			1391	783
			1392	782
			1393	782
			1394	782
			1395	781
			1396	781
			1397	780
			1398	780
			1399	780
			1400	779
			1401	779
			1402	779
			1403	778
			1404	778
			1405	778
			1405	777
			1406	777
			1407	777
			1408	777
			1409	776
			1410	776
			1411	775
			1412	775
			1413	775
			1414	774
			1415	774
			1416	774
			1417	773
			1418	773
			1419	773
			1420	772
			1421	772
			1422	772
			1423	771
			1424	771
			1425	771
			1426	770
			1427	770
			1428	770
			1429	770
			1430	769
			1431	769
			1432	769
			1432	768
			1433	768
			1434	768
			1435	767
			1436	767
			1437	767
			1438	767
			1439	766
			1440	766
			1441	766
			1442	765
			1443	765
			1444	765
			1445	765
			1446	764
			1447	764
			1448	764
			1449	763
			1450	763
			1451	763
			1452	763
			1453	762
			1454	762
			1455	762
			1456	762
			1457	761
			1458	761
			1459	761
			1460	760
			1461	760
			1462	760
			1463	760
			1464	759
			1465	759
			1466	759
			1467	759
			1467	758
			1468	758
			1469	758
			1470	758
			1471	758
			1472	757
			1473	757
			1474	757
			1475	757
			1476	756
			1477	756
			1478	756
			1479	756
			1480	755
			1481	755
			1482	755
			1483	755
			1484	755
			1485	754
			1486	754
			1487	754
			1488	754
			1489	753
			1490	753
			1491	753
			1492	753
			1493	753
			1494	752
			1495	752
			1496	752
			1497	752
			1498	752
			1499	751
			1500	751
			1501	751
			1502	751
			1503	751
			1504	751
			1505	750
			1506	750
			1507	750
			1508	750
			1509	750
			1510	750
			1511	749
			1512	749
			1513	749
			1514	749
			1515	749
			1516	749
			1516	748
			1517	748
			1518	748
			1519	748
			1520	748
			1521	748
			1522	747
			1523	747
			1524	747
			1525	747
			1526	747
			1527	747
			1528	747
			1529	746
			1530	746
			1531	746
			1532	746
			1533	746
			1534	746
			1535	746
			1536	746
			1537	745
			1538	745
			1539	745
			1540	745
			1541	745
			1542	745
			1543	745
			1544	745
			1545	745
			1546	744
			1547	744
			1548	744
			1549	744
			1550	744
			1551	744
			1552	744
			1553	744
			1554	744
			1555	744
			1556	743
			1557	743
			1558	743
			1559	743
			1560	743
			1561	743
			1562	743
			1563	743
			1564	743
			1565	743
			1566	743
			1567	743
			1568	743
			1569	742
			1570	742
			1571	742
			1572	742
			1573	742
			1574	742
			1575	742
			1576	742
			1577	742
			1578	742
			1579	742
			1580	742
			1581	742
			1582	742
			1583	742
			1584	742
			1585	742
			1586	742
			1587	742
			1588	742
			1589	742
			1590	742
			1591	742
			1592	742
			1593	742
			1594	742
			1595	742
			1596	742
			1597	742
			1598	742
			1599	742
			1600	742
			1601	742
			1602	742
			1603	742
			1604	742
			1605	742
			1606	742
			1607	742
			1608	742
			1609	742
			1610	742
			1611	742
			1612	742
			1613	742
			1614	742
			1615	742
			1616	742
			1617	742
			1618	742
			1619	742
			1620	742
			1621	742
			1622	742
			1623	742
			1624	742
			1625	742
			1626	742
			1627	742
			1628	742
			1629	742
			1630	742
			1631	742
			1632	743
			1633	743
			1634	743
			1635	743
			1636	743
			1637	743
			1638	743
			1639	743
			1640	743
			1641	743
			1642	743
			1643	743
			1644	743
			1645	743
			1645	744
			1646	744
			1647	744
			1648	744
			1649	744
			1650	744
			1651	744
			1652	744
			1653	744
			1654	744
			1655	745
			1656	745
			1657	745
			1658	745
			1659	745
			1660	745
			1661	745
			1662	745
			1663	745
			1664	746
			1665	746
			1666	746
			1667	746
			1668	746
			1669	746
			1670	746
			1671	747
			1672	747
			1673	747
			1674	747
			1675	747
			1676	747
			1677	747
			1678	748
			1679	748
			1680	748
			1681	748
			1682	748
			1683	748
			1684	749
			1685	749
			1686	749
			1687	749
			1688	749
			1689	750
			1690	750
			1691	750
			1692	750
			1693	750
			1694	750
			1695	751
			1696	751
			1697	751
			1698	751
			1699	751
			1700	752
			1701	752
			1702	752
			1703	752
			1704	753
			1705	753
			1706	753
			1707	753
			1708	753
			1709	754
			1710	754
			1711	754
			1712	754
			1713	755
			1714	755
			1715	755
			1716	755
			1717	756
			1718	756
			1719	756
			1720	756
			1721	757
			1722	757
			1723	757
			1724	757
			1725	758
			1726	758
			1727	758
			1728	758
			1729	759
			1730	759
			1731	759
			1732	759
			1733	760
			1734	760
			1735	760
			1736	761
			1737	761
			1738	761
			1739	761
			1740	762
			1741	762
			1742	762
			1743	763
			1744	763
			1745	763
			1746	763
			1747	764
			1748	764
			1749	764
			1750	765
			1751	765
			1752	765
			1753	766
			1754	766
			1755	766
			1756	767
			1757	767
			1758	767
			1759	768
			1760	768
			1761	768
			1762	769
			1763	769
			1764	769
			1765	770
			1766	770
			1767	771
			1768	771
			1769	771
			1770	771
			1770	772
			1771	772
			1772	772
			1773	773
			1774	773
			1775	773
			1776	774
			1777	774
			1778	775
			1779	775
			1780	775
			1781	776
			1782	776
			1783	777
			1784	777
			1785	777
			1786	778
			1787	778
			1788	779
			1789	779
			1790	779
			1791	780
			1792	780
			1793	781
			1794	781
			1795	782
			1796	782
			1797	782
			1798	783
			1799	783
			1800	784
			1801	784
			1802	785
			1803	785
			1804	785
			1805	786
			1806	786
			1807	787
			1808	787
			1809	788
			1810	788
			1811	789
			1812	789
			1813	790
			1814	790
			1815	791
			1816	791
			1817	791
			1818	792
			1819	792
			1820	793
			1821	793
			1822	794
			1823	794
			1824	795
			1825	795
			1826	796
			1827	796
			1828	797
			1829	797
			1830	798
			1831	798
			1832	799
			1833	799
			1834	800
			1835	800
			1836	801
			1837	801
			1838	802
			1839	802
			1840	803
			1841	804
			1842	804
			1843	805
			1844	805
			1845	806
			1846	806
			1847	807
			1848	807
			1849	808
			1850	808
			1851	809
			1852	809
			1853	810
			1854	811
			1855	812
			1856	813
			1857	814
			1858	815
			1859	816
			1860	817
			1861	818
			1862	819
			1863	820
			1864	821
			1865	822
			1866	823
			1867	824
			1868	825
			1869	826
			1870	827
			1870	828
			1871	828
			1872	829
			1872	830
			1873	831
			1874	831
			1874	832
			1875	833
			1876	834
			1877	834
			1877	835
			1878	836
			1879	837
			1880	838
			1881	839
			1882	840
			1883	841
			1884	842
			1885	843
			1886	844
			1886	845
			1887	846
			1888	847
			1889	848
			1890	848
			1890	849
			1891	850
			1892	851
			1893	852
			1894	853
			1894	854
			1895	855
			1896	856
			1897	856
			1898	857
			1898	858
			1899	859
			1900	860
			1901	861
			1901	862
			1902	863
			1903	864
			1904	864
			1905	865
			1905	866
			1906	867
			1907	868
			1908	869
			1908	870
			1909	871
			1910	872
			1911	872
			1911	873
			1912	874
			1913	875
			1914	876
			1914	877
			1915	878
			1916	879
			1917	880
			1917	881
			1918	881
			1919	882
			1920	883
			1920	884
			1921	885
			1922	886
			1923	887
			1923	888
			1924	889
			1925	889
			1925	890
			1926	891
			1927	892
			1928	893
			1928	894
			1929	895
			1930	896
			1930	897
			1931	898
			1932	898
			1933	899
			1933	900
			1934	901
			1935	902
			1935	903
			1936	904
			1937	905
			1937	906
			1938	907
			1939	907
			1939	908
			1940	909
			1941	910
			1942	911
			1942	912
			1943	913
			1944	914
			1944	915
			1945	915
			1946	916
			1946	917
			1947	918
			1948	919
			1948	920
			1949	921
			1950	922
			1950	923
			1951	924
			1952	925
			1953	926
			1953	927
			1954	928
			1955	929
			1956	930
			1956	931
			1957	932
			1957	933
			1958	933
			1958	934
			1959	935
			1959	936
			1960	937
			1961	937
			1961	938
			1962	939
			1962	940
			1963	940
			1963	941
			1964	942
			1964	943
			1965	944
			1966	945
			1967	946
			1967	947
			1968	948
			1968	949
			1969	950
			1970	951
			1970	952
			1971	953
			1971	954
			1972	954
			1973	955
			1973	956
			1974	957
			1975	958
			1975	959
			1976	960
			1976	961
			1977	962
			1977	963
			1978	964
			1979	965
			1979	966
			1980	967
			1980	968
			1981	968
			1982	969
			1982	970
			1983	971
			1983	972
			1984	973
			1984	974
			1985	975
			1986	976
			1986	977
			1987	978
			1987	979
			1988	980
			1988	981
			1989	982
			1989	983
			1990	983
			1991	984
			1991	985
			1992	986
			1992	987
			1993	988
			1993	989
			1994	990
			1994	991
			1995	992
			1995	993
			1996	994
			1996	995
			1997	996
			1998	997
			1998	998
			1999	999
			2000	1000
			2000	1001
			2000	1002
			2001	1002
			2001	1003
			2001	1004
			2002	1004
			2002	1005
			2002	1006
			2003	1006
			2003	1007
			2004	1008
			2004	1009
			2005	1010
			2005	1011
			2006	1012
			2006	1013
			2007	1014
			2007	1015
			2008	1016
			2008	1017
			2009	1018
			2009	1019
			2010	1020
			2010	1021
			2011	1022
			2011	1023
			2012	1024
			2012	1025
			2013	1026
			2013	1027
			2014	1028
			2014	1029
			2015	1030
			2015	1031
			2016	1032
			2016	1033
			2017	1034
			2017	1035
			2017	1036
			2018	1037
			2018	1038
			2019	1039
			2019	1040
			2020	1041
			2020	1042
			2021	1043
			2021	1044
			2021	1045
			2022	1046
			2022	1047
			2023	1048
			2023	1049
			2024	1050
			2024	1051
			2024	1052
			2025	1052
			2025	1053
			2026	1054
			2026	1055
			2026	1056
			2027	1057
			2027	1058
			2028	1059
			2028	1060
			2028	1061
			2029	1062
			2029	1063
			2030	1064
			2030	1065
			2030	1066
			2031	1067
			2031	1068
			2032	1069
			2032	1070
			2032	1071
			2033	1072
			2033	1073
			2033	1074
			2034	1075
			2034	1076
			2035	1077
			2035	1078
			2035	1079
			2036	1080
			2036	1081
			2036	1082
			2037	1083
			2037	1084
			2037	1085
			2038	1086
			2038	1087
			2038	1088
			2039	1089
			2039	1090
			2039	1091
			2040	1092
			2040	1093
			2040	1094
			2041	1095
			2041	1096
			2041	1097
			2042	1098
			2042	1099
			2042	1100
			2043	1101
			2043	1102
			2043	1103
			2044	1104
			2044	1105
			2044	1106
			2045	1107
			2045	1108
			2045	1109
			2045	1110
			2046	1111
			2046	1112
			2046	1113
			2047	1114
			2047	1115
			2047	1116
			2048	1117
			2048	1118
			2048	1119
			2049	1120
			2049	1121
			2049	1122
			2049	1123
			2049	1124
			2050	1125
			2050	1126
			2050	1127
			2051	1128
			2051	1129
			2051	1130
			2051	1131
			2052	1132
			2052	1133
			2052	1134
			2052	1135
			2053	1136
			2053	1137
			2053	1138
			2053	1139
			2054	1140
			2054	1141
			2054	1142
			2054	1143
			2054	1144
			2055	1145
			2055	1146
			2055	1147
			2055	1148
			2055	1149
			2056	1149
			2056	1150
			2056	1151
			2056	1152
			2056	1153
			2056	1154
			2057	1155
			2057	1156
			2057	1157
			2057	1158
			2057	1159
			2058	1160
			2058	1161
			2058	1162
			2058	1163
			2058	1164
			2058	1165
			2059	1166
			2059	1167
			2059	1168
			2059	1169
			2059	1170
			2059	1171
			2060	1172
			2060	1173
			2060	1174
			2060	1175
			2060	1176
			2060	1177
			2061	1178
			2061	1179
			2061	1180
			2061	1181
			2061	1182
			2061	1183
			2061	1184
			2062	1185
			2062	1186
			2062	1187
			2062	1188
			2062	1189
			2062	1190
			2062	1191
			2062	1192
			2063	1193
			2063	1194
			2063	1195
			2063	1196
			2063	1197
			2063	1198
			2063	1199
			2063	1200
			2063	1201
			2063	1202
			2064	1203
			2064	1204
			2064	1205
			2064	1206
			2064	1207
			2064	1208
			2064	1209
			2064	1210
			2064	1211
			2064	1212
			2064	1213
			2064	1214
			2064	1215
			2065	1216
			2065	1217
			2065	1218
			2065	1219
			2065	1220
			2065	1221
			2065	1222
			2065	1223
			2065	1224
			2065	1225
			2065	1226
			2065	1227
			2065	1228
			2065	1229
			2065	1230
			2065	1231
			2065	1232
			2065	1233
			2065	1234
			2065	1235
			2065	1236
			2065	1237
			2065	1238
			2065	1239
			2065	1240
			2065	1241
			2066	1242
			2066	1243
			2066	1244
			2066	1245
			2066	1246
			2066	1247
			2066	1248
			2066	1249
			2065	1250
			2065	1251
			2065	1252
			2065	1253
			2065	1254
			2065	1255
			2065	1256
			2065	1257
			2065	1258
			2065	1259
			2065	1260
			2065	1261
			2065	1262
			2065	1263
			2065	1264
			2065	1265
			2065	1266
			2065	1267
			2065	1268
			2065	1269
			2065	1270
			2064	1271
			2064	1272
			2064	1273
			2064	1274
			2064	1275
			2063	1276
			2063	1277
			2063	1278
			2063	1279
			2063	1280
			2062	1281
			2062	1282
			2062	1283
			2062	1284
			2061	1285
			2061	1286
			2061	1287
			2061	1288
			2060	1289
			2060	1290
			2060	1291
			2060	1292
			2059	1293
			2059	1294
			2059	1295
			2059	1296
			2059	1297
			2058	1298
			2058	1299
			2058	1300
			2058	1301
			2057	1302
			2057	1303
			2057	1304
			2056	1305
			2056	1306
			2056	1307
			2056	1308
			2055	1309
			2055	1310
			2055	1311
			2055	1312
			2055	1313
			2054	1313
			2054	1314
			2054	1315
			2054	1316
			2053	1317
			2053	1318
			2053	1319
			2052	1320
			2052	1321
			2052	1322
			2052	1323
			2051	1324
			2051	1325
			2051	1326
			2051	1327
			2050	1328
			2050	1329
			2050	1330
			2049	1331
			2049	1332
			2049	1333
			2048	1334
			2048	1335
			2048	1336
			2047	1337
			2047	1338
			2047	1339
			2047	1340
			2046	1340
			2046	1341
			2046	1342
			2046	1343
			2045	1344
			2045	1345
			2045	1346
			2044	1347
			2044	1348
			2044	1349
			2043	1350
			2043	1351
			2043	1352
			2042	1353
			2042	1354
			2042	1355
			2041	1356
			2041	1357
			2040	1358
			2040	1359
			2040	1360
			2040	1361
			2039	1361
			2039	1362
			2039	1363
			2038	1364
			2038	1365
			2038	1366
			2037	1367
			2037	1368
			2037	1369
			2036	1369
			2036	1370
			2036	1371
			2035	1372
			2035	1373
			2035	1374
			2034	1375
			2034	1376
			2033	1377
			2033	1378
			2033	1379
			2032	1380
			2032	1381
			2032	1382
			2031	1382
			2031	1383
			2030	1384
			2030	1385
			2030	1386
			2029	1387
			2029	1388
			2029	1389
			2028	1390
			2028	1391
			2027	1392
			2027	1393
			2026	1394
			2026	1395
			2025	1396
			2025	1397
			2025	1398
			2024	1399
			2024	1400
			2023	1401
			2023	1402
			2022	1403
			2022	1404
			2021	1405
			2021	1406
			2021	1407
			2020	1408
			2020	1409
			2019	1410
			2018	1411
			2018	1412
			2018	1413
			2017	1414
			2017	1415
			2016	1416
			2016	1417
			2015	1418
			2015	1419
			2014	1420
			2014	1421
			2013	1422
			2013	1423
			2012	1424
			2012	1425
			2011	1426
			2011	1427
			2010	1428
			2009	1429
			2009	1430
			2009	1431
			2008	1432
			2007	1433
			2007	1434
			2006	1435
			2006	1436
			2005	1437
			2005	1438
			2004	1439
			2004	1440
			2003	1441
			2003	1442
			2002	1443
			2002	1444
			2001	1445
			2000	1445
			2000	1446
			1999	1447
			1999	1448
			1998	1449
			1998	1450
			1997	1451
			1997	1452
			1996	1453
			1996	1454
			1995	1454
			1995	1455
			1994	1456
			1993	1457
			1993	1458
			1992	1459
			1992	1460
			1991	1461
			1990	1462
			1989	1463
			1989	1464
			1988	1465
			1987	1466
			1987	1467
			1986	1468
			1985	1469
			1985	1470
			1984	1471
			1984	1472
			1983	1472
			1983	1473
			1983	1474
			1982	1474
			1982	1475
			1981	1475
			1981	1476
			1981	1477
			1980	1477
			1980	1478
			1979	1478
			1979	1479
			1978	1480
			1978	1481
			1977	1482
			1976	1483
			1975	1484
			1974	1485
			1974	1486
			1973	1487
			1973	1488
			1972	1488
			1971	1489
			1971	1490
			1970	1490
			1970	1491
			1969	1492
			1968	1493
			1967	1494
			1967	1495
			1966	1496
			1965	1497
			1965	1498
			1964	1499
			1963	1499
			1963	1500
			1962	1501
			1961	1502
			1961	1503
			1960	1503
			1959	1504
			1959	1505
			1958	1506
			1957	1507
			1956	1508
			1955	1509
			1954	1510
			1954	1511
			1953	1512
			1952	1513
			1951	1514
			1950	1515
			1949	1516
			1948	1517
			1947	1518
			1946	1519
			1945	1520
			1944	1521
			1943	1522
			1942	1523
			1942	1524
			1941	1525
			1940	1525
			1939	1526
			1939	1527
			1938	1528
			1937	1528
			1936	1529
			1936	1530
			1935	1531
			1934	1532
			1933	1532
			1933	1533
			1932	1534
			1931	1534
			1930	1535
			1929	1536
			1929	1537
			1928	1537
			1927	1538
			1926	1539
			1926	1540
			1925	1540
			1924	1541
			1923	1542
			1922	1542
			1922	1543
			1921	1544
			1920	1545
			1919	1545
			1918	1546
			1918	1547
			1917	1547
			1916	1548
			1915	1549
			1914	1549
			1914	1550
			1913	1551
			1912	1552
			1911	1552
			1910	1553
			1910	1554
			1909	1554
			1908	1555
			1907	1556
			1906	1556
			1905	1557
			1905	1558
			1904	1558
			1903	1559
			1902	1560
			1901	1560
			1900	1561
			1900	1562
			1899	1562
			1898	1563
			1897	1564
			1896	1564
			1895	1565
			1894	1565
			1894	1566
			1893	1567
			1892	1567
			1891	1568
			1890	1569
			1889	1569
			1888	1570
			1887	1571
			1886	1572
			1885	1573
			1884	1573
			1883	1574
			1882	1574
			1882	1575
			1881	1575
			1880	1575
			1880	1576
			1879	1576
			1878	1577
			1877	1578
			1876	1578
			1875	1579
			1874	1580
			1873	1580
			1872	1581
			1871	1581
			1871	1582
			1870	1582
			1869	1583
			1868	1583
			1868	1584
			1867	1584
			1866	1585
			1865	1585
			1864	1586
		</Eye>
	</curves.pixel>
	<ruler.points type=matrix rownames=TRUE colnames=FALSE nrow=2 ncol=2 as.numeric=TRUE >
		Ruler point 1	2	1894
		Ruler point 2	104	1894
	</ruler.points>
</shapes>

