<shapes type=list>
	<scaling type=logical names=FALSE length=1 as.numeric=FALSE >NA</scaling>
	<landmarks.pixel type=matrix rownames=TRUE colnames=FALSE nrow=11 ncol=2 as.numeric=TRUE >
		LM1Forehead	1827	199
		LM2UJFront	2287	1465
		LM3UJBack	1684	1526
		LM4LacOrb	1831	880
		LM5QJoint	1660	1609
		LM6IOPL	1634	1741
		LM7IOPSOP	529	1665
		LM8A2A1	937	1131
		LM9A1A3	892	679
		LM10TopMuscR	819	507
		LM11TopMuscL	314	403
	</landmarks.pixel>
	<curves.control type=list>
		<Profile type=matrix rownames=FALSE colnames=FALSE nrow=7 ncol=2 as.numeric=TRUE >
			1827	199
			2169	503
			2304	698
			2556	1071
			2547	1357
			2339	1625
			2287	1465
		</Profile>
		<Eye type=matrix rownames=FALSE colnames=FALSE nrow=13 ncol=2 as.numeric=TRUE >
			1831	880
			1684	1027
			1441	1027
			1254	988
			1128	828
			1020	620
			1102	412
			1280	147
			1536	195
			1753	208
			1918	451
			1983	719
			1831	880
		</Eye>
	</curves.control>
	<curves.pixel type=list>
		<Profile type=matrix rownames=FALSE colnames=FALSE nrow=1554 ncol=2 as.numeric=TRUE >
			1827	199
			1828	200
			1829	201
			1830	202
			1831	203
			1832	203
			1833	204
			1833	205
			1834	205
			1835	206
			1836	207
			1837	208
			1838	209
			1839	210
			1840	211
			1841	211
			1842	212
			1842	213
			1843	213
			1844	214
			1845	215
			1846	216
			1847	216
			1847	217
			1848	218
			1849	219
			1850	219
			1851	220
			1851	221
			1852	222
			1853	222
			1854	223
			1855	224
			1856	225
			1857	226
			1858	227
			1859	228
			1860	229
			1861	229
			1862	230
			1863	231
			1864	232
			1865	233
			1866	234
			1867	235
			1868	236
			1869	236
			1870	237
			1871	238
			1872	239
			1873	240
			1874	241
			1875	242
			1876	243
			1877	243
			1878	244
			1878	245
			1879	246
			1880	247
			1881	248
			1882	249
			1883	250
			1884	250
			1885	251
			1886	252
			1887	253
			1888	254
			1889	255
			1890	256
			1891	256
			1892	257
			1893	258
			1894	259
			1895	260
			1896	261
			1897	262
			1898	263
			1899	264
			1900	265
			1901	266
			1902	267
			1903	268
			1904	269
			1905	269
			1906	270
			1906	271
			1907	271
			1908	272
			1909	273
			1910	274
			1911	274
			1911	275
			1912	276
			1913	277
			1914	277
			1915	278
			1915	279
			1916	280
			1917	280
			1918	281
			1919	282
			1919	283
			1920	283
			1921	284
			1922	285
			1923	286
			1924	287
			1925	288
			1926	289
			1927	290
			1928	291
			1929	291
			1930	292
			1931	293
			1932	294
			1933	295
			1934	296
			1935	297
			1936	298
			1937	299
			1938	300
			1939	301
			1940	302
			1941	303
			1942	304
			1943	305
			1944	305
			1945	306
			1945	307
			1946	308
			1947	308
			1948	309
			1949	310
			1949	311
			1950	311
			1951	312
			1952	313
			1953	314
			1954	315
			1955	316
			1956	317
			1957	318
			1958	319
			1959	319
			1960	320
			1961	321
			1962	322
			1963	323
			1964	324
			1965	325
			1966	326
			1966	327
			1967	327
			1968	328
			1969	329
			1970	330
			1971	331
			1972	332
			1973	333
			1974	334
			1975	335
			1976	335
			1977	336
			1978	337
			1979	338
			1980	339
			1980	340
			1981	341
			1982	342
			1983	342
			1984	343
			1985	344
			1986	345
			1987	346
			1988	347
			1989	348
			1990	349
			1991	349
			1991	350
			1992	351
			1993	352
			1994	353
			1995	354
			1996	355
			1997	355
			1998	356
			1999	357
			2000	358
			2000	359
			2001	360
			2002	361
			2003	362
			2004	362
			2005	363
			2006	364
			2007	365
			2008	366
			2009	367
			2009	368
			2010	368
			2011	369
			2012	370
			2013	371
			2014	372
			2015	373
			2016	374
			2017	374
			2017	375
			2018	376
			2019	377
			2020	378
			2021	379
			2022	380
			2023	380
			2024	381
			2024	382
			2025	383
			2026	384
			2027	385
			2028	386
			2029	386
			2030	387
			2030	388
			2031	389
			2032	390
			2033	391
			2034	391
			2035	392
			2036	393
			2037	394
			2037	395
			2038	396
			2039	397
			2040	397
			2041	398
			2042	399
			2042	400
			2043	401
			2044	402
			2045	402
			2046	403
			2047	404
			2048	405
			2048	406
			2049	407
			2050	407
			2051	408
			2052	409
			2053	410
			2053	411
			2054	412
			2055	412
			2056	413
			2057	414
			2058	415
			2058	416
			2059	417
			2060	417
			2061	418
			2062	419
			2063	420
			2063	421
			2064	422
			2065	422
			2066	423
			2067	424
			2068	425
			2068	426
			2069	426
			2070	427
			2071	428
			2072	429
			2072	430
			2073	431
			2074	431
			2075	432
			2076	433
			2076	434
			2077	435
			2078	435
			2079	436
			2080	437
			2080	438
			2081	439
			2082	440
			2083	440
			2084	441
			2084	442
			2085	443
			2086	444
			2087	444
			2088	445
			2088	446
			2089	447
			2090	448
			2091	448
			2092	449
			2092	450
			2093	451
			2094	452
			2095	452
			2096	453
			2096	454
			2097	455
			2098	456
			2099	456
			2099	457
			2100	458
			2101	459
			2102	460
			2103	460
			2103	461
			2104	462
			2105	463
			2106	464
			2107	465
			2108	466
			2109	467
			2110	468
			2111	469
			2112	470
			2113	471
			2114	472
			2115	473
			2115	474
			2116	475
			2117	476
			2118	477
			2119	478
			2120	479
			2121	480
			2122	480
			2123	481
			2124	482
			2124	483
			2125	484
			2126	485
			2127	486
			2128	487
			2129	488
			2130	489
			2131	490
			2132	491
			2132	492
			2133	493
			2134	494
			2135	494
			2136	495
			2137	496
			2138	497
			2139	498
			2139	499
			2140	500
			2141	501
			2142	502
			2143	503
			2144	504
			2145	505
			2145	506
			2146	507
			2147	507
			2148	508
			2149	509
			2150	510
			2151	511
			2151	512
			2152	513
			2153	514
			2154	515
			2155	516
			2156	517
			2156	518
			2157	518
			2158	519
			2159	520
			2160	521
			2161	522
			2161	523
			2162	524
			2163	525
			2164	526
			2165	527
			2166	527
			2166	528
			2167	529
			2168	530
			2169	531
			2170	532
			2170	533
			2171	534
			2172	535
			2173	536
			2174	536
			2174	537
			2175	538
			2176	539
			2177	540
			2178	541
			2178	542
			2179	543
			2180	544
			2181	544
			2182	545
			2182	546
			2183	547
			2184	548
			2185	549
			2186	550
			2186	551
			2187	552
			2188	552
			2189	553
			2190	554
			2190	555
			2191	556
			2192	557
			2193	558
			2193	559
			2194	559
			2195	560
			2196	561
			2196	562
			2197	563
			2198	564
			2199	565
			2199	566
			2200	566
			2201	567
			2202	568
			2202	569
			2203	570
			2204	571
			2205	572
			2206	573
			2207	574
			2208	575
			2209	576
			2210	577
			2210	578
			2211	579
			2212	580
			2213	581
			2214	582
			2215	583
			2215	584
			2216	585
			2217	585
			2217	586
			2218	587
			2218	588
			2219	588
			2220	589
			2220	590
			2221	590
			2221	591
			2222	592
			2223	593
			2224	594
			2225	595
			2225	596
			2226	597
			2227	598
			2228	598
			2228	599
			2229	600
			2230	601
			2230	602
			2231	603
			2232	604
			2233	605
			2234	606
			2235	607
			2236	608
			2237	609
			2237	610
			2238	611
			2239	612
			2240	613
			2240	614
			2241	615
			2242	616
			2243	617
			2244	618
			2245	619
			2245	620
			2246	621
			2247	622
			2248	623
			2248	624
			2249	625
			2250	626
			2251	627
			2252	628
			2253	629
			2254	630
			2254	631
			2255	632
			2255	633
			2256	633
			2256	634
			2257	635
			2258	636
			2259	637
			2260	638
			2260	639
			2261	640
			2262	641
			2263	642
			2263	643
			2264	644
			2265	645
			2265	646
			2266	646
			2267	647
			2268	648
			2268	649
			2269	650
			2270	651
			2270	652
			2271	653
			2272	653
			2272	654
			2273	655
			2274	656
			2274	657
			2275	658
			2276	659
			2276	660
			2277	660
			2278	661
			2278	662
			2279	663
			2279	664
			2280	665
			2281	666
			2281	667
			2282	667
			2283	668
			2283	669
			2284	670
			2285	671
			2285	672
			2286	673
			2287	674
			2288	675
			2289	676
			2289	677
			2290	678
			2291	679
			2291	680
			2292	681
			2293	682
			2294	683
			2294	684
			2295	685
			2296	686
			2297	687
			2297	688
			2298	689
			2299	690
			2299	691
			2300	692
			2301	693
			2301	694
			2302	695
			2303	696
			2304	697
			2304	698
			2305	699
			2305	700
			2306	701
			2307	702
			2307	703
			2308	704
			2309	705
			2309	706
			2310	707
			2310	708
			2311	708
			2312	709
			2312	710
			2313	711
			2313	712
			2314	712
			2314	713
			2315	714
			2315	715
			2316	716
			2316	717
			2317	717
			2317	718
			2318	719
			2319	720
			2319	721
			2320	721
			2320	722
			2321	723
			2321	724
			2322	725
			2323	726
			2323	727
			2324	728
			2325	729
			2325	730
			2326	731
			2327	732
			2327	733
			2328	734
			2329	735
			2329	736
			2330	737
			2330	738
			2331	739
			2332	740
			2332	741
			2333	742
			2334	743
			2334	744
			2335	745
			2335	746
			2336	747
			2337	748
			2337	749
			2338	750
			2339	751
			2339	752
			2340	753
			2340	754
			2341	754
			2341	755
			2342	756
			2343	757
			2343	758
			2344	759
			2344	760
			2345	761
			2346	762
			2346	763
			2347	763
			2347	764
			2348	765
			2348	766
			2349	767
			2349	768
			2350	768
			2350	769
			2351	770
			2351	771
			2352	772
			2353	773
			2353	774
			2354	775
			2355	776
			2355	777
			2356	778
			2356	779
			2357	780
			2358	781
			2358	782
			2359	783
			2359	784
			2360	785
			2361	786
			2361	787
			2362	788
			2362	789
			2363	790
			2364	791
			2364	792
			2365	793
			2365	794
			2366	795
			2367	796
			2367	797
			2368	798
			2368	799
			2369	800
			2370	801
			2370	802
			2371	803
			2371	804
			2372	805
			2373	806
			2373	807
			2374	808
			2374	809
			2375	810
			2375	811
			2376	812
			2377	813
			2377	814
			2378	815
			2378	816
			2379	817
			2379	818
			2380	819
			2381	820
			2381	821
			2382	822
			2382	823
			2383	824
			2384	825
			2384	826
			2385	827
			2385	828
			2386	828
			2386	829
			2386	830
			2387	830
			2387	831
			2388	832
			2388	833
			2389	834
			2389	835
			2390	836
			2390	837
			2391	837
			2391	838
			2392	839
			2392	840
			2393	841
			2393	842
			2394	842
			2394	843
			2395	844
			2395	845
			2396	846
			2396	847
			2397	848
			2397	849
			2398	850
			2399	851
			2399	852
			2400	853
			2400	854
			2401	855
			2401	856
			2402	857
			2402	858
			2403	859
			2404	860
			2404	861
			2405	862
			2405	863
			2406	864
			2406	865
			2407	866
			2407	867
			2408	868
			2408	869
			2409	870
			2410	871
			2410	872
			2411	873
			2411	874
			2412	875
			2412	876
			2413	877
			2413	878
			2414	879
			2414	880
			2415	881
			2415	882
			2416	883
			2416	884
			2417	885
			2417	886
			2418	887
			2418	888
			2419	889
			2420	890
			2420	891
			2421	892
			2421	893
			2422	894
			2422	895
			2423	896
			2423	897
			2424	898
			2424	899
			2425	900
			2425	901
			2426	902
			2426	903
			2427	904
			2427	905
			2428	906
			2428	907
			2429	908
			2429	909
			2430	910
			2430	911
			2431	912
			2431	913
			2432	914
			2432	915
			2433	916
			2433	917
			2434	918
			2434	919
			2435	920
			2435	921
			2435	922
			2436	923
			2436	924
			2437	925
			2438	926
			2438	927
			2439	928
			2439	929
			2440	930
			2440	931
			2441	932
			2441	933
			2442	934
			2442	935
			2442	936
			2443	936
			2443	937
			2444	938
			2444	939
			2444	940
			2445	941
			2446	942
			2446	943
			2446	944
			2447	945
			2447	946
			2448	947
			2448	948
			2449	949
			2449	950
			2450	951
			2450	952
			2451	953
			2451	954
			2452	955
			2452	956
			2453	957
			2453	958
			2453	959
			2454	960
			2454	961
			2455	962
			2455	963
			2456	964
			2456	965
			2457	966
			2457	967
			2458	968
			2458	969
			2458	970
			2459	971
			2459	972
			2460	973
			2460	974
			2461	975
			2461	976
			2462	977
			2462	978
			2462	979
			2463	980
			2463	981
			2464	982
			2464	983
			2465	984
			2465	985
			2465	986
			2466	987
			2466	988
			2467	989
			2467	990
			2468	991
			2468	992
			2468	993
			2469	994
			2469	995
			2470	996
			2470	997
			2471	998
			2471	999
			2471	1000
			2472	1001
			2472	1002
			2473	1003
			2473	1004
			2473	1005
			2474	1006
			2474	1007
			2475	1008
			2475	1009
			2475	1010
			2476	1011
			2476	1012
			2477	1013
			2477	1014
			2477	1015
			2478	1016
			2478	1017
			2479	1018
			2479	1019
			2479	1020
			2480	1021
			2480	1022
			2481	1023
			2481	1024
			2481	1025
			2482	1026
			2482	1027
			2483	1028
			2483	1029
			2483	1030
			2484	1030
			2484	1031
			2484	1032
			2485	1033
			2485	1034
			2486	1035
			2486	1036
			2486	1037
			2486	1038
			2487	1039
			2487	1040
			2488	1041
			2488	1042
			2489	1043
			2489	1044
			2489	1045
			2490	1046
			2490	1047
			2490	1048
			2491	1049
			2491	1050
			2492	1051
			2492	1052
			2492	1053
			2493	1054
			2493	1055
			2493	1056
			2494	1057
			2494	1058
			2494	1059
			2495	1060
			2495	1061
			2495	1062
			2496	1063
			2496	1064
			2497	1065
			2497	1066
			2497	1067
			2498	1068
			2498	1069
			2498	1070
			2499	1071
			2499	1072
			2499	1073
			2500	1074
			2500	1075
			2500	1076
			2501	1077
			2501	1078
			2501	1079
			2502	1080
			2502	1081
			2502	1082
			2503	1083
			2503	1084
			2503	1085
			2504	1086
			2504	1087
			2504	1088
			2505	1089
			2505	1090
			2505	1091
			2506	1092
			2506	1093
			2506	1094
			2506	1095
			2507	1096
			2507	1097
			2507	1098
			2508	1099
			2508	1100
			2508	1101
			2509	1102
			2509	1103
			2509	1104
			2510	1105
			2510	1106
			2510	1107
			2510	1108
			2511	1109
			2511	1110
			2511	1111
			2512	1112
			2512	1113
			2512	1114
			2513	1115
			2513	1116
			2513	1117
			2514	1118
			2514	1119
			2514	1120
			2514	1121
			2515	1122
			2515	1123
			2515	1124
			2516	1125
			2516	1126
			2516	1127
			2516	1128
			2517	1129
			2517	1130
			2517	1131
			2518	1132
			2518	1133
			2518	1134
			2518	1135
			2519	1136
			2519	1137
			2519	1138
			2520	1139
			2520	1140
			2520	1141
			2520	1142
			2521	1143
			2521	1144
			2521	1145
			2521	1146
			2522	1147
			2522	1148
			2522	1149
			2522	1150
			2523	1151
			2523	1152
			2523	1153
			2523	1154
			2524	1155
			2524	1156
			2524	1157
			2524	1158
			2525	1159
			2525	1160
			2525	1161
			2525	1162
			2526	1163
			2526	1164
			2526	1165
			2526	1166
			2527	1167
			2527	1168
			2527	1169
			2527	1170
			2527	1171
			2528	1172
			2528	1173
			2528	1174
			2528	1175
			2529	1176
			2529	1177
			2529	1178
			2529	1179
			2529	1180
			2530	1181
			2530	1182
			2530	1183
			2530	1184
			2530	1185
			2531	1186
			2531	1187
			2531	1188
			2531	1189
			2532	1190
			2532	1191
			2532	1192
			2532	1193
			2532	1194
			2533	1195
			2533	1196
			2533	1197
			2533	1198
			2533	1199
			2534	1200
			2534	1201
			2534	1202
			2534	1203
			2534	1204
			2535	1205
			2535	1206
			2535	1207
			2535	1208
			2535	1209
			2535	1210
			2536	1211
			2536	1212
			2536	1213
			2536	1214
			2536	1215
			2537	1216
			2537	1217
			2537	1218
			2537	1219
			2537	1220
			2537	1221
			2538	1222
			2538	1223
			2538	1224
			2538	1225
			2538	1226
			2538	1227
			2539	1228
			2539	1229
			2539	1230
			2539	1231
			2539	1232
			2539	1233
			2539	1234
			2540	1235
			2540	1236
			2540	1237
			2540	1238
			2540	1239
			2540	1240
			2540	1241
			2541	1242
			2541	1243
			2541	1244
			2541	1245
			2541	1246
			2541	1247
			2541	1248
			2542	1249
			2542	1250
			2542	1251
			2542	1252
			2542	1253
			2542	1254
			2542	1255
			2542	1256
			2542	1257
			2543	1258
			2543	1259
			2543	1260
			2543	1261
			2543	1262
			2543	1263
			2543	1264
			2543	1265
			2543	1266
			2544	1267
			2544	1268
			2544	1269
			2544	1270
			2544	1271
			2544	1272
			2544	1273
			2544	1274
			2544	1275
			2545	1276
			2545	1277
			2545	1278
			2545	1279
			2545	1280
			2545	1281
			2545	1282
			2545	1283
			2545	1284
			2545	1285
			2545	1286
			2545	1287
			2545	1288
			2546	1289
			2546	1290
			2546	1291
			2546	1292
			2546	1293
			2546	1294
			2546	1295
			2546	1296
			2546	1297
			2546	1298
			2546	1299
			2546	1300
			2546	1301
			2546	1302
			2546	1303
			2546	1304
			2547	1305
			2547	1306
			2547	1307
			2547	1308
			2547	1309
			2547	1310
			2547	1311
			2547	1312
			2547	1313
			2547	1314
			2547	1315
			2547	1316
			2547	1317
			2547	1318
			2547	1319
			2547	1320
			2547	1321
			2547	1322
			2547	1323
			2547	1324
			2547	1325
			2547	1326
			2547	1327
			2547	1328
			2547	1329
			2547	1330
			2547	1331
			2547	1332
			2547	1333
			2547	1334
			2547	1335
			2547	1336
			2547	1337
			2547	1338
			2547	1339
			2547	1340
			2547	1341
			2547	1342
			2547	1343
			2547	1344
			2547	1345
			2547	1346
			2547	1347
			2547	1348
			2547	1349
			2547	1350
			2547	1351
			2547	1352
			2547	1353
			2547	1354
			2547	1355
			2547	1356
			2547	1357
			2546	1358
			2546	1359
			2545	1359
			2545	1360
			2544	1361
			2543	1362
			2542	1363
			2541	1364
			2541	1365
			2540	1366
			2539	1367
			2539	1368
			2538	1369
			2537	1370
			2536	1371
			2535	1372
			2534	1373
			2533	1374
			2533	1375
			2532	1376
			2531	1377
			2530	1378
			2530	1379
			2529	1380
			2528	1381
			2527	1382
			2526	1383
			2526	1384
			2525	1385
			2524	1386
			2523	1387
			2522	1388
			2521	1389
			2520	1390
			2519	1391
			2519	1392
			2518	1393
			2518	1394
			2517	1394
			2517	1395
			2516	1396
			2515	1396
			2515	1397
			2514	1397
			2514	1398
			2513	1399
			2512	1400
			2511	1401
			2510	1402
			2509	1403
			2509	1404
			2508	1405
			2508	1406
			2507	1406
			2506	1407
			2506	1408
			2505	1408
			2505	1409
			2504	1410
			2503	1411
			2502	1412
			2501	1413
			2500	1414
			2500	1415
			2499	1416
			2498	1417
			2497	1417
			2497	1418
			2496	1419
			2495	1420
			2495	1421
			2494	1421
			2493	1422
			2492	1423
			2492	1424
			2491	1425
			2490	1425
			2490	1426
			2489	1427
			2488	1428
			2487	1429
			2486	1430
			2485	1431
			2484	1432
			2484	1433
			2483	1434
			2482	1435
			2481	1435
			2480	1436
			2479	1437
			2479	1438
			2478	1439
			2477	1440
			2476	1441
			2475	1442
			2474	1443
			2473	1444
			2472	1445
			2471	1446
			2470	1447
			2469	1448
			2468	1449
			2467	1450
			2466	1451
			2465	1452
			2464	1453
			2463	1454
			2462	1455
			2461	1456
			2460	1457
			2459	1458
			2458	1459
			2458	1460
			2457	1461
			2456	1461
			2455	1462
			2454	1463
			2453	1464
			2452	1465
			2451	1466
			2450	1467
			2449	1468
			2448	1468
			2447	1469
			2447	1470
			2446	1471
			2445	1472
			2444	1473
			2443	1473
			2442	1474
			2441	1475
			2440	1476
			2439	1477
			2438	1478
			2437	1479
			2436	1480
			2435	1480
			2434	1481
			2434	1482
			2433	1482
			2432	1483
			2431	1484
			2430	1485
			2429	1486
			2428	1486
			2427	1487
			2426	1487
			2426	1488
			2425	1489
			2424	1489
			2424	1490
			2423	1490
			2422	1491
			2421	1492
			2420	1493
			2419	1493
			2418	1494
			2417	1495
			2416	1495
			2416	1496
			2415	1496
			2414	1497
			2413	1498
			2412	1498
			2411	1499
			2410	1500
			2409	1501
			2408	1501
			2407	1502
			2406	1503
			2405	1503
			2404	1504
			2403	1505
			2402	1505
			2401	1506
			2400	1507
			2399	1507
			2398	1508
			2397	1508
			2396	1509
			2395	1509
			2394	1510
			2393	1510
			2392	1511
			2391	1512
			2390	1512
			2390	1513
			2389	1513
			2388	1513
			2387	1514
			2386	1514
			2385	1515
			2384	1515
			2383	1516
			2382	1516
			2381	1517
			2380	1517
			2379	1518
			2378	1518
			2377	1519
			2376	1519
			2375	1519
			2374	1520
			2373	1520
			2372	1520
			2371	1521
			2370	1521
			2369	1521
			2368	1522
			2367	1522
			2366	1522
			2365	1523
			2364	1523
			2363	1523
			2362	1523
			2361	1523
			2360	1524
			2359	1524
			2358	1524
			2357	1524
			2356	1524
			2355	1524
			2354	1524
			2353	1525
			2352	1525
			2351	1525
			2350	1525
			2349	1525
			2348	1525
			2347	1525
			2346	1525
			2345	1525
			2344	1525
			2343	1525
			2342	1524
			2341	1524
			2340	1524
			2339	1524
			2338	1524
			2337	1524
			2336	1523
			2335	1523
			2334	1523
			2333	1523
			2332	1522
			2331	1522
			2330	1522
			2329	1521
			2328	1521
			2327	1520
			2326	1520
			2325	1519
			2324	1519
			2323	1518
			2322	1518
			2321	1517
			2320	1517
			2319	1516
			2318	1515
			2317	1515
			2316	1514
			2316	1513
			2315	1512
			2314	1512
			2313	1511
			2312	1510
			2311	1509
			2310	1508
			2310	1507
			2309	1507
			2308	1506
			2307	1505
			2306	1504
			2306	1503
			2305	1502
			2304	1501
			2304	1500
			2303	1499
			2302	1498
			2301	1497
			2301	1496
			2300	1495
			2300	1494
			2299	1493
			2299	1492
			2298	1491
			2298	1490
			2297	1490
			2297	1489
			2296	1488
			2296	1487
			2295	1486
			2295	1485
			2294	1484
			2294	1483
			2293	1482
			2293	1481
			2292	1480
			2292	1479
			2292	1478
			2291	1477
			2291	1476
			2291	1475
			2290	1474
			2290	1473
			2289	1472
			2289	1471
			2289	1470
			2289	1469
			2288	1469
			2288	1468
			2288	1467
			2287	1466
			2287	1465
		</Profile>
		<Eye type=matrix rownames=FALSE colnames=FALSE nrow=2521 ncol=2 as.numeric=TRUE >
			1831	880
			1830	881
			1829	882
			1828	883
			1827	884
			1826	885
			1825	886
			1824	887
			1823	888
			1822	889
			1821	890
			1820	891
			1819	892
			1818	893
			1817	893
			1816	894
			1815	895
			1814	896
			1813	897
			1812	898
			1811	899
			1810	900
			1809	901
			1808	901
			1807	902
			1806	903
			1805	904
			1804	905
			1803	906
			1802	907
			1801	908
			1800	908
			1799	909
			1798	910
			1797	911
			1796	912
			1795	913
			1794	913
			1793	914
			1792	915
			1791	916
			1790	917
			1789	918
			1788	918
			1787	919
			1786	920
			1785	921
			1784	922
			1783	922
			1782	923
			1781	924
			1780	925
			1779	926
			1778	926
			1777	927
			1776	927
			1776	928
			1775	928
			1774	929
			1773	930
			1772	930
			1771	931
			1770	932
			1769	932
			1768	933
			1767	934
			1766	935
			1765	935
			1764	936
			1763	937
			1762	937
			1761	938
			1760	938
			1759	939
			1758	940
			1757	941
			1756	941
			1755	942
			1754	943
			1753	944
			1752	944
			1751	945
			1750	945
			1749	946
			1748	946
			1748	947
			1747	947
			1746	948
			1745	948
			1744	949
			1743	949
			1743	950
			1742	950
			1741	951
			1740	951
			1739	952
			1738	952
			1738	953
			1737	953
			1736	954
			1735	954
			1734	955
			1733	955
			1733	956
			1732	956
			1731	957
			1730	957
			1729	958
			1728	958
			1727	959
			1726	960
			1725	960
			1724	961
			1723	961
			1722	962
			1721	963
			1720	963
			1719	964
			1718	964
			1717	964
			1717	965
			1716	965
			1715	965
			1715	966
			1714	966
			1713	967
			1712	967
			1711	968
			1710	968
			1709	968
			1709	969
			1708	969
			1707	970
			1706	970
			1705	971
			1704	971
			1703	972
			1702	972
			1701	973
			1700	973
			1699	973
			1698	974
			1697	975
			1696	975
			1695	975
			1695	976
			1694	976
			1693	976
			1693	977
			1692	977
			1691	977
			1691	978
			1690	978
			1689	978
			1688	979
			1687	979
			1686	980
			1685	980
			1684	980
			1683	981
			1682	981
			1682	982
			1681	982
			1680	982
			1679	983
			1678	983
			1677	984
			1676	984
			1675	984
			1674	985
			1673	985
			1672	986
			1671	986
			1670	986
			1669	987
			1668	987
			1667	988
			1666	988
			1665	988
			1664	989
			1663	989
			1662	990
			1661	990
			1660	990
			1659	991
			1658	991
			1657	991
			1656	992
			1655	992
			1654	993
			1653	993
			1652	993
			1651	994
			1650	994
			1649	994
			1648	995
			1647	995
			1646	995
			1645	996
			1644	996
			1643	996
			1642	997
			1641	997
			1640	997
			1639	998
			1638	998
			1637	998
			1636	999
			1635	999
			1634	999
			1633	1000
			1632	1000
			1631	1000
			1630	1001
			1629	1001
			1628	1001
			1627	1001
			1626	1002
			1625	1002
			1624	1002
			1623	1003
			1622	1003
			1621	1003
			1620	1003
			1620	1004
			1619	1004
			1618	1004
			1617	1004
			1616	1005
			1615	1005
			1614	1005
			1613	1005
			1612	1006
			1611	1006
			1610	1006
			1609	1007
			1608	1007
			1607	1007
			1606	1007
			1605	1008
			1604	1008
			1603	1008
			1602	1008
			1601	1009
			1600	1009
			1599	1009
			1598	1009
			1597	1009
			1596	1010
			1595	1010
			1594	1010
			1593	1011
			1592	1011
			1591	1011
			1590	1011
			1589	1012
			1588	1012
			1587	1012
			1586	1012
			1585	1012
			1584	1012
			1584	1013
			1583	1013
			1582	1013
			1581	1013
			1580	1013
			1579	1014
			1578	1014
			1577	1014
			1576	1014
			1575	1014
			1574	1015
			1573	1015
			1572	1015
			1571	1015
			1570	1015
			1569	1016
			1568	1016
			1567	1016
			1566	1016
			1565	1016
			1564	1017
			1563	1017
			1562	1017
			1561	1017
			1560	1017
			1559	1017
			1558	1018
			1557	1018
			1556	1018
			1555	1018
			1554	1018
			1553	1018
			1552	1019
			1551	1019
			1550	1019
			1549	1019
			1548	1019
			1547	1019
			1546	1019
			1545	1020
			1544	1020
			1543	1020
			1542	1020
			1541	1020
			1540	1020
			1539	1020
			1538	1021
			1537	1021
			1536	1021
			1535	1021
			1534	1021
			1533	1021
			1532	1021
			1531	1022
			1530	1022
			1529	1022
			1528	1022
			1527	1022
			1526	1022
			1525	1022
			1524	1022
			1523	1023
			1522	1023
			1521	1023
			1520	1023
			1519	1023
			1518	1023
			1517	1023
			1516	1023
			1515	1023
			1514	1023
			1513	1024
			1512	1024
			1511	1024
			1510	1024
			1509	1024
			1508	1024
			1507	1024
			1506	1024
			1505	1024
			1504	1024
			1503	1025
			1502	1025
			1501	1025
			1500	1025
			1499	1025
			1498	1025
			1497	1025
			1496	1025
			1495	1025
			1494	1025
			1493	1025
			1492	1025
			1491	1025
			1490	1025
			1489	1025
			1489	1026
			1488	1026
			1487	1026
			1486	1026
			1485	1026
			1484	1026
			1483	1026
			1482	1026
			1481	1026
			1480	1026
			1479	1026
			1478	1026
			1477	1026
			1476	1026
			1475	1026
			1474	1026
			1473	1026
			1472	1026
			1471	1026
			1470	1026
			1469	1027
			1468	1027
			1467	1027
			1466	1027
			1465	1027
			1464	1027
			1463	1027
			1462	1027
			1461	1027
			1460	1027
			1459	1027
			1458	1027
			1457	1027
			1456	1027
			1455	1027
			1454	1027
			1453	1027
			1452	1027
			1451	1027
			1450	1027
			1449	1027
			1448	1027
			1447	1027
			1446	1027
			1445	1027
			1444	1027
			1443	1027
			1442	1027
			1441	1027
			1440	1027
			1439	1027
			1439	1026
			1438	1026
			1437	1026
			1436	1026
			1435	1026
			1434	1025
			1433	1025
			1432	1025
			1431	1025
			1430	1025
			1429	1024
			1428	1024
			1427	1024
			1426	1024
			1425	1023
			1424	1023
			1423	1023
			1422	1023
			1421	1022
			1420	1022
			1419	1022
			1418	1022
			1417	1021
			1416	1021
			1415	1021
			1414	1021
			1413	1020
			1412	1020
			1411	1020
			1410	1020
			1409	1019
			1408	1019
			1407	1019
			1406	1018
			1405	1018
			1404	1018
			1403	1018
			1402	1017
			1401	1017
			1400	1017
			1399	1017
			1399	1016
			1398	1016
			1397	1016
			1396	1016
			1395	1015
			1394	1015
			1393	1015
			1392	1014
			1391	1014
			1390	1014
			1389	1013
			1388	1013
			1387	1013
			1386	1013
			1385	1012
			1384	1012
			1383	1012
			1382	1011
			1381	1011
			1380	1010
			1379	1010
			1378	1010
			1377	1009
			1376	1009
			1375	1009
			1374	1008
			1373	1008
			1372	1008
			1371	1007
			1370	1007
			1369	1007
			1368	1006
			1367	1006
			1366	1006
			1365	1005
			1364	1005
			1363	1005
			1362	1004
			1361	1004
			1360	1003
			1359	1003
			1358	1003
			1357	1002
			1356	1002
			1355	1002
			1355	1001
			1354	1001
			1353	1000
			1352	1000
			1351	1000
			1350	999
			1349	999
			1348	999
			1347	998
			1346	998
			1345	997
			1344	997
			1343	997
			1342	996
			1341	996
			1340	995
			1339	995
			1338	995
			1338	994
			1337	994
			1336	993
			1335	993
			1334	993
			1333	992
			1332	992
			1331	991
			1330	991
			1329	990
			1328	990
			1327	990
			1326	989
			1325	989
			1325	988
			1324	988
			1323	987
			1322	987
			1321	986
			1320	986
			1319	986
			1318	985
			1317	985
			1316	984
			1315	984
			1314	983
			1313	982
			1312	982
			1311	982
			1310	981
			1309	981
			1308	980
			1307	979
			1306	979
			1305	979
			1305	978
			1304	978
			1303	977
			1302	977
			1301	977
			1301	976
			1300	976
			1299	975
			1298	975
			1298	974
			1297	974
			1296	974
			1295	973
			1294	973
			1294	972
			1293	972
			1292	971
			1291	971
			1290	970
			1289	970
			1288	969
			1287	969
			1286	968
			1285	968
			1284	967
			1283	966
			1282	965
			1281	965
			1280	964
			1279	964
			1278	963
			1277	962
			1276	962
			1275	961
			1274	961
			1274	960
			1273	960
			1272	959
			1271	959
			1270	958
			1269	957
			1268	957
			1267	956
			1266	956
			1265	955
			1264	955
			1263	954
			1262	953
			1261	953
			1261	952
			1260	951
			1259	951
			1258	950
			1257	950
			1256	949
			1255	948
			1254	948
			1253	947
			1252	946
			1251	946
			1250	945
			1249	944
			1248	943
			1247	942
			1246	942
			1245	941
			1244	941
			1243	940
			1242	939
			1241	938
			1240	938
			1240	937
			1239	937
			1238	936
			1237	936
			1236	935
			1236	934
			1235	934
			1234	933
			1233	933
			1233	932
			1232	932
			1231	931
			1230	930
			1229	929
			1228	929
			1227	928
			1226	927
			1225	926
			1224	926
			1223	925
			1222	924
			1222	923
			1221	923
			1220	922
			1219	921
			1218	921
			1217	920
			1216	919
			1215	918
			1214	918
			1213	917
			1213	916
			1212	915
			1211	915
			1210	914
			1209	913
			1208	912
			1207	911
			1206	911
			1205	910
			1205	909
			1204	908
			1203	908
			1202	907
			1201	906
			1200	905
			1199	904
			1198	904
			1198	903
			1197	902
			1196	901
			1195	901
			1194	900
			1193	899
			1192	898
			1191	897
			1190	896
			1189	895
			1188	894
			1187	893
			1186	892
			1185	891
			1184	890
			1183	889
			1182	888
			1181	888
			1181	887
			1180	886
			1179	886
			1179	885
			1178	885
			1178	884
			1177	883
			1176	883
			1176	882
			1175	882
			1175	881
			1174	880
			1173	880
			1173	879
			1172	878
			1171	877
			1170	876
			1169	875
			1168	874
			1167	873
			1166	872
			1165	871
			1164	870
			1163	869
			1162	868
			1162	867
			1161	866
			1160	865
			1159	864
			1158	864
			1157	863
			1156	862
			1156	861
			1155	860
			1154	859
			1153	858
			1152	857
			1151	856
			1151	855
			1150	854
			1149	853
			1148	852
			1147	851
			1146	850
			1146	849
			1145	848
			1144	847
			1143	846
			1142	845
			1141	844
			1141	843
			1140	842
			1139	841
			1138	841
			1137	840
			1136	839
			1136	838
			1135	837
			1134	836
			1133	835
			1132	834
			1132	833
			1131	832
			1131	831
			1130	831
			1130	830
			1129	829
			1128	828
			1127	827
			1127	826
			1126	825
			1126	824
			1125	823
			1125	822
			1124	821
			1124	820
			1123	819
			1123	818
			1123	817
			1122	816
			1122	815
			1121	814
			1121	813
			1120	812
			1120	811
			1119	810
			1118	809
			1118	808
			1118	807
			1117	806
			1117	805
			1116	804
			1116	803
			1115	802
			1115	801
			1115	800
			1114	800
			1114	799
			1113	798
			1113	797
			1113	796
			1112	795
			1112	794
			1111	793
			1111	792
			1110	791
			1110	790
			1109	789
			1109	788
			1109	787
			1108	786
			1108	785
			1107	784
			1107	783
			1106	782
			1106	781
			1106	780
			1105	779
			1105	778
			1104	777
			1104	776
			1104	775
			1103	774
			1103	773
			1102	772
			1102	771
			1102	770
			1101	769
			1101	768
			1100	767
			1100	766
			1100	765
			1099	764
			1099	763
			1099	762
			1098	761
			1098	760
			1097	759
			1097	758
			1097	757
			1096	756
			1096	755
			1096	754
			1095	753
			1095	752
			1095	751
			1094	750
			1094	749
			1094	748
			1093	747
			1093	746
			1093	745
			1092	744
			1092	743
			1092	742
			1091	741
			1091	740
			1091	739
			1090	738
			1090	737
			1090	736
			1089	735
			1089	734
			1089	733
			1088	732
			1088	731
			1088	730
			1087	729
			1087	728
			1087	727
			1087	726
			1086	725
			1086	724
			1086	723
			1085	722
			1085	721
			1085	720
			1084	719
			1084	718
			1084	717
			1083	716
			1083	715
			1083	714
			1083	713
			1083	712
			1082	711
			1082	710
			1082	709
			1081	708
			1081	707
			1081	706
			1081	705
			1080	704
			1080	703
			1080	702
			1080	701
			1080	700
			1079	699
			1079	698
			1079	697
			1079	696
			1078	695
			1078	694
			1078	693
			1078	692
			1078	691
			1077	690
			1077	689
			1077	688
			1077	687
			1076	686
			1076	685
			1076	684
			1076	683
			1076	682
			1075	681
			1075	680
			1075	679
			1075	678
			1075	677
			1074	676
			1074	675
			1074	674
			1074	673
			1074	672
			1074	671
			1073	671
			1073	670
			1073	669
			1073	668
			1073	667
			1073	666
			1073	665
			1072	664
			1072	663
			1072	662
			1072	661
			1072	660
			1072	659
			1071	658
			1071	657
			1071	656
			1071	655
			1071	654
			1071	653
			1071	652
			1070	651
			1070	650
			1070	649
			1070	648
			1070	647
			1070	646
			1070	645
			1070	644
			1070	643
			1069	642
			1069	641
			1069	640
			1069	639
			1069	638
			1069	637
			1069	636
			1069	635
			1069	634
			1069	633
			1068	633
			1068	632
			1068	631
			1068	630
			1068	629
			1068	628
			1068	627
			1068	626
			1068	625
			1068	624
			1068	623
			1068	622
			1068	621
			1068	620
			1067	619
			1067	618
			1067	617
			1067	616
			1067	615
			1067	614
			1067	613
			1067	612
			1067	611
			1067	610
			1067	609
			1067	608
			1067	607
			1067	606
			1067	605
			1067	604
			1067	603
			1067	602
			1067	601
			1067	600
			1067	599
			1067	598
			1067	597
			1067	596
			1067	595
			1067	594
			1067	593
			1067	592
			1067	591
			1067	590
			1067	589
			1067	588
			1067	587
			1067	586
			1067	585
			1067	584
			1067	583
			1067	582
			1067	581
			1067	580
			1067	579
			1067	578
			1067	577
			1067	576
			1067	575
			1067	574
			1067	573
			1067	572
			1067	571
			1067	570
			1067	569
			1067	568
			1067	567
			1067	566
			1067	565
			1067	564
			1067	563
			1068	562
			1068	561
			1068	560
			1068	559
			1068	558
			1068	557
			1068	556
			1068	555
			1068	554
			1068	553
			1068	552
			1068	551
			1068	550
			1069	549
			1069	548
			1069	547
			1069	546
			1069	545
			1069	544
			1069	543
			1069	542
			1069	541
			1069	540
			1070	539
			1070	538
			1070	537
			1070	536
			1070	535
			1070	534
			1070	533
			1071	532
			1071	531
			1071	530
			1071	529
			1071	528
			1071	527
			1071	526
			1071	525
			1072	525
			1072	524
			1072	523
			1072	522
			1072	521
			1072	520
			1072	519
			1073	518
			1073	517
			1073	516
			1073	515
			1073	514
			1073	513
			1074	512
			1074	511
			1074	510
			1074	509
			1074	508
			1074	507
			1075	506
			1075	505
			1075	504
			1075	503
			1075	502
			1076	501
			1076	500
			1076	499
			1076	498
			1076	497
			1077	497
			1077	496
			1077	495
			1077	494
			1077	493
			1077	492
			1078	491
			1078	490
			1078	489
			1078	488
			1079	487
			1079	486
			1079	485
			1079	484
			1080	483
			1080	482
			1080	481
			1080	480
			1081	479
			1081	478
			1081	477
			1081	476
			1081	475
			1082	474
			1082	473
			1082	472
			1083	471
			1083	470
			1083	469
			1083	468
			1084	467
			1084	466
			1084	465
			1084	464
			1085	463
			1085	462
			1085	461
			1086	460
			1086	459
			1086	458
			1086	457
			1087	456
			1087	455
			1087	454
			1088	453
			1088	452
			1088	451
			1088	450
			1089	449
			1089	448
			1090	447
			1090	446
			1090	445
			1090	444
			1091	444
			1091	443
			1091	442
			1091	441
			1092	440
			1092	439
			1092	438
			1093	437
			1093	436
			1094	435
			1094	434
			1094	433
			1095	432
			1095	431
			1095	430
			1096	429
			1096	428
			1096	427
			1097	426
			1097	425
			1097	424
			1098	423
			1098	422
			1099	421
			1099	420
			1099	419
			1100	418
			1100	417
			1100	416
			1101	415
			1101	414
			1102	413
			1102	412
			1103	411
			1104	410
			1104	409
			1105	408
			1105	407
			1106	407
			1106	406
			1107	405
			1107	404
			1108	404
			1108	403
			1109	402
			1109	401
			1110	401
			1110	400
			1111	399
			1111	398
			1112	398
			1112	397
			1113	396
			1114	395
			1115	394
			1115	393
			1116	392
			1116	391
			1117	390
			1118	390
			1118	389
			1119	388
			1119	387
			1120	386
			1121	385
			1121	384
			1122	384
			1123	383
			1123	382
			1124	381
			1124	380
			1125	379
			1126	379
			1126	378
			1127	377
			1128	376
			1128	375
			1129	374
			1130	373
			1131	372
			1132	371
			1132	370
			1133	369
			1134	368
			1135	367
			1135	366
			1136	365
			1137	364
			1138	363
			1138	362
			1139	361
			1140	360
			1141	359
			1141	358
			1142	357
			1143	356
			1144	355
			1145	354
			1146	353
			1147	352
			1147	351
			1148	351
			1148	350
			1149	349
			1150	348
			1151	347
			1152	346
			1152	345
			1153	344
			1154	343
			1155	342
			1156	341
			1157	340
			1158	339
			1158	338
			1159	337
			1160	336
			1161	335
			1162	335
			1162	334
			1163	333
			1164	332
			1165	331
			1166	330
			1166	329
			1167	328
			1168	327
			1169	326
			1170	326
			1171	325
			1171	324
			1172	323
			1173	322
			1174	321
			1175	320
			1175	319
			1176	319
			1177	318
			1178	317
			1179	316
			1180	315
			1180	314
			1181	313
			1182	313
			1183	312
			1184	311
			1185	310
			1185	309
			1186	308
			1187	308
			1188	307
			1189	306
			1190	305
			1190	304
			1191	304
			1192	303
			1193	302
			1194	301
			1195	300
			1196	299
			1197	298
			1198	297
			1199	296
			1200	295
			1201	294
			1202	293
			1203	292
			1204	291
			1205	290
			1206	289
			1207	288
			1208	288
			1209	287
			1210	286
			1211	285
			1212	284
			1213	284
			1213	283
			1214	283
			1215	282
			1216	281
			1217	280
			1218	279
			1219	278
			1220	277
			1221	277
			1222	276
			1223	275
			1224	274
			1225	274
			1226	273
			1227	272
			1228	271
			1229	271
			1229	270
			1230	269
			1231	269
			1232	268
			1233	267
			1234	266
			1235	266
			1236	265
			1237	264
			1238	264
			1239	263
			1239	262
			1240	262
			1241	261
			1242	260
			1243	260
			1244	259
			1245	258
			1246	258
			1247	257
			1248	256
			1249	256
			1249	255
			1250	255
			1251	254
			1252	253
			1253	253
			1254	252
			1255	251
			1256	251
			1257	250
			1258	249
			1259	249
			1260	248
			1261	248
			1261	247
			1262	246
			1263	246
			1264	245
			1265	245
			1266	244
			1267	244
			1268	243
			1269	242
			1270	242
			1271	241
			1272	241
			1273	240
			1274	240
			1274	239
			1275	238
			1276	238
			1277	237
			1278	237
			1279	236
			1280	236
			1281	235
			1282	235
			1283	234
			1284	234
			1285	233
			1286	232
			1287	232
			1288	231
			1289	231
			1290	230
			1291	230
			1291	229
			1292	229
			1293	228
			1294	228
			1295	227
			1296	227
			1297	226
			1298	226
			1299	225
			1300	225
			1301	224
			1302	224
			1303	224
			1304	223
			1305	223
			1306	222
			1307	222
			1308	221
			1309	221
			1310	220
			1311	220
			1312	219
			1313	219
			1314	219
			1315	218
			1316	217
			1317	217
			1318	217
			1319	216
			1320	216
			1321	215
			1322	215
			1323	214
			1324	214
			1325	214
			1326	213
			1327	213
			1328	212
			1329	212
			1330	212
			1331	211
			1332	211
			1333	210
			1334	210
			1335	210
			1336	209
			1337	209
			1338	209
			1339	208
			1340	208
			1341	208
			1341	207
			1342	207
			1343	207
			1344	207
			1345	206
			1346	206
			1347	206
			1348	205
			1349	205
			1350	205
			1351	204
			1352	204
			1353	204
			1354	203
			1355	203
			1356	203
			1357	202
			1358	202
			1359	202
			1360	202
			1360	201
			1361	201
			1362	201
			1363	201
			1364	200
			1365	200
			1366	200
			1367	200
			1368	199
			1369	199
			1370	199
			1371	198
			1372	198
			1373	198
			1374	198
			1375	197
			1376	197
			1377	197
			1378	197
			1379	197
			1380	196
			1381	196
			1382	196
			1383	196
			1384	196
			1385	195
			1386	195
			1387	195
			1388	195
			1389	195
			1390	194
			1391	194
			1392	194
			1393	194
			1394	193
			1395	193
			1396	193
			1397	193
			1398	193
			1399	193
			1400	192
			1401	192
			1402	192
			1403	192
			1404	192
			1405	192
			1406	191
			1407	191
			1408	191
			1409	191
			1410	191
			1411	191
			1412	191
			1413	191
			1414	190
			1415	190
			1416	190
			1417	190
			1418	190
			1419	190
			1420	190
			1421	190
			1422	189
			1423	189
			1424	189
			1425	189
			1426	189
			1427	189
			1428	189
			1429	189
			1430	189
			1431	189
			1432	189
			1433	189
			1434	188
			1435	188
			1436	188
			1437	188
			1438	188
			1439	188
			1440	188
			1441	188
			1442	188
			1443	188
			1444	188
			1445	188
			1446	188
			1447	188
			1448	188
			1449	188
			1450	188
			1451	188
			1452	188
			1453	188
			1454	188
			1455	188
			1456	188
			1457	188
			1458	188
			1459	188
			1460	188
			1461	188
			1462	188
			1463	188
			1464	188
			1465	188
			1466	188
			1467	188
			1468	188
			1469	188
			1470	188
			1471	188
			1472	188
			1473	188
			1474	188
			1475	188
			1476	188
			1477	188
			1478	188
			1479	188
			1480	188
			1481	188
			1482	188
			1483	188
			1484	188
			1485	188
			1486	189
			1487	189
			1488	189
			1489	189
			1490	189
			1491	189
			1492	189
			1493	189
			1494	189
			1495	189
			1496	189
			1497	189
			1498	190
			1499	190
			1500	190
			1501	190
			1502	190
			1503	190
			1504	190
			1505	190
			1506	190
			1507	190
			1508	191
			1509	191
			1510	191
			1511	191
			1512	191
			1513	191
			1514	191
			1515	192
			1516	192
			1517	192
			1518	192
			1519	192
			1520	192
			1521	192
			1522	193
			1523	193
			1524	193
			1525	193
			1526	193
			1527	193
			1528	193
			1529	194
			1530	194
			1531	194
			1532	194
			1533	194
			1534	195
			1535	195
			1536	195
			1537	195
			1538	195
			1539	195
			1540	195
			1541	195
			1542	195
			1543	196
			1544	196
			1545	196
			1546	196
			1547	196
			1548	196
			1549	196
			1550	196
			1551	196
			1552	196
			1553	196
			1554	196
			1555	197
			1556	197
			1557	197
			1558	197
			1559	197
			1560	197
			1561	197
			1562	197
			1563	198
			1564	198
			1565	198
			1566	198
			1567	198
			1568	198
			1569	198
			1570	199
			1571	199
			1572	199
			1573	199
			1574	199
			1575	199
			1576	200
			1577	200
			1578	200
			1579	200
			1580	200
			1581	200
			1582	200
			1583	201
			1584	201
			1585	201
			1586	201
			1587	201
			1588	202
			1589	202
			1590	202
			1591	202
			1592	202
			1593	203
			1594	203
			1595	203
			1596	203
			1597	203
			1598	204
			1599	204
			1600	204
			1601	204
			1602	204
			1603	205
			1604	205
			1605	205
			1606	206
			1607	206
			1608	206
			1609	206
			1610	207
			1611	207
			1612	207
			1613	207
			1614	207
			1614	208
			1615	208
			1616	208
			1617	208
			1618	209
			1619	209
			1620	209
			1621	210
			1622	210
			1623	210
			1624	210
			1625	211
			1626	211
			1627	211
			1628	211
			1629	212
			1630	212
			1631	213
			1632	213
			1633	213
			1634	213
			1635	214
			1636	214
			1637	214
			1638	215
			1639	215
			1640	216
			1641	216
			1642	216
			1643	217
			1644	217
			1645	217
			1646	218
			1647	218
			1648	218
			1649	219
			1650	219
			1651	219
			1652	220
			1653	220
			1654	220
			1655	221
			1656	221
			1657	222
			1658	222
			1659	222
			1659	223
			1660	223
			1661	223
			1662	224
			1663	224
			1664	225
			1665	225
			1666	225
			1667	226
			1668	226
			1669	227
			1670	227
			1671	227
			1672	228
			1673	228
			1674	229
			1675	229
			1676	230
			1677	230
			1678	231
			1679	231
			1680	231
			1680	232
			1681	232
			1682	232
			1682	233
			1683	233
			1684	233
			1684	234
			1685	234
			1686	234
			1687	235
			1688	235
			1689	236
			1690	236
			1691	237
			1692	237
			1692	238
			1693	238
			1694	238
			1695	239
			1696	239
			1696	240
			1697	240
			1698	240
			1699	241
			1700	241
			1700	242
			1701	242
			1702	243
			1703	243
			1704	243
			1704	244
			1705	244
			1706	245
			1707	245
			1708	246
			1709	247
			1710	247
			1711	248
			1712	248
			1713	249
			1714	249
			1715	250
			1716	250
			1717	251
			1718	252
			1719	252
			1720	253
			1721	253
			1722	254
			1723	254
			1724	255
			1724	256
			1725	256
			1726	257
			1727	257
			1728	258
			1729	258
			1730	259
			1731	260
			1732	260
			1733	261
			1734	261
			1735	262
			1736	263
			1737	263
			1738	264
			1739	265
			1740	265
			1740	266
			1741	266
			1742	267
			1743	268
			1744	268
			1745	269
			1746	270
			1747	270
			1748	271
			1749	272
			1750	272
			1751	273
			1752	274
			1753	274
			1754	275
			1754	276
			1755	276
			1756	277
			1757	278
			1758	278
			1759	279
			1760	280
			1761	280
			1762	281
			1763	282
			1764	282
			1765	283
			1766	284
			1767	285
			1768	286
			1769	287
			1770	287
			1770	288
			1771	288
			1772	289
			1773	290
			1774	291
			1775	291
			1776	292
			1777	293
			1778	293
			1778	294
			1779	295
			1780	295
			1781	296
			1782	297
			1783	298
			1784	299
			1785	299
			1786	300
			1787	301
			1788	302
			1789	303
			1790	303
			1791	304
			1792	305
			1793	306
			1793	307
			1794	308
			1795	308
			1796	309
			1797	310
			1798	311
			1799	312
			1800	313
			1801	313
			1802	314
			1803	315
			1804	316
			1805	317
			1806	318
			1807	319
			1808	320
			1809	321
			1810	322
			1811	323
			1812	324
			1813	325
			1814	326
			1815	326
			1816	327
			1816	328
			1817	329
			1818	329
			1819	330
			1820	331
			1820	332
			1821	333
			1822	333
			1823	334
			1824	335
			1824	336
			1825	337
			1826	337
			1827	338
			1827	339
			1828	340
			1829	341
			1830	341
			1831	342
			1831	343
			1832	344
			1833	345
			1834	345
			1834	346
			1835	347
			1836	348
			1837	349
			1838	350
			1839	351
			1840	352
			1841	353
			1842	354
			1843	355
			1844	356
			1845	357
			1846	358
			1847	359
			1848	360
			1848	361
			1849	362
			1850	363
			1851	364
			1852	365
			1853	366
			1853	367
			1854	367
			1854	368
			1855	369
			1856	370
			1857	371
			1858	372
			1859	373
			1860	374
			1860	375
			1861	376
			1862	376
			1862	377
			1863	378
			1863	379
			1864	379
			1865	380
			1865	381
			1866	382
			1867	383
			1868	384
			1869	385
			1870	386
			1870	387
			1871	388
			1872	389
			1873	390
			1874	391
			1874	392
			1875	393
			1876	394
			1877	395
			1877	396
			1878	397
			1879	398
			1880	399
			1881	400
			1881	401
			1882	402
			1883	403
			1884	404
			1884	405
			1885	406
			1886	407
			1887	408
			1888	409
			1888	410
			1889	411
			1890	412
			1891	413
			1891	414
			1892	415
			1893	416
			1894	417
			1894	418
			1895	419
			1896	420
			1897	421
			1898	422
			1898	423
			1899	424
			1900	425
			1901	426
			1901	427
			1902	428
			1903	429
			1904	430
			1904	431
			1905	432
			1905	433
			1906	433
			1906	434
			1907	435
			1908	436
			1909	437
			1909	438
			1910	439
			1910	440
			1911	440
			1911	441
			1912	442
			1912	443
			1913	443
			1913	444
			1914	445
			1914	446
			1915	447
			1916	447
			1916	448
			1917	449
			1917	450
			1918	451
			1918	452
			1919	453
			1919	454
			1919	455
			1919	456
			1919	457
			1920	457
			1920	458
			1920	459
			1920	460
			1920	461
			1921	462
			1921	463
			1921	464
			1921	465
			1922	466
			1922	467
			1922	468
			1922	469
			1922	470
			1923	471
			1923	472
			1923	473
			1923	474
			1924	475
			1924	476
			1924	477
			1924	478
			1924	479
			1924	480
			1925	481
			1925	482
			1925	483
			1925	484
			1925	485
			1926	486
			1926	487
			1926	488
			1926	489
			1926	490
			1927	491
			1927	492
			1927	493
			1927	494
			1927	495
			1928	496
			1928	497
			1928	498
			1928	499
			1928	500
			1928	501
			1929	502
			1929	503
			1929	504
			1929	505
			1929	506
			1929	507
			1930	508
			1930	509
			1930	510
			1930	511
			1930	512
			1930	513
			1930	514
			1931	514
			1931	515
			1931	516
			1931	517
			1931	518
			1931	519
			1931	520
			1932	521
			1932	522
			1932	523
			1932	524
			1932	525
			1932	526
			1932	527
			1932	528
			1933	529
			1933	530
			1933	531
			1933	532
			1933	533
			1933	534
			1933	535
			1933	536
			1934	537
			1934	538
			1934	539
			1934	540
			1934	541
			1934	542
			1934	543
			1934	544
			1934	545
			1935	546
			1935	547
			1935	548
			1935	549
			1935	550
			1935	551
			1935	552
			1935	553
			1935	554
			1935	555
			1935	556
			1936	557
			1936	558
			1936	559
			1936	560
			1936	561
			1936	562
			1936	563
			1936	564
			1936	565
			1936	566
			1936	567
			1936	568
			1936	569
			1936	570
			1937	571
			1937	572
			1937	573
			1937	574
			1937	575
			1937	576
			1937	577
			1937	578
			1937	579
			1937	580
			1937	581
			1937	582
			1937	583
			1937	584
			1937	585
			1937	586
			1937	587
			1937	588
			1937	589
			1937	590
			1937	591
			1937	592
			1937	593
			1937	594
			1937	595
			1937	596
			1937	597
			1937	598
			1937	599
			1937	600
			1937	601
			1937	602
			1937	603
			1937	604
			1937	605
			1937	606
			1937	607
			1937	608
			1937	609
			1937	610
			1937	611
			1937	612
			1937	613
			1937	614
			1937	615
			1937	616
			1937	617
			1937	618
			1937	619
			1937	620
			1937	621
			1937	622
			1937	623
			1937	624
			1937	625
			1937	626
			1937	627
			1937	628
			1937	629
			1937	630
			1937	631
			1937	632
			1937	633
			1936	634
			1936	635
			1936	636
			1936	637
			1936	638
			1936	639
			1936	640
			1936	641
			1936	642
			1936	643
			1936	644
			1936	645
			1935	646
			1935	647
			1935	648
			1935	649
			1935	650
			1935	651
			1935	652
			1935	653
			1935	654
			1935	655
			1934	656
			1934	657
			1934	658
			1934	659
			1934	660
			1934	661
			1934	662
			1934	663
			1933	664
			1933	665
			1933	666
			1933	667
			1933	668
			1933	669
			1933	670
			1933	671
			1932	672
			1932	673
			1932	674
			1932	675
			1932	676
			1932	677
			1931	678
			1931	679
			1931	680
			1931	681
			1931	682
			1930	683
			1930	684
			1930	685
			1930	686
			1930	687
			1930	688
			1929	689
			1929	690
			1929	691
			1929	692
			1929	693
			1928	694
			1928	695
			1928	696
			1928	697
			1928	698
			1927	699
			1927	700
			1927	701
			1927	702
			1926	703
			1926	704
			1926	705
			1926	706
			1926	707
			1925	707
			1925	708
			1925	709
			1925	710
			1924	711
			1924	712
			1924	713
			1924	714
			1923	715
			1923	716
			1923	717
			1923	718
			1922	719
			1922	720
			1922	721
			1922	722
			1921	723
			1921	724
			1921	725
			1920	726
			1920	727
			1920	728
			1919	729
			1919	730
			1919	731
			1919	732
			1918	733
			1918	734
			1918	735
			1917	736
			1917	737
			1917	738
			1916	739
			1916	740
			1916	741
			1915	742
			1915	743
			1915	744
			1914	745
			1914	746
			1914	747
			1913	748
			1913	749
			1912	750
			1912	751
			1912	752
			1911	753
			1911	754
			1910	755
			1910	756
			1910	757
			1909	758
			1909	759
			1908	760
			1908	761
			1908	762
			1907	763
			1907	764
			1906	765
			1906	766
			1906	767
			1905	768
			1905	769
			1904	770
			1904	771
			1904	772
			1903	773
			1903	774
			1902	774
			1902	775
			1901	776
			1901	777
			1901	778
			1900	779
			1900	780
			1899	781
			1899	782
			1898	783
			1898	784
			1898	785
			1897	786
			1897	787
			1896	788
			1895	789
			1895	790
			1894	791
			1894	792
			1893	793
			1893	794
			1892	795
			1892	796
			1891	797
			1891	798
			1890	798
			1890	799
			1890	800
			1889	801
			1888	802
			1888	803
			1887	804
			1887	805
			1886	806
			1886	807
			1885	808
			1885	809
			1884	810
			1884	811
			1883	812
			1882	812
			1882	813
			1881	814
			1881	815
			1880	816
			1880	817
			1879	818
			1879	819
			1878	820
			1877	821
			1877	822
			1876	823
			1875	824
			1874	825
			1874	826
			1873	827
			1873	828
			1872	828
			1872	829
			1871	830
			1871	831
			1870	832
			1869	833
			1869	834
			1868	835
			1867	836
			1866	837
			1866	838
			1865	839
			1864	840
			1864	841
			1863	842
			1862	842
			1862	843
			1861	844
			1860	845
			1860	846
			1859	847
			1858	848
			1858	849
			1857	850
			1856	851
			1855	852
			1854	853
			1854	854
			1853	855
			1852	855
			1852	856
			1851	857
			1850	858
			1849	859
			1848	860
			1848	861
			1847	862
			1846	863
			1845	864
			1844	865
			1844	866
			1843	867
			1842	868
			1841	869
			1840	870
			1839	871
			1838	872
			1837	873
			1837	874
			1836	874
			1836	875
			1835	876
			1834	876
			1834	877
			1833	878
			1832	879
			1831	880
		</Eye>
	</curves.pixel>
	<ruler.points type=matrix rownames=TRUE colnames=FALSE nrow=2 ncol=2 as.numeric=TRUE >
		Ruler point 1	2	1894
		Ruler point 2	104	1894
	</ruler.points>
</shapes>

