<shapes type=list>
	<scaling type=logical names=FALSE length=1 as.numeric=FALSE >NA</scaling>
	<landmarks.pixel type=matrix rownames=TRUE colnames=FALSE nrow=11 ncol=2 as.numeric=TRUE >
		LM1Forehead	1853	329
		LM2UJFront	2200	1244
		LM3UJBack	1749	1313
		LM4LacOrb	1840	962
		LM5QJoint	1747	1370
		LM6IOPL	1716	1441
		LM7IOPSOP	883	1447
		LM8A2A1	1171	1125
		LM9A1A3	1141	785
		LM10TopMuscR	1045	622
		LM11TopMuscL	674	533
	</landmarks.pixel>
	<curves.control type=list>
		<Profile type=matrix rownames=FALSE colnames=FALSE nrow=7 ncol=2 as.numeric=TRUE >
			1853	329
			2039	468
			2222	641
			2378	901
			2399	1114
			2291	1318
			2200	1244
		</Profile>
		<Eye type=matrix rownames=FALSE colnames=FALSE nrow=13 ncol=2 as.numeric=TRUE >
			1840	962
			1671	1075
			1449	980
			1263	897
			1284	663
			1297	451
			1484	381
			1714	325
			1848	477
			1953	585
			1944	745
			1927	893
			1840	962
		</Eye>
	</curves.control>
	<curves.pixel type=list>
		<Profile type=matrix rownames=FALSE colnames=FALSE nrow=1139 ncol=2 as.numeric=TRUE >
			1853	329
			1854	330
			1855	330
			1856	331
			1857	332
			1858	333
			1859	334
			1860	335
			1861	335
			1862	336
			1863	336
			1863	337
			1864	337
			1865	338
			1866	339
			1867	340
			1868	341
			1869	341
			1870	342
			1871	342
			1871	343
			1872	343
			1873	344
			1874	345
			1875	345
			1875	346
			1876	346
			1877	347
			1878	348
			1879	349
			1880	349
			1881	350
			1882	351
			1883	351
			1884	352
			1885	353
			1885	354
			1886	354
			1887	355
			1888	356
			1889	356
			1890	357
			1891	358
			1892	358
			1893	359
			1894	360
			1895	361
			1896	362
			1897	363
			1898	363
			1899	364
			1900	365
			1901	366
			1902	366
			1903	367
			1904	368
			1905	368
			1905	369
			1906	369
			1907	370
			1908	371
			1909	371
			1909	372
			1910	373
			1911	373
			1912	374
			1913	375
			1914	376
			1915	376
			1916	377
			1917	378
			1918	379
			1919	379
			1920	380
			1921	381
			1922	382
			1923	382
			1924	383
			1925	384
			1926	385
			1927	386
			1928	387
			1929	387
			1929	388
			1930	388
			1931	389
			1932	390
			1933	390
			1934	391
			1935	392
			1936	393
			1937	394
			1938	395
			1939	395
			1940	396
			1941	397
			1942	398
			1943	398
			1944	399
			1945	400
			1946	401
			1947	402
			1948	402
			1949	403
			1950	404
			1951	405
			1952	405
			1953	406
			1954	407
			1955	408
			1956	409
			1957	409
			1958	410
			1959	411
			1960	412
			1961	413
			1962	413
			1963	414
			1964	415
			1965	416
			1966	416
			1967	417
			1968	418
			1968	419
			1969	420
			1970	420
			1971	421
			1972	422
			1973	423
			1974	424
			1975	424
			1976	425
			1977	426
			1978	427
			1979	428
			1980	428
			1981	429
			1982	430
			1983	431
			1984	431
			1985	432
			1986	433
			1987	434
			1988	435
			1989	435
			1990	436
			1991	437
			1992	438
			1993	439
			1994	439
			1995	440
			1996	441
			1997	442
			1998	443
			1999	444
			2000	444
			2001	445
			2002	446
			2003	447
			2004	448
			2005	448
			2006	449
			2007	450
			2008	451
			2008	452
			2009	452
			2010	453
			2011	454
			2012	455
			2013	456
			2014	456
			2015	457
			2016	458
			2017	459
			2018	460
			2019	460
			2020	461
			2021	462
			2022	463
			2023	464
			2024	465
			2025	465
			2026	466
			2027	467
			2028	468
			2029	469
			2030	469
			2031	470
			2032	471
			2033	472
			2034	473
			2035	474
			2036	474
			2037	475
			2038	476
			2039	477
			2040	478
			2041	479
			2042	479
			2043	480
			2044	481
			2045	482
			2046	483
			2047	484
			2048	485
			2049	485
			2050	486
			2050	487
			2051	487
			2052	488
			2053	489
			2054	490
			2055	491
			2056	492
			2057	492
			2058	493
			2059	494
			2060	495
			2061	496
			2062	497
			2063	498
			2064	499
			2065	499
			2066	500
			2067	501
			2068	502
			2069	503
			2070	504
			2071	505
			2072	506
			2073	506
			2074	507
			2075	508
			2076	509
			2077	510
			2078	511
			2079	512
			2080	513
			2081	513
			2082	514
			2083	515
			2084	516
			2085	517
			2086	518
			2087	519
			2088	520
			2089	520
			2090	521
			2091	522
			2092	523
			2093	524
			2094	525
			2095	526
			2096	527
			2097	528
			2098	528
			2099	529
			2100	530
			2101	531
			2102	532
			2103	532
			2104	533
			2104	534
			2105	534
			2106	535
			2107	536
			2108	537
			2109	538
			2110	539
			2111	539
			2112	540
			2113	541
			2114	542
			2115	543
			2116	544
			2117	545
			2118	546
			2119	546
			2120	547
			2121	548
			2122	549
			2122	550
			2123	550
			2124	551
			2125	552
			2126	553
			2127	553
			2128	554
			2128	555
			2129	556
			2130	557
			2131	557
			2132	558
			2133	559
			2134	560
			2135	560
			2135	561
			2136	562
			2137	563
			2138	564
			2139	564
			2140	565
			2141	566
			2141	567
			2142	567
			2143	568
			2144	569
			2145	570
			2146	571
			2147	571
			2148	572
			2148	573
			2149	574
			2150	575
			2151	575
			2152	576
			2153	577
			2154	578
			2155	578
			2155	579
			2156	580
			2157	581
			2158	582
			2159	582
			2160	583
			2161	584
			2161	585
			2162	586
			2163	586
			2164	587
			2165	588
			2166	589
			2167	590
			2168	590
			2168	591
			2169	592
			2170	593
			2171	593
			2172	594
			2173	595
			2174	596
			2174	597
			2175	597
			2176	598
			2177	599
			2178	600
			2179	601
			2180	601
			2181	602
			2181	603
			2182	604
			2183	605
			2184	605
			2185	606
			2186	607
			2187	608
			2187	609
			2188	609
			2189	610
			2190	611
			2191	612
			2192	613
			2193	613
			2194	614
			2194	615
			2195	616
			2196	617
			2197	618
			2198	618
			2199	619
			2200	620
			2200	621
			2201	622
			2202	622
			2203	623
			2204	624
			2205	625
			2206	626
			2207	626
			2207	627
			2208	628
			2209	629
			2210	630
			2211	630
			2212	631
			2213	632
			2213	633
			2214	634
			2215	635
			2216	635
			2217	636
			2218	637
			2219	638
			2219	639
			2220	639
			2221	640
			2222	641
			2223	642
			2223	643
			2224	644
			2224	645
			2225	645
			2225	646
			2225	647
			2226	648
			2227	649
			2228	650
			2228	651
			2229	652
			2229	653
			2230	654
			2230	655
			2231	656
			2231	657
			2232	657
			2232	658
			2233	659
			2233	660
			2234	661
			2234	662
			2235	663
			2235	664
			2236	665
			2237	666
			2238	667
			2238	668
			2239	669
			2239	670
			2240	671
			2240	672
			2241	673
			2242	674
			2242	675
			2242	676
			2243	677
			2244	678
			2244	679
			2245	680
			2245	681
			2246	682
			2246	683
			2247	683
			2247	684
			2248	685
			2248	686
			2249	687
			2249	688
			2250	689
			2250	690
			2251	691
			2251	692
			2252	692
			2252	693
			2253	694
			2253	695
			2254	696
			2254	697
			2255	698
			2255	699
			2256	700
			2256	701
			2257	701
			2257	702
			2258	703
			2258	704
			2259	705
			2259	706
			2260	707
			2260	708
			2261	709
			2261	710
			2262	710
			2262	711
			2263	712
			2263	713
			2264	714
			2264	715
			2265	716
			2265	717
			2266	718
			2266	719
			2267	719
			2267	720
			2267	721
			2268	722
			2268	723
			2269	724
			2269	725
			2270	726
			2270	727
			2271	727
			2271	728
			2272	729
			2272	730
			2273	731
			2273	732
			2274	733
			2274	734
			2275	735
			2275	736
			2276	737
			2277	738
			2277	739
			2277	740
			2278	741
			2278	742
			2279	743
			2279	744
			2280	745
			2280	746
			2281	746
			2281	747
			2281	748
			2282	749
			2283	750
			2283	751
			2284	752
			2284	753
			2284	754
			2285	755
			2285	756
			2286	757
			2287	758
			2287	759
			2288	760
			2288	761
			2289	762
			2289	763
			2290	764
			2290	765
			2290	766
			2291	767
			2292	768
			2292	769
			2293	770
			2293	771
			2293	772
			2294	773
			2294	774
			2295	775
			2295	776
			2296	777
			2296	778
			2297	778
			2297	779
			2298	780
			2298	781
			2298	782
			2299	783
			2299	784
			2300	785
			2300	786
			2301	787
			2301	788
			2302	789
			2302	790
			2302	791
			2303	792
			2303	793
			2304	793
			2304	794
			2305	795
			2305	796
			2306	797
			2306	798
			2306	799
			2307	800
			2307	801
			2308	802
			2308	803
			2309	804
			2309	805
			2309	806
			2310	806
			2310	807
			2311	808
			2311	809
			2311	810
			2312	811
			2312	812
			2313	813
			2313	814
			2314	815
			2314	816
			2314	817
			2315	818
			2316	819
			2316	820
			2316	821
			2317	821
			2317	822
			2317	823
			2318	824
			2318	825
			2319	826
			2319	827
			2319	828
			2320	829
			2320	830
			2321	831
			2321	832
			2322	833
			2322	834
			2322	835
			2323	836
			2323	837
			2324	838
			2324	839
			2324	840
			2325	841
			2325	842
			2326	843
			2326	844
			2327	845
			2327	846
			2328	847
			2328	848
			2328	849
			2329	850
			2329	851
			2330	852
			2330	853
			2330	854
			2331	855
			2331	856
			2332	857
			2332	858
			2332	859
			2333	860
			2333	861
			2334	862
			2334	863
			2334	864
			2335	865
			2335	866
			2336	867
			2336	868
			2336	869
			2337	870
			2337	871
			2338	872
			2338	873
			2338	874
			2339	875
			2339	876
			2339	877
			2340	878
			2340	879
			2341	879
			2341	880
			2341	881
			2342	882
			2342	883
			2342	884
			2343	885
			2343	886
			2343	887
			2344	888
			2344	889
			2345	890
			2345	891
			2345	892
			2346	893
			2346	894
			2346	895
			2347	896
			2347	897
			2347	898
			2348	899
			2348	900
			2348	901
			2349	902
			2349	903
			2350	904
			2350	905
			2351	906
			2351	907
			2351	908
			2351	909
			2352	909
			2352	910
			2352	911
			2352	912
			2353	913
			2353	914
			2354	915
			2354	916
			2354	917
			2355	918
			2355	919
			2355	920
			2356	921
			2356	922
			2356	923
			2357	924
			2357	925
			2357	926
			2358	927
			2358	928
			2358	929
			2359	930
			2359	931
			2359	932
			2360	933
			2360	934
			2360	935
			2361	936
			2361	937
			2361	938
			2362	939
			2362	940
			2362	941
			2362	942
			2363	943
			2363	944
			2363	945
			2364	946
			2364	947
			2364	948
			2365	949
			2365	950
			2365	951
			2365	952
			2366	953
			2366	954
			2366	955
			2367	955
			2367	956
			2367	957
			2368	958
			2368	959
			2368	960
			2368	961
			2369	962
			2369	963
			2369	964
			2370	965
			2370	966
			2370	967
			2370	968
			2371	969
			2371	970
			2371	971
			2371	972
			2372	973
			2372	974
			2372	975
			2373	976
			2373	977
			2373	978
			2373	979
			2374	980
			2374	981
			2374	982
			2374	983
			2375	984
			2375	985
			2375	986
			2376	987
			2376	988
			2376	989
			2376	990
			2377	991
			2377	992
			2377	993
			2377	994
			2378	995
			2378	996
			2378	997
			2379	998
			2379	999
			2379	1000
			2379	1001
			2379	1002
			2380	1003
			2380	1004
			2380	1005
			2380	1006
			2381	1007
			2381	1008
			2381	1009
			2381	1010
			2382	1011
			2382	1012
			2382	1013
			2382	1014
			2383	1015
			2383	1016
			2383	1017
			2383	1018
			2383	1019
			2384	1020
			2384	1021
			2384	1022
			2384	1023
			2385	1024
			2385	1025
			2385	1026
			2385	1027
			2385	1028
			2386	1029
			2386	1030
			2386	1031
			2386	1032
			2386	1033
			2387	1034
			2387	1035
			2387	1036
			2387	1037
			2387	1038
			2388	1039
			2388	1040
			2388	1041
			2388	1042
			2389	1043
			2389	1044
			2389	1045
			2389	1046
			2389	1047
			2389	1048
			2390	1049
			2390	1050
			2390	1051
			2390	1052
			2390	1053
			2391	1054
			2391	1055
			2391	1056
			2391	1057
			2391	1058
			2391	1059
			2392	1060
			2392	1061
			2392	1062
			2392	1063
			2392	1064
			2393	1065
			2393	1066
			2393	1067
			2393	1068
			2393	1069
			2393	1070
			2393	1071
			2394	1072
			2394	1073
			2394	1074
			2394	1075
			2394	1076
			2394	1077
			2395	1078
			2395	1079
			2395	1080
			2395	1081
			2395	1082
			2395	1083
			2395	1084
			2396	1085
			2396	1086
			2396	1087
			2396	1088
			2396	1089
			2396	1090
			2396	1091
			2396	1092
			2397	1093
			2397	1094
			2397	1095
			2397	1096
			2397	1097
			2397	1098
			2397	1099
			2397	1100
			2398	1101
			2398	1102
			2398	1103
			2398	1104
			2398	1105
			2398	1106
			2398	1107
			2398	1108
			2398	1109
			2399	1110
			2399	1111
			2399	1112
			2399	1113
			2399	1114
			2398	1115
			2398	1116
			2397	1117
			2397	1118
			2396	1119
			2396	1120
			2395	1121
			2395	1122
			2394	1123
			2394	1124
			2393	1125
			2393	1126
			2392	1126
			2392	1127
			2391	1128
			2391	1129
			2390	1130
			2390	1131
			2389	1132
			2389	1133
			2388	1134
			2388	1135
			2387	1136
			2386	1137
			2386	1138
			2385	1139
			2384	1140
			2384	1141
			2383	1142
			2383	1143
			2382	1144
			2382	1145
			2381	1146
			2380	1147
			2380	1148
			2380	1149
			2379	1149
			2379	1150
			2378	1151
			2378	1152
			2377	1152
			2377	1153
			2377	1154
			2376	1154
			2376	1155
			2375	1156
			2375	1157
			2374	1157
			2374	1158
			2374	1159
			2373	1159
			2373	1160
			2372	1161
			2371	1162
			2371	1163
			2370	1164
			2369	1165
			2369	1166
			2368	1167
			2367	1168
			2367	1169
			2366	1170
			2366	1171
			2365	1172
			2364	1173
			2364	1174
			2363	1175
			2362	1176
			2362	1177
			2361	1178
			2360	1179
			2359	1180
			2359	1181
			2358	1182
			2358	1183
			2357	1184
			2356	1185
			2356	1186
			2355	1186
			2355	1187
			2354	1188
			2353	1189
			2352	1190
			2352	1191
			2351	1192
			2351	1193
			2350	1194
			2349	1194
			2349	1195
			2348	1196
			2347	1197
			2347	1198
			2346	1199
			2345	1199
			2345	1200
			2344	1201
			2344	1202
			2343	1203
			2342	1203
			2342	1204
			2341	1205
			2340	1206
			2340	1207
			2339	1207
			2339	1208
			2338	1209
			2337	1210
			2336	1211
			2335	1212
			2334	1213
			2333	1214
			2333	1215
			2332	1216
			2331	1217
			2330	1218
			2329	1219
			2328	1220
			2327	1221
			2326	1222
			2325	1223
			2324	1224
			2323	1225
			2323	1226
			2322	1227
			2321	1228
			2320	1228
			2319	1229
			2318	1230
			2317	1231
			2316	1232
			2315	1233
			2314	1234
			2313	1235
			2312	1236
			2311	1237
			2310	1237
			2310	1238
			2309	1238
			2308	1239
			2307	1240
			2306	1241
			2305	1242
			2304	1242
			2303	1243
			2302	1244
			2301	1245
			2300	1245
			2299	1246
			2298	1247
			2297	1247
			2296	1248
			2295	1248
			2294	1249
			2294	1250
			2293	1250
			2292	1251
			2291	1251
			2290	1252
			2289	1252
			2288	1253
			2287	1253
			2286	1254
			2285	1254
			2285	1255
			2284	1255
			2283	1256
			2282	1256
			2281	1256
			2280	1257
			2279	1257
			2278	1258
			2277	1258
			2276	1259
			2275	1259
			2274	1259
			2273	1260
			2272	1260
			2271	1260
			2270	1261
			2269	1261
			2268	1261
			2267	1261
			2267	1262
			2266	1262
			2265	1262
			2264	1262
			2263	1262
			2262	1263
			2261	1263
			2260	1263
			2259	1263
			2258	1263
			2257	1263
			2256	1263
			2255	1264
			2254	1264
			2253	1264
			2252	1264
			2251	1264
			2250	1264
			2249	1264
			2248	1264
			2247	1264
			2246	1264
			2245	1264
			2244	1263
			2243	1263
			2242	1263
			2241	1263
			2240	1263
			2239	1263
			2238	1263
			2237	1263
			2237	1262
			2236	1262
			2235	1262
			2234	1262
			2233	1262
			2232	1261
			2231	1261
			2230	1261
			2229	1260
			2228	1260
			2227	1260
			2226	1259
			2225	1259
			2224	1259
			2224	1258
			2223	1258
			2222	1258
			2221	1257
			2220	1257
			2219	1256
			2218	1256
			2217	1256
			2217	1255
			2216	1255
			2215	1254
			2214	1254
			2213	1253
			2212	1252
			2211	1252
			2210	1251
			2209	1251
			2208	1250
			2207	1249
			2206	1249
			2205	1248
			2204	1247
			2203	1246
			2202	1245
			2201	1245
			2200	1244
		</Profile>
		<Eye type=matrix rownames=FALSE colnames=FALSE nrow=1981 ncol=2 as.numeric=TRUE >
			1840	962
			1839	963
			1838	963
			1837	964
			1836	965
			1835	965
			1834	966
			1833	966
			1832	967
			1831	968
			1830	968
			1829	969
			1828	969
			1827	970
			1826	971
			1825	971
			1824	972
			1823	972
			1822	973
			1822	974
			1821	974
			1820	975
			1819	975
			1818	976
			1817	977
			1816	977
			1815	978
			1814	978
			1813	979
			1812	979
			1811	980
			1810	980
			1809	981
			1808	981
			1807	982
			1806	983
			1805	983
			1804	984
			1803	984
			1802	985
			1801	985
			1800	986
			1799	986
			1798	987
			1797	987
			1796	988
			1795	988
			1794	989
			1793	989
			1792	990
			1791	990
			1790	990
			1789	991
			1788	991
			1787	992
			1786	992
			1785	993
			1784	993
			1783	994
			1782	994
			1781	995
			1780	995
			1779	995
			1778	996
			1777	996
			1776	996
			1776	997
			1775	997
			1774	997
			1773	998
			1772	998
			1771	999
			1770	999
			1769	999
			1768	1000
			1767	1000
			1766	1001
			1765	1001
			1764	1001
			1763	1002
			1762	1002
			1761	1002
			1760	1003
			1759	1003
			1758	1004
			1757	1004
			1756	1004
			1755	1004
			1755	1005
			1754	1005
			1753	1005
			1752	1006
			1751	1006
			1750	1006
			1749	1006
			1748	1007
			1747	1007
			1746	1008
			1745	1008
			1744	1008
			1743	1008
			1742	1009
			1741	1009
			1740	1009
			1739	1010
			1738	1010
			1737	1010
			1736	1010
			1736	1011
			1735	1011
			1734	1011
			1733	1011
			1732	1012
			1731	1012
			1730	1012
			1729	1012
			1728	1013
			1727	1013
			1726	1013
			1725	1013
			1724	1014
			1723	1014
			1722	1014
			1721	1014
			1720	1014
			1719	1015
			1718	1015
			1717	1015
			1716	1016
			1715	1016
			1714	1016
			1713	1016
			1712	1016
			1711	1017
			1710	1017
			1709	1017
			1708	1017
			1707	1017
			1706	1018
			1705	1018
			1704	1018
			1703	1018
			1702	1018
			1701	1018
			1700	1019
			1699	1019
			1698	1019
			1697	1019
			1696	1019
			1695	1019
			1694	1020
			1693	1020
			1692	1020
			1691	1020
			1690	1020
			1689	1020
			1688	1020
			1687	1021
			1686	1021
			1685	1021
			1684	1021
			1683	1021
			1682	1021
			1681	1021
			1680	1021
			1679	1021
			1678	1022
			1677	1022
			1676	1022
			1675	1022
			1674	1022
			1673	1022
			1672	1022
			1671	1022
			1670	1022
			1669	1022
			1668	1022
			1667	1022
			1666	1023
			1665	1023
			1664	1023
			1663	1023
			1662	1023
			1661	1023
			1660	1023
			1659	1023
			1658	1023
			1657	1023
			1656	1023
			1655	1023
			1654	1023
			1653	1023
			1652	1023
			1651	1023
			1650	1023
			1649	1023
			1648	1023
			1647	1023
			1646	1023
			1645	1023
			1644	1023
			1643	1023
			1642	1023
			1641	1023
			1640	1023
			1639	1023
			1638	1023
			1637	1023
			1636	1023
			1635	1023
			1634	1023
			1633	1023
			1632	1023
			1631	1023
			1630	1023
			1629	1023
			1628	1023
			1627	1023
			1626	1023
			1625	1023
			1624	1023
			1623	1023
			1622	1023
			1621	1023
			1620	1023
			1619	1023
			1618	1023
			1617	1023
			1616	1023
			1615	1023
			1614	1022
			1613	1022
			1612	1022
			1611	1022
			1610	1022
			1609	1022
			1608	1022
			1607	1022
			1606	1022
			1605	1022
			1604	1022
			1603	1022
			1602	1021
			1601	1021
			1600	1021
			1599	1021
			1598	1021
			1597	1021
			1596	1021
			1595	1021
			1594	1021
			1593	1020
			1592	1020
			1591	1020
			1590	1020
			1589	1020
			1588	1020
			1587	1020
			1586	1020
			1585	1019
			1584	1019
			1583	1019
			1582	1019
			1581	1019
			1580	1019
			1579	1019
			1578	1018
			1577	1018
			1576	1018
			1575	1018
			1574	1018
			1573	1018
			1572	1017
			1571	1017
			1570	1017
			1569	1017
			1568	1017
			1567	1016
			1566	1016
			1565	1016
			1564	1016
			1563	1016
			1562	1016
			1561	1015
			1560	1015
			1559	1015
			1558	1015
			1557	1014
			1556	1014
			1555	1014
			1554	1014
			1553	1014
			1552	1013
			1551	1013
			1550	1013
			1549	1013
			1548	1013
			1547	1012
			1546	1012
			1545	1012
			1544	1012
			1543	1011
			1542	1011
			1541	1011
			1540	1011
			1539	1011
			1538	1010
			1537	1010
			1536	1010
			1535	1009
			1534	1009
			1533	1009
			1532	1009
			1531	1008
			1530	1008
			1529	1008
			1528	1008
			1527	1007
			1526	1007
			1525	1007
			1524	1007
			1523	1006
			1522	1006
			1521	1006
			1520	1006
			1519	1005
			1518	1005
			1517	1005
			1516	1004
			1515	1004
			1514	1004
			1513	1003
			1512	1003
			1511	1003
			1510	1002
			1509	1002
			1508	1002
			1507	1002
			1506	1001
			1505	1001
			1504	1001
			1503	1000
			1502	1000
			1501	1000
			1500	999
			1499	999
			1498	999
			1497	998
			1496	998
			1495	998
			1494	997
			1493	997
			1492	997
			1491	996
			1490	996
			1489	996
			1488	995
			1487	995
			1486	995
			1485	994
			1484	994
			1483	993
			1482	993
			1481	993
			1480	992
			1479	992
			1478	992
			1477	991
			1476	991
			1475	990
			1474	990
			1473	990
			1472	989
			1471	989
			1470	989
			1469	988
			1468	988
			1467	987
			1466	987
			1465	987
			1464	986
			1463	986
			1462	985
			1461	985
			1460	985
			1459	984
			1458	984
			1457	983
			1456	983
			1455	982
			1454	982
			1453	982
			1452	981
			1451	981
			1450	980
			1449	980
			1448	980
			1447	979
			1446	979
			1445	978
			1444	978
			1443	977
			1442	977
			1441	976
			1440	976
			1439	975
			1438	975
			1437	974
			1436	974
			1435	973
			1434	973
			1433	972
			1432	972
			1431	971
			1430	971
			1429	970
			1428	970
			1427	969
			1426	969
			1425	968
			1424	968
			1423	967
			1422	967
			1421	966
			1420	965
			1419	965
			1418	964
			1417	964
			1416	963
			1415	962
			1414	962
			1413	962
			1412	961
			1411	960
			1410	960
			1409	959
			1408	958
			1407	958
			1406	957
			1405	957
			1405	956
			1404	956
			1403	955
			1402	954
			1401	954
			1400	953
			1399	953
			1398	952
			1397	951
			1396	951
			1396	950
			1395	950
			1394	949
			1393	948
			1392	948
			1391	947
			1390	946
			1389	945
			1388	944
			1387	944
			1386	943
			1385	942
			1384	941
			1383	941
			1382	940
			1381	939
			1380	938
			1379	938
			1378	937
			1377	936
			1376	935
			1375	934
			1374	934
			1373	933
			1372	932
			1371	931
			1370	930
			1369	929
			1368	929
			1368	928
			1367	927
			1366	926
			1365	925
			1364	924
			1363	924
			1362	923
			1361	922
			1360	921
			1360	920
			1359	919
			1358	918
			1357	918
			1356	917
			1355	916
			1354	915
			1354	914
			1353	913
			1352	912
			1351	911
			1350	911
			1350	910
			1349	909
			1348	908
			1347	907
			1346	906
			1346	905
			1345	904
			1344	903
			1343	902
			1342	901
			1342	900
			1341	899
			1340	899
			1339	898
			1339	897
			1338	896
			1337	895
			1336	894
			1336	893
			1335	892
			1334	891
			1334	890
			1333	889
			1332	888
			1332	887
			1331	886
			1330	885
			1329	884
			1329	883
			1328	882
			1327	881
			1327	880
			1326	879
			1325	878
			1325	877
			1324	876
			1324	875
			1323	874
			1322	873
			1322	872
			1321	871
			1320	870
			1320	869
			1319	868
			1319	867
			1318	866
			1318	865
			1317	864
			1317	863
			1316	862
			1316	861
			1315	860
			1315	859
			1314	858
			1314	857
			1313	856
			1313	855
			1312	854
			1312	853
			1311	852
			1311	851
			1310	850
			1309	849
			1309	848
			1309	847
			1309	846
			1308	846
			1308	845
			1308	844
			1307	844
			1307	843
			1307	842
			1306	842
			1306	841
			1306	840
			1305	839
			1305	838
			1304	837
			1304	836
			1304	835
			1303	834
			1303	833
			1303	832
			1302	831
			1302	830
			1301	829
			1301	828
			1301	827
			1300	826
			1300	825
			1300	824
			1299	824
			1299	823
			1299	822
			1299	821
			1298	820
			1298	819
			1298	818
			1297	817
			1297	816
			1297	815
			1296	814
			1296	813
			1296	812
			1295	811
			1295	810
			1295	809
			1295	808
			1294	807
			1294	806
			1294	805
			1294	804
			1293	803
			1293	802
			1293	801
			1292	800
			1292	799
			1292	798
			1292	797
			1291	796
			1291	795
			1291	794
			1291	793
			1291	792
			1290	791
			1290	790
			1290	789
			1290	788
			1289	787
			1289	786
			1289	785
			1289	784
			1289	783
			1288	782
			1288	781
			1288	780
			1288	779
			1288	778
			1288	777
			1287	777
			1287	776
			1287	775
			1287	774
			1287	773
			1287	772
			1287	771
			1286	770
			1286	769
			1286	768
			1286	767
			1286	766
			1286	765
			1286	764
			1285	764
			1285	763
			1285	762
			1285	761
			1285	760
			1285	759
			1285	758
			1285	757
			1284	756
			1284	755
			1284	754
			1284	753
			1284	752
			1284	751
			1284	750
			1284	749
			1284	748
			1284	747
			1283	746
			1283	745
			1283	744
			1283	743
			1283	742
			1283	741
			1283	740
			1283	739
			1283	738
			1283	737
			1283	736
			1283	735
			1283	734
			1283	733
			1282	732
			1282	731
			1282	730
			1282	729
			1282	728
			1282	727
			1282	726
			1282	725
			1282	724
			1282	723
			1282	722
			1282	721
			1282	720
			1282	719
			1282	718
			1282	717
			1282	716
			1282	715
			1282	714
			1282	713
			1282	712
			1282	711
			1282	710
			1282	709
			1282	708
			1282	707
			1282	706
			1282	705
			1282	704
			1282	703
			1282	702
			1282	701
			1282	700
			1282	699
			1282	698
			1282	697
			1282	696
			1282	695
			1282	694
			1282	693
			1282	692
			1282	691
			1282	690
			1282	689
			1282	688
			1282	687
			1282	686
			1282	685
			1283	684
			1283	683
			1283	682
			1283	681
			1283	680
			1283	679
			1283	678
			1283	677
			1283	676
			1283	675
			1283	674
			1283	673
			1283	672
			1283	671
			1283	670
			1284	669
			1284	668
			1284	667
			1284	666
			1284	665
			1284	664
			1284	663
			1284	662
			1284	661
			1284	660
			1284	659
			1284	658
			1284	657
			1284	656
			1285	655
			1285	654
			1285	653
			1285	652
			1285	651
			1285	650
			1285	649
			1285	648
			1285	647
			1285	646
			1285	645
			1286	644
			1286	643
			1286	642
			1286	641
			1286	640
			1286	639
			1286	638
			1286	637
			1286	636
			1287	635
			1287	634
			1287	633
			1287	632
			1287	631
			1287	630
			1287	629
			1287	628
			1288	628
			1288	627
			1288	626
			1288	625
			1288	624
			1288	623
			1288	622
			1288	621
			1289	621
			1289	620
			1289	619
			1289	618
			1289	617
			1289	616
			1289	615
			1290	614
			1290	613
			1290	612
			1290	611
			1290	610
			1290	609
			1291	609
			1291	608
			1291	607
			1291	606
			1291	605
			1292	604
			1292	603
			1292	602
			1292	601
			1292	600
			1292	599
			1293	599
			1293	598
			1293	597
			1293	596
			1293	595
			1294	594
			1294	593
			1294	592
			1294	591
			1295	590
			1295	589
			1295	588
			1295	587
			1296	586
			1296	585
			1296	584
			1296	583
			1297	582
			1297	581
			1297	580
			1297	579
			1298	578
			1298	577
			1298	576
			1299	575
			1299	574
			1299	573
			1299	572
			1300	572
			1300	571
			1300	570
			1300	569
			1301	568
			1301	567
			1301	566
			1302	565
			1302	564
			1302	563
			1303	562
			1303	561
			1303	560
			1304	559
			1304	558
			1305	557
			1305	556
			1305	555
			1306	554
			1306	553
			1306	552
			1307	551
			1307	550
			1307	549
			1308	548
			1308	547
			1309	546
			1309	545
			1309	544
			1310	543
			1310	542
			1311	541
			1311	540
			1311	539
			1312	538
			1312	537
			1313	536
			1313	535
			1314	534
			1314	533
			1314	532
			1315	531
			1315	530
			1316	529
			1316	528
			1317	527
			1317	526
			1318	525
			1318	524
			1318	523
			1319	523
			1319	522
			1320	521
			1320	520
			1321	519
			1321	518
			1322	517
			1322	516
			1323	515
			1323	514
			1324	513
			1324	512
			1325	512
			1325	511
			1326	510
			1326	509
			1327	508
			1327	507
			1328	506
			1328	505
			1329	504
			1330	503
			1331	502
			1331	501
			1332	500
			1332	499
			1333	498
			1333	497
			1334	496
			1335	495
			1335	494
			1336	493
			1336	492
			1337	492
			1337	491
			1338	490
			1338	489
			1339	489
			1339	488
			1340	487
			1341	486
			1342	485
			1342	484
			1343	483
			1343	482
			1344	482
			1345	481
			1345	480
			1346	479
			1347	478
			1347	477
			1348	477
			1349	476
			1349	475
			1350	474
			1350	473
			1351	472
			1352	472
			1352	471
			1353	470
			1354	469
			1355	468
			1356	467
			1357	466
			1358	465
			1358	464
			1359	463
			1360	462
			1361	461
			1362	460
			1363	459
			1363	458
			1364	457
			1365	457
			1366	456
			1367	455
			1368	454
			1369	453
			1370	452
			1371	451
			1371	450
			1372	449
			1373	448
			1374	448
			1375	447
			1376	446
			1377	445
			1378	444
			1379	443
			1380	442
			1381	442
			1382	441
			1383	440
			1384	439
			1385	438
			1386	437
			1387	437
			1388	436
			1389	435
			1390	434
			1391	433
			1392	432
			1393	432
			1394	431
			1395	430
			1396	429
			1397	428
			1398	428
			1399	427
			1400	426
			1401	425
			1402	425
			1403	424
			1404	423
			1405	422
			1406	421
			1407	421
			1408	420
			1409	419
			1410	418
			1411	418
			1412	417
			1413	417
			1413	416
			1414	416
			1415	416
			1415	415
			1416	415
			1417	414
			1418	413
			1419	413
			1420	412
			1421	412
			1422	411
			1423	411
			1424	410
			1425	409
			1426	408
			1427	408
			1428	407
			1429	407
			1430	406
			1431	406
			1432	405
			1433	404
			1434	404
			1435	403
			1436	403
			1437	402
			1438	402
			1439	401
			1440	401
			1441	400
			1442	400
			1443	399
			1444	398
			1445	398
			1446	398
			1447	397
			1448	397
			1449	396
			1450	396
			1451	395
			1452	395
			1453	394
			1454	394
			1455	393
			1456	393
			1457	392
			1458	392
			1459	391
			1460	391
			1461	390
			1462	390
			1463	390
			1464	389
			1465	389
			1466	388
			1467	388
			1468	387
			1469	387
			1470	386
			1471	386
			1472	386
			1473	385
			1474	385
			1475	384
			1476	384
			1477	384
			1478	383
			1479	383
			1480	383
			1481	382
			1482	382
			1483	381
			1484	381
			1485	381
			1486	380
			1487	380
			1488	380
			1489	380
			1490	379
			1491	379
			1492	379
			1493	379
			1494	379
			1495	378
			1496	378
			1497	378
			1498	378
			1499	378
			1500	377
			1501	377
			1502	377
			1503	377
			1504	377
			1505	376
			1506	376
			1507	376
			1508	376
			1509	376
			1510	375
			1511	375
			1512	375
			1513	375
			1514	374
			1515	374
			1516	374
			1517	374
			1518	374
			1519	374
			1520	373
			1521	373
			1522	373
			1523	373
			1524	373
			1525	373
			1526	372
			1527	372
			1528	372
			1529	372
			1530	372
			1531	372
			1532	371
			1533	371
			1534	371
			1535	371
			1536	371
			1537	371
			1538	371
			1539	370
			1540	370
			1541	370
			1542	370
			1543	370
			1544	370
			1545	370
			1546	369
			1547	369
			1548	369
			1549	369
			1550	369
			1551	369
			1552	369
			1553	369
			1554	369
			1555	368
			1556	368
			1557	368
			1558	368
			1559	368
			1560	368
			1561	368
			1562	368
			1563	368
			1564	368
			1565	367
			1566	367
			1567	367
			1568	367
			1569	367
			1570	367
			1571	367
			1572	367
			1573	367
			1574	367
			1575	367
			1576	367
			1577	367
			1578	367
			1579	366
			1580	366
			1581	366
			1582	366
			1583	366
			1584	366
			1585	366
			1586	366
			1587	366
			1588	366
			1589	366
			1590	366
			1591	366
			1592	366
			1593	366
			1594	366
			1595	366
			1596	366
			1597	366
			1598	366
			1599	366
			1600	366
			1601	366
			1602	366
			1603	366
			1604	366
			1605	366
			1606	366
			1607	366
			1608	366
			1609	366
			1610	366
			1611	366
			1612	366
			1613	366
			1614	366
			1615	366
			1616	366
			1617	366
			1618	366
			1619	366
			1620	366
			1621	366
			1622	366
			1623	367
			1624	367
			1625	367
			1626	367
			1627	367
			1628	367
			1629	367
			1630	367
			1631	367
			1632	367
			1633	367
			1634	367
			1635	367
			1636	367
			1637	368
			1638	368
			1639	368
			1640	368
			1641	368
			1642	368
			1643	368
			1644	368
			1645	369
			1646	369
			1647	369
			1648	369
			1649	369
			1650	369
			1651	369
			1652	369
			1653	370
			1654	370
			1655	370
			1656	370
			1657	370
			1658	370
			1659	370
			1660	371
			1661	371
			1662	371
			1663	371
			1664	371
			1665	371
			1666	372
			1667	372
			1668	372
			1669	372
			1670	372
			1670	373
			1671	373
			1672	373
			1673	373
			1674	373
			1675	373
			1676	374
			1677	374
			1678	374
			1679	374
			1680	375
			1681	375
			1682	375
			1683	375
			1684	376
			1685	376
			1686	376
			1687	376
			1688	376
			1689	377
			1690	377
			1691	377
			1692	377
			1693	378
			1694	378
			1695	378
			1696	379
			1697	379
			1698	379
			1699	380
			1700	380
			1701	380
			1702	380
			1703	381
			1704	381
			1705	381
			1706	382
			1707	382
			1708	382
			1709	383
			1710	383
			1711	383
			1712	384
			1713	384
			1714	384
			1715	385
			1716	385
			1717	385
			1718	386
			1719	386
			1720	386
			1721	387
			1722	387
			1723	388
			1724	388
			1725	389
			1726	389
			1727	389
			1728	390
			1729	390
			1730	390
			1731	391
			1732	391
			1733	392
			1734	392
			1735	393
			1736	393
			1737	394
			1738	394
			1739	394
			1740	395
			1741	395
			1742	396
			1743	396
			1744	397
			1745	398
			1746	398
			1747	398
			1747	399
			1748	399
			1749	399
			1749	400
			1750	400
			1751	400
			1752	401
			1753	401
			1754	402
			1755	402
			1756	403
			1757	403
			1757	404
			1758	404
			1759	405
			1760	405
			1761	405
			1761	406
			1762	406
			1763	407
			1764	407
			1764	408
			1765	408
			1766	409
			1767	409
			1768	409
			1768	410
			1769	410
			1770	411
			1771	411
			1772	412
			1773	413
			1774	413
			1775	414
			1776	415
			1777	415
			1778	416
			1779	416
			1780	417
			1780	418
			1781	418
			1782	419
			1783	419
			1784	420
			1785	421
			1786	421
			1787	422
			1788	422
			1789	423
			1790	424
			1791	425
			1792	426
			1793	427
			1794	427
			1795	428
			1796	429
			1797	429
			1798	430
			1799	431
			1800	431
			1800	432
			1801	432
			1802	433
			1803	434
			1804	435
			1805	436
			1806	436
			1807	437
			1808	438
			1809	439
			1810	440
			1811	441
			1812	441
			1813	442
			1813	443
			1814	443
			1815	444
			1816	445
			1817	446
			1818	447
			1819	448
			1820	448
			1821	449
			1821	450
			1822	450
			1823	451
			1824	452
			1824	453
			1825	453
			1826	454
			1827	455
			1828	456
			1829	457
			1830	458
			1831	459
			1832	460
			1833	460
			1833	461
			1834	462
			1835	463
			1836	464
			1837	465
			1838	466
			1839	467
			1840	468
			1840	469
			1841	470
			1842	470
			1843	471
			1844	472
			1845	473
			1846	474
			1846	475
			1847	476
			1848	477
			1849	478
			1850	479
			1851	480
			1852	481
			1853	482
			1854	483
			1854	484
			1855	485
			1856	485
			1857	486
			1857	487
			1858	488
			1859	489
			1860	490
			1861	491
			1862	492
			1863	493
			1864	494
			1865	495
			1866	496
			1866	497
			1867	498
			1868	499
			1869	500
			1870	501
			1871	502
			1871	503
			1872	504
			1873	505
			1874	506
			1875	507
			1875	508
			1876	509
			1876	510
			1877	510
			1877	511
			1878	512
			1879	513
			1880	514
			1880	515
			1881	516
			1882	517
			1882	518
			1883	519
			1884	520
			1884	521
			1885	522
			1886	523
			1887	524
			1887	525
			1888	526
			1889	527
			1890	528
			1890	529
			1891	530
			1891	531
			1892	532
			1893	533
			1893	534
			1894	535
			1895	536
			1895	537
			1896	538
			1896	539
			1897	540
			1898	541
			1898	542
			1899	543
			1899	544
			1900	545
			1901	546
			1901	547
			1902	548
			1902	549
			1903	550
			1903	551
			1904	552
			1905	553
			1905	554
			1906	555
			1906	556
			1907	557
			1907	558
			1908	559
			1908	560
			1909	561
			1909	562
			1910	563
			1910	564
			1910	565
			1911	565
			1911	566
			1911	567
			1912	567
			1912	568
			1913	569
			1913	570
			1913	571
			1914	572
			1914	573
			1915	573
			1915	574
			1915	575
			1916	576
			1916	577
			1917	578
			1917	579
			1917	580
			1918	581
			1918	582
			1919	583
			1919	584
			1920	585
			1920	586
			1920	587
			1921	588
			1921	589
			1922	590
			1922	591
			1922	592
			1923	593
			1923	594
			1923	595
			1924	595
			1924	596
			1924	597
			1924	598
			1925	599
			1925	600
			1926	601
			1926	602
			1926	603
			1927	604
			1927	605
			1927	606
			1928	607
			1928	608
			1928	609
			1929	610
			1929	611
			1929	612
			1929	613
			1930	614
			1930	615
			1930	616
			1931	617
			1931	618
			1931	619
			1932	620
			1932	621
			1932	622
			1932	623
			1933	624
			1933	625
			1933	626
			1933	627
			1934	628
			1934	629
			1934	630
			1934	631
			1935	632
			1935	633
			1935	634
			1935	635
			1936	636
			1936	637
			1936	638
			1936	639
			1937	640
			1937	641
			1937	642
			1937	643
			1937	644
			1937	645
			1938	645
			1938	646
			1938	647
			1938	648
			1938	649
			1939	650
			1939	651
			1939	652
			1939	653
			1939	654
			1939	655
			1940	656
			1940	657
			1940	658
			1940	659
			1940	660
			1940	661
			1941	662
			1941	663
			1941	664
			1941	665
			1941	666
			1941	667
			1941	668
			1941	669
			1942	669
			1942	670
			1942	671
			1942	672
			1942	673
			1942	674
			1942	675
			1942	676
			1942	677
			1943	678
			1943	679
			1943	680
			1943	681
			1943	682
			1943	683
			1943	684
			1943	685
			1943	686
			1943	687
			1943	688
			1944	689
			1944	690
			1944	691
			1944	692
			1944	693
			1944	694
			1944	695
			1944	696
			1944	697
			1944	698
			1944	699
			1944	700
			1944	701
			1944	702
			1944	703
			1944	704
			1944	705
			1944	706
			1944	707
			1945	708
			1945	709
			1945	710
			1945	711
			1945	712
			1945	713
			1945	714
			1945	715
			1945	716
			1945	717
			1945	718
			1945	719
			1945	720
			1945	721
			1945	722
			1945	723
			1945	724
			1945	725
			1945	726
			1945	727
			1945	728
			1945	729
			1945	730
			1945	731
			1945	732
			1945	733
			1944	734
			1944	735
			1944	736
			1944	737
			1944	738
			1944	739
			1944	740
			1944	741
			1944	742
			1944	743
			1944	744
			1944	745
			1944	746
			1944	747
			1944	748
			1944	749
			1943	750
			1943	751
			1943	752
			1943	753
			1943	754
			1943	755
			1943	756
			1943	757
			1942	758
			1942	759
			1942	760
			1942	761
			1942	762
			1942	763
			1942	764
			1941	764
			1941	765
			1941	766
			1941	767
			1941	768
			1941	769
			1941	770
			1940	771
			1940	772
			1940	773
			1940	774
			1940	775
			1940	776
			1939	777
			1939	778
			1939	779
			1939	780
			1939	781
			1938	782
			1938	783
			1938	784
			1938	785
			1938	786
			1937	787
			1937	788
			1937	789
			1937	790
			1937	791
			1937	792
			1936	792
			1936	793
			1936	794
			1936	795
			1935	796
			1935	797
			1935	798
			1935	799
			1935	800
			1934	801
			1934	802
			1934	803
			1934	804
			1934	805
			1933	806
			1933	807
			1933	808
			1932	809
			1932	810
			1932	811
			1932	812
			1931	813
			1931	814
			1931	815
			1931	816
			1930	817
			1930	818
			1930	819
			1930	820
			1929	821
			1929	822
			1929	823
			1928	824
			1928	825
			1928	826
			1927	827
			1927	828
			1927	829
			1926	830
			1926	831
			1926	832
			1926	833
			1925	833
			1925	834
			1925	835
			1925	836
			1924	836
			1924	837
			1924	838
			1924	839
			1923	840
			1923	841
			1922	842
			1922	843
			1922	844
			1922	845
			1921	845
			1921	846
			1921	847
			1920	848
			1920	849
			1920	850
			1919	851
			1919	852
			1919	853
			1918	853
			1918	854
			1917	855
			1917	856
			1917	857
			1916	858
			1916	859
			1915	860
			1915	861
			1914	862
			1914	863
			1914	864
			1913	865
			1913	866
			1912	867
			1912	868
			1911	869
			1911	870
			1910	871
			1910	872
			1909	873
			1909	874
			1909	875
			1908	876
			1908	877
			1907	878
			1907	879
			1906	880
			1906	881
			1905	882
			1905	883
			1904	884
			1904	885
			1903	886
			1903	887
			1902	888
			1902	889
			1901	889
			1901	890
			1900	891
			1900	892
			1899	893
			1898	894
			1898	895
			1897	896
			1897	897
			1896	898
			1896	899
			1895	899
			1895	900
			1894	901
			1894	902
			1893	903
			1892	904
			1892	905
			1891	906
			1890	907
			1889	908
			1889	909
			1888	910
			1887	911
			1887	912
			1886	913
			1885	914
			1885	915
			1884	916
			1883	917
			1882	918
			1882	919
			1881	920
			1880	921
			1879	922
			1879	923
			1878	924
			1877	925
			1876	926
			1876	927
			1875	928
			1874	929
			1873	930
			1872	931
			1872	932
			1871	933
			1870	934
			1869	934
			1868	935
			1868	936
			1867	937
			1866	938
			1865	939
			1864	940
			1863	941
			1862	942
			1861	943
			1860	944
			1859	945
			1858	946
			1857	947
			1856	948
			1855	949
			1854	950
			1853	951
			1852	952
			1851	953
			1850	954
			1849	955
			1848	955
			1847	956
			1847	957
			1846	957
			1845	958
			1844	959
			1843	959
			1843	960
			1842	961
			1841	961
			1840	962
		</Eye>
	</curves.pixel>
	<ruler.points type=matrix rownames=TRUE colnames=FALSE nrow=2 ncol=2 as.numeric=TRUE >
		Ruler point 1	2	1894
		Ruler point 2	104	1894
	</ruler.points>
</shapes>

