<shapes type=list>
	<scaling type=logical names=FALSE length=1 as.numeric=FALSE >NA</scaling>
	<landmarks.pixel type=matrix rownames=TRUE colnames=FALSE nrow=11 ncol=2 as.numeric=TRUE >
		LM1Forehead	1762	368
		LM2UJFront	2166	1353
		LM3UJBack	1671	1452
		LM4LacOrb	1718	993
		LM5QJoint	1657	1525
		LM6IOPL	1630	1624
		LM7IOPSOP	660	1663
		LM8A2A1	958	1200
		LM9A1A3	932	822
		LM10TopMuscR	797	683
		LM11TopMuscL	390	615
	</landmarks.pixel>
	<curves.control type=list>
		<Profile type=matrix rownames=FALSE colnames=FALSE nrow=7 ncol=2 as.numeric=TRUE >
			1762	368
			2083	602
			2239	888
			2434	1183
			2326	1335
			2243	1443
			2166	1353
		</Profile>
		<Eye type=matrix rownames=FALSE colnames=FALSE nrow=13 ncol=2 as.numeric=TRUE >
			1718	993
			1532	1118
			1284	1066
			1119	975
			1054	797
			1059	546
			1198	438
			1432	312
			1614	412
			1792	481
			1835	693
			1827	880
			1718	993
		</Eye>
	</curves.control>
	<curves.pixel type=list>
		<Profile type=matrix rownames=FALSE colnames=FALSE nrow=1240 ncol=2 as.numeric=TRUE >
			1762	368
			1763	369
			1764	370
			1765	370
			1766	371
			1767	371
			1768	372
			1768	373
			1769	373
			1770	374
			1771	374
			1772	375
			1772	376
			1773	376
			1774	377
			1775	378
			1776	378
			1777	379
			1778	380
			1779	381
			1780	381
			1781	382
			1782	383
			1783	384
			1784	384
			1785	385
			1786	386
			1787	387
			1788	387
			1789	388
			1790	389
			1791	389
			1792	390
			1793	391
			1794	392
			1795	392
			1796	393
			1797	394
			1798	395
			1799	395
			1800	396
			1801	397
			1802	398
			1803	398
			1804	399
			1805	400
			1806	401
			1807	402
			1808	403
			1809	403
			1810	404
			1811	405
			1812	406
			1813	406
			1814	407
			1815	408
			1816	408
			1816	409
			1817	410
			1818	410
			1819	411
			1820	412
			1821	412
			1821	413
			1822	413
			1823	414
			1824	415
			1825	415
			1825	416
			1826	417
			1827	417
			1828	418
			1829	419
			1830	419
			1830	420
			1831	421
			1832	421
			1833	422
			1834	422
			1834	423
			1835	424
			1836	424
			1837	425
			1838	426
			1839	427
			1840	428
			1841	429
			1842	429
			1843	430
			1844	431
			1845	432
			1846	432
			1847	433
			1848	434
			1849	435
			1850	436
			1851	436
			1852	437
			1853	438
			1854	439
			1855	439
			1856	440
			1857	441
			1857	442
			1858	443
			1859	443
			1860	444
			1861	445
			1862	446
			1863	446
			1864	447
			1865	448
			1866	449
			1867	450
			1868	450
			1869	451
			1870	452
			1871	453
			1872	453
			1873	454
			1874	455
			1874	456
			1875	457
			1876	457
			1877	458
			1878	459
			1879	460
			1880	461
			1881	461
			1882	462
			1883	463
			1884	464
			1885	464
			1886	465
			1887	466
			1888	467
			1888	468
			1889	468
			1890	469
			1891	470
			1892	471
			1893	472
			1894	472
			1895	473
			1896	474
			1897	475
			1898	476
			1899	476
			1899	477
			1900	478
			1901	479
			1902	480
			1903	480
			1904	481
			1905	482
			1906	483
			1907	483
			1908	484
			1909	485
			1909	486
			1910	487
			1911	487
			1912	488
			1913	489
			1914	490
			1915	491
			1916	491
			1917	492
			1918	493
			1918	494
			1919	495
			1920	495
			1921	496
			1922	497
			1923	498
			1924	499
			1925	499
			1926	500
			1927	501
			1927	502
			1928	503
			1929	503
			1930	504
			1931	505
			1932	506
			1933	507
			1934	507
			1934	508
			1935	509
			1936	510
			1937	511
			1938	511
			1939	512
			1940	513
			1941	514
			1941	515
			1942	515
			1943	516
			1944	517
			1945	518
			1946	519
			1947	520
			1948	520
			1948	521
			1949	522
			1950	523
			1951	524
			1952	524
			1953	525
			1954	526
			1954	527
			1955	528
			1956	528
			1957	529
			1958	530
			1959	531
			1960	532
			1961	533
			1962	534
			1963	535
			1964	536
			1965	537
			1966	538
			1967	539
			1968	540
			1969	541
			1970	541
			1970	542
			1971	542
			1972	543
			1972	544
			1973	544
			1973	545
			1974	545
			1975	546
			1975	547
			1976	547
			1976	548
			1977	548
			1978	549
			1979	550
			1980	551
			1981	552
			1982	553
			1983	554
			1983	555
			1984	555
			1985	556
			1986	557
			1987	558
			1988	559
			1989	560
			1990	561
			1991	562
			1992	563
			1993	564
			1994	565
			1995	566
			1996	567
			1997	568
			1998	569
			1999	570
			2000	571
			2001	572
			2002	573
			2003	574
			2004	575
			2004	576
			2005	576
			2006	577
			2007	578
			2007	579
			2008	579
			2009	580
			2009	581
			2010	582
			2011	582
			2012	583
			2012	584
			2013	585
			2014	585
			2014	586
			2015	587
			2016	587
			2017	588
			2017	589
			2018	590
			2019	590
			2019	591
			2020	592
			2021	593
			2022	593
			2022	594
			2023	595
			2024	596
			2025	597
			2026	598
			2027	599
			2028	600
			2028	601
			2029	602
			2030	603
			2031	603
			2032	604
			2033	605
			2034	606
			2034	607
			2035	608
			2036	609
			2037	610
			2038	611
			2039	612
			2040	613
			2041	614
			2042	615
			2043	616
			2043	617
			2044	617
			2045	618
			2045	619
			2046	619
			2046	620
			2047	621
			2048	621
			2048	622
			2049	623
			2050	624
			2051	625
			2052	626
			2052	627
			2053	628
			2054	628
			2055	629
			2055	630
			2056	631
			2057	631
			2057	632
			2058	633
			2059	634
			2059	635
			2060	635
			2061	636
			2062	637
			2062	638
			2063	639
			2064	639
			2064	640
			2065	641
			2066	642
			2067	643
			2068	644
			2069	645
			2070	646
			2070	647
			2071	648
			2072	649
			2073	650
			2074	651
			2074	652
			2075	653
			2076	654
			2077	655
			2078	656
			2078	657
			2079	657
			2080	658
			2081	659
			2082	660
			2083	661
			2083	662
			2084	663
			2085	664
			2086	665
			2087	666
			2087	667
			2088	668
			2089	669
			2090	670
			2091	671
			2091	672
			2092	673
			2093	674
			2094	675
			2094	676
			2095	677
			2096	677
			2097	678
			2098	679
			2098	680
			2099	681
			2100	682
			2101	683
			2102	684
			2102	685
			2103	686
			2104	687
			2105	688
			2105	689
			2106	690
			2107	691
			2108	692
			2108	693
			2109	694
			2110	695
			2111	696
			2112	697
			2112	698
			2113	699
			2114	700
			2115	701
			2116	702
			2117	703
			2117	704
			2118	705
			2119	706
			2120	707
			2121	708
			2121	709
			2122	710
			2123	711
			2124	712
			2125	713
			2125	714
			2126	715
			2127	716
			2128	717
			2128	718
			2129	719
			2130	720
			2131	721
			2132	722
			2132	723
			2133	724
			2134	725
			2135	726
			2135	727
			2136	728
			2137	729
			2138	730
			2138	731
			2139	732
			2140	733
			2140	734
			2141	735
			2142	736
			2143	737
			2143	738
			2144	739
			2145	740
			2145	741
			2146	741
			2146	742
			2147	743
			2148	744
			2148	745
			2149	746
			2150	747
			2150	748
			2151	749
			2152	749
			2152	750
			2153	751
			2153	752
			2154	753
			2155	754
			2155	755
			2156	756
			2157	757
			2158	758
			2159	759
			2159	760
			2160	761
			2161	762
			2161	763
			2162	764
			2163	765
			2163	766
			2164	767
			2164	768
			2165	768
			2165	769
			2166	770
			2167	771
			2168	772
			2168	773
			2169	774
			2169	775
			2170	776
			2171	777
			2171	778
			2172	779
			2173	780
			2174	781
			2175	782
			2175	783
			2176	784
			2176	785
			2177	786
			2178	787
			2178	788
			2179	789
			2179	790
			2180	790
			2181	791
			2181	792
			2182	793
			2182	794
			2183	794
			2183	795
			2184	796
			2184	797
			2185	798
			2186	799
			2186	800
			2187	801
			2188	802
			2188	803
			2189	804
			2190	805
			2190	806
			2191	807
			2191	808
			2192	809
			2193	810
			2193	811
			2194	812
			2194	813
			2195	814
			2196	815
			2196	816
			2197	817
			2198	818
			2198	819
			2199	819
			2199	820
			2200	821
			2201	822
			2201	823
			2202	824
			2202	825
			2203	826
			2204	827
			2204	828
			2205	829
			2205	830
			2206	831
			2207	832
			2207	833
			2208	834
			2208	835
			2209	836
			2210	837
			2210	838
			2211	839
			2211	840
			2212	841
			2213	842
			2213	843
			2214	844
			2214	845
			2215	846
			2215	847
			2216	848
			2217	849
			2217	850
			2218	851
			2218	852
			2219	853
			2219	854
			2220	855
			2221	855
			2221	856
			2222	857
			2222	858
			2223	859
			2223	860
			2224	861
			2225	862
			2225	863
			2226	864
			2226	865
			2227	866
			2227	867
			2228	868
			2229	869
			2229	870
			2230	871
			2230	872
			2231	873
			2231	874
			2232	875
			2232	876
			2233	877
			2234	878
			2234	879
			2235	880
			2235	881
			2236	882
			2236	883
			2237	884
			2237	885
			2238	886
			2238	887
			2239	888
			2240	889
			2240	890
			2241	891
			2242	892
			2242	893
			2243	894
			2244	895
			2244	896
			2245	897
			2246	898
			2246	899
			2247	900
			2248	901
			2248	902
			2249	903
			2250	904
			2250	905
			2251	906
			2251	907
			2252	908
			2253	909
			2253	910
			2254	911
			2255	912
			2255	913
			2256	914
			2257	915
			2257	916
			2258	917
			2258	918
			2259	919
			2260	920
			2260	921
			2261	922
			2261	923
			2262	924
			2263	925
			2263	926
			2264	927
			2265	928
			2265	929
			2266	930
			2266	931
			2267	932
			2268	933
			2268	934
			2269	935
			2269	936
			2270	937
			2270	938
			2271	939
			2272	940
			2272	941
			2273	942
			2273	943
			2274	944
			2274	945
			2275	946
			2276	947
			2276	948
			2277	949
			2277	950
			2278	951
			2278	952
			2279	953
			2280	953
			2280	954
			2281	955
			2281	956
			2282	957
			2282	958
			2283	959
			2283	960
			2284	961
			2284	962
			2285	963
			2286	964
			2286	965
			2287	966
			2287	967
			2288	968
			2288	969
			2289	970
			2289	971
			2290	972
			2290	973
			2291	974
			2292	975
			2292	976
			2293	977
			2293	978
			2294	979
			2294	980
			2295	981
			2295	982
			2296	983
			2296	984
			2297	984
			2297	985
			2298	986
			2298	987
			2298	988
			2299	988
			2299	989
			2300	990
			2300	991
			2300	992
			2301	992
			2301	993
			2302	994
			2302	995
			2303	996
			2303	997
			2304	998
			2304	999
			2305	1000
			2305	1001
			2306	1002
			2306	1003
			2307	1004
			2307	1005
			2308	1006
			2308	1007
			2309	1008
			2309	1009
			2310	1010
			2310	1011
			2311	1012
			2311	1013
			2312	1014
			2312	1015
			2313	1016
			2313	1017
			2313	1018
			2314	1018
			2314	1019
			2315	1020
			2315	1021
			2315	1022
			2316	1022
			2316	1023
			2316	1024
			2317	1025
			2317	1026
			2318	1026
			2318	1027
			2318	1028
			2319	1029
			2319	1030
			2320	1031
			2320	1032
			2321	1033
			2321	1034
			2321	1035
			2322	1036
			2322	1037
			2323	1038
			2323	1039
			2324	1040
			2324	1041
			2324	1042
			2325	1043
			2325	1044
			2326	1045
			2326	1046
			2326	1047
			2327	1047
			2327	1048
			2328	1049
			2328	1050
			2328	1051
			2329	1052
			2329	1053
			2330	1054
			2330	1055
			2330	1056
			2331	1057
			2331	1058
			2331	1059
			2332	1060
			2332	1061
			2333	1061
			2333	1062
			2333	1063
			2334	1064
			2334	1065
			2334	1066
			2335	1067
			2335	1068
			2335	1069
			2336	1070
			2336	1071
			2336	1072
			2337	1073
			2337	1074
			2338	1075
			2338	1076
			2338	1077
			2339	1077
			2339	1078
			2339	1079
			2339	1080
			2340	1081
			2340	1082
			2341	1083
			2341	1084
			2341	1085
			2342	1086
			2342	1087
			2342	1088
			2343	1089
			2343	1090
			2343	1091
			2344	1092
			2344	1093
			2344	1094
			2344	1095
			2345	1095
			2345	1096
			2345	1097
			2346	1098
			2346	1099
			2346	1100
			2346	1101
			2347	1102
			2347	1103
			2347	1104
			2348	1105
			2348	1106
			2348	1107
			2349	1108
			2349	1109
			2349	1110
			2350	1111
			2350	1112
			2350	1113
			2350	1114
			2351	1115
			2351	1116
			2351	1117
			2351	1118
			2352	1119
			2352	1120
			2352	1121
			2352	1122
			2353	1123
			2353	1124
			2353	1125
			2354	1126
			2354	1127
			2354	1128
			2354	1129
			2355	1130
			2355	1131
			2355	1132
			2355	1133
			2355	1134
			2356	1135
			2356	1136
			2356	1137
			2356	1138
			2357	1139
			2357	1140
			2357	1141
			2357	1142
			2357	1143
			2358	1144
			2358	1145
			2358	1146
			2358	1147
			2358	1148
			2359	1149
			2359	1150
			2359	1151
			2359	1152
			2359	1153
			2360	1154
			2360	1155
			2360	1156
			2360	1157
			2360	1158
			2360	1159
			2360	1160
			2361	1161
			2361	1162
			2361	1163
			2361	1164
			2361	1165
			2361	1166
			2362	1167
			2362	1168
			2362	1169
			2362	1170
			2362	1171
			2362	1172
			2362	1173
			2362	1174
			2363	1175
			2363	1176
			2363	1177
			2363	1178
			2363	1179
			2363	1180
			2363	1181
			2363	1182
			2363	1183
			2363	1184
			2363	1185
			2364	1186
			2364	1187
			2364	1188
			2364	1189
			2364	1190
			2364	1191
			2364	1192
			2364	1193
			2364	1194
			2364	1195
			2364	1196
			2364	1197
			2364	1198
			2364	1199
			2364	1200
			2364	1201
			2364	1202
			2364	1203
			2364	1204
			2364	1205
			2364	1206
			2364	1207
			2364	1208
			2364	1209
			2364	1210
			2364	1211
			2364	1212
			2364	1213
			2364	1214
			2364	1215
			2364	1216
			2364	1217
			2364	1218
			2364	1219
			2364	1220
			2364	1221
			2364	1222
			2364	1223
			2364	1224
			2364	1225
			2364	1226
			2364	1227
			2364	1228
			2364	1229
			2364	1230
			2364	1231
			2363	1232
			2363	1233
			2363	1234
			2363	1235
			2363	1236
			2363	1237
			2363	1238
			2363	1239
			2363	1240
			2362	1241
			2362	1242
			2362	1243
			2362	1244
			2362	1245
			2362	1246
			2362	1247
			2361	1248
			2361	1249
			2361	1250
			2361	1251
			2361	1252
			2361	1253
			2360	1254
			2360	1255
			2360	1256
			2360	1257
			2360	1258
			2359	1258
			2359	1259
			2359	1260
			2359	1261
			2359	1262
			2358	1263
			2358	1264
			2358	1265
			2358	1266
			2357	1267
			2357	1268
			2357	1269
			2357	1270
			2356	1271
			2356	1272
			2356	1273
			2356	1274
			2355	1274
			2355	1275
			2355	1276
			2355	1277
			2354	1278
			2354	1279
			2354	1280
			2353	1281
			2353	1282
			2353	1283
			2353	1284
			2352	1284
			2352	1285
			2352	1286
			2351	1287
			2351	1288
			2351	1289
			2350	1290
			2350	1291
			2350	1292
			2349	1292
			2349	1293
			2348	1294
			2348	1295
			2348	1296
			2347	1297
			2347	1298
			2347	1299
			2346	1299
			2346	1300
			2345	1301
			2345	1302
			2345	1303
			2344	1304
			2344	1305
			2343	1305
			2343	1306
			2343	1307
			2342	1308
			2342	1309
			2341	1310
			2341	1311
			2340	1312
			2340	1313
			2339	1314
			2338	1315
			2338	1316
			2337	1317
			2337	1318
			2336	1319
			2336	1320
			2335	1321
			2334	1322
			2334	1323
			2333	1324
			2333	1325
			2332	1326
			2331	1327
			2331	1328
			2330	1329
			2330	1330
			2329	1331
			2328	1332
			2328	1333
			2327	1334
			2326	1335
			2325	1336
			2324	1337
			2324	1338
			2323	1339
			2322	1340
			2321	1341
			2320	1342
			2320	1343
			2319	1344
			2318	1345
			2317	1346
			2316	1347
			2315	1348
			2314	1349
			2313	1350
			2312	1351
			2312	1352
			2311	1353
			2310	1354
			2309	1355
			2308	1356
			2307	1357
			2306	1358
			2305	1359
			2305	1360
			2304	1361
			2303	1361
			2302	1362
			2301	1363
			2300	1364
			2299	1365
			2298	1366
			2297	1367
			2296	1368
			2295	1369
			2294	1370
			2293	1370
			2292	1371
			2291	1372
			2290	1373
			2289	1374
			2288	1374
			2287	1375
			2286	1376
			2285	1376
			2284	1377
			2283	1378
			2282	1378
			2281	1379
			2281	1380
			2280	1380
			2279	1381
			2278	1381
			2277	1382
			2276	1382
			2275	1383
			2274	1383
			2273	1384
			2272	1384
			2272	1385
			2271	1385
			2270	1386
			2269	1386
			2268	1387
			2267	1387
			2266	1387
			2265	1388
			2264	1388
			2264	1389
			2263	1389
			2262	1389
			2261	1390
			2260	1390
			2259	1390
			2258	1391
			2257	1391
			2256	1391
			2255	1391
			2255	1392
			2254	1392
			2253	1392
			2252	1392
			2251	1392
			2250	1393
			2249	1393
			2248	1393
			2247	1393
			2246	1393
			2245	1393
			2244	1394
			2243	1394
			2242	1394
			2241	1394
			2240	1394
			2239	1394
			2238	1394
			2237	1394
			2236	1394
			2235	1394
			2234	1394
			2233	1394
			2232	1394
			2231	1394
			2230	1394
			2229	1393
			2228	1393
			2227	1393
			2226	1393
			2225	1393
			2224	1393
			2223	1392
			2222	1392
			2221	1392
			2220	1392
			2219	1391
			2218	1391
			2217	1391
			2216	1390
			2215	1390
			2214	1390
			2213	1389
			2212	1389
			2211	1389
			2210	1388
			2209	1388
			2209	1387
			2208	1387
			2207	1387
			2206	1386
			2205	1386
			2204	1385
			2203	1385
			2202	1384
			2201	1384
			2200	1383
			2199	1382
			2198	1382
			2197	1381
			2196	1381
			2195	1380
			2195	1379
			2194	1379
			2193	1378
			2192	1377
			2191	1377
			2190	1376
			2189	1375
			2188	1375
			2187	1374
			2186	1373
			2185	1372
			2184	1372
			2183	1371
			2182	1370
			2182	1369
			2181	1368
			2180	1367
			2179	1367
			2178	1366
			2177	1365
			2176	1364
			2175	1363
			2174	1362
			2173	1361
			2172	1360
			2171	1359
			2170	1358
			2170	1357
			2169	1356
			2168	1355
			2167	1354
			2166	1353
		</Profile>
		<Eye type=matrix rownames=FALSE colnames=FALSE nrow=2242 ncol=2 as.numeric=TRUE >
			1718	993
			1717	994
			1716	994
			1715	995
			1714	996
			1713	996
			1712	997
			1711	997
			1710	998
			1709	999
			1708	999
			1708	1000
			1707	1000
			1706	1001
			1705	1002
			1704	1002
			1703	1003
			1702	1003
			1701	1004
			1700	1005
			1699	1005
			1698	1006
			1697	1006
			1696	1007
			1695	1008
			1694	1008
			1693	1009
			1692	1009
			1691	1010
			1690	1011
			1689	1011
			1688	1012
			1687	1012
			1686	1013
			1685	1013
			1684	1014
			1683	1014
			1682	1015
			1681	1016
			1680	1016
			1679	1017
			1678	1017
			1677	1018
			1676	1018
			1676	1019
			1675	1019
			1674	1020
			1673	1020
			1672	1021
			1671	1021
			1670	1022
			1669	1022
			1668	1023
			1667	1024
			1666	1024
			1665	1025
			1664	1025
			1663	1026
			1662	1026
			1661	1027
			1660	1027
			1659	1028
			1658	1028
			1657	1029
			1656	1029
			1655	1030
			1654	1030
			1653	1031
			1652	1031
			1651	1031
			1650	1032
			1649	1032
			1648	1033
			1647	1033
			1646	1034
			1645	1034
			1644	1035
			1643	1035
			1642	1036
			1641	1036
			1640	1037
			1639	1037
			1638	1038
			1637	1038
			1636	1038
			1635	1039
			1634	1039
			1633	1040
			1632	1040
			1631	1040
			1630	1041
			1629	1041
			1628	1042
			1627	1042
			1626	1042
			1626	1043
			1625	1043
			1624	1043
			1623	1043
			1623	1044
			1622	1044
			1621	1044
			1621	1045
			1620	1045
			1619	1045
			1618	1046
			1617	1046
			1616	1046
			1615	1047
			1614	1047
			1613	1048
			1612	1048
			1611	1048
			1611	1049
			1610	1049
			1609	1049
			1608	1050
			1607	1050
			1606	1050
			1605	1051
			1604	1051
			1603	1051
			1602	1051
			1602	1052
			1601	1052
			1600	1052
			1599	1053
			1598	1053
			1597	1053
			1596	1054
			1595	1054
			1594	1054
			1593	1055
			1592	1055
			1591	1056
			1590	1056
			1589	1056
			1588	1056
			1587	1057
			1586	1057
			1585	1057
			1584	1058
			1583	1058
			1582	1058
			1581	1059
			1580	1059
			1579	1059
			1578	1059
			1577	1060
			1576	1060
			1575	1060
			1574	1061
			1573	1061
			1572	1061
			1571	1061
			1570	1062
			1569	1062
			1568	1062
			1567	1063
			1566	1063
			1565	1063
			1564	1063
			1563	1064
			1562	1064
			1561	1064
			1560	1065
			1559	1065
			1558	1065
			1557	1065
			1556	1066
			1555	1066
			1554	1066
			1553	1066
			1552	1067
			1551	1067
			1550	1067
			1549	1067
			1548	1068
			1547	1068
			1546	1068
			1545	1068
			1544	1068
			1543	1069
			1542	1069
			1541	1069
			1540	1069
			1539	1070
			1538	1070
			1537	1070
			1536	1070
			1535	1070
			1534	1071
			1533	1071
			1532	1071
			1531	1071
			1530	1071
			1529	1072
			1528	1072
			1527	1072
			1526	1072
			1525	1072
			1524	1072
			1523	1073
			1522	1073
			1521	1073
			1520	1073
			1519	1073
			1518	1074
			1517	1074
			1516	1074
			1515	1074
			1514	1074
			1513	1074
			1512	1074
			1511	1075
			1510	1075
			1509	1075
			1508	1075
			1507	1075
			1506	1075
			1505	1076
			1504	1076
			1503	1076
			1502	1076
			1501	1076
			1500	1076
			1499	1076
			1498	1077
			1497	1077
			1496	1077
			1495	1077
			1494	1077
			1493	1077
			1492	1077
			1491	1077
			1490	1078
			1489	1078
			1488	1078
			1487	1078
			1486	1078
			1485	1078
			1484	1078
			1483	1078
			1482	1078
			1481	1078
			1480	1079
			1479	1079
			1478	1079
			1477	1079
			1476	1079
			1475	1079
			1474	1079
			1473	1079
			1472	1079
			1471	1079
			1470	1079
			1469	1080
			1468	1080
			1467	1080
			1466	1080
			1465	1080
			1464	1080
			1463	1080
			1462	1080
			1461	1080
			1460	1080
			1459	1080
			1458	1080
			1457	1080
			1456	1080
			1455	1080
			1454	1081
			1453	1081
			1452	1081
			1451	1081
			1450	1081
			1449	1081
			1448	1081
			1447	1081
			1446	1081
			1445	1081
			1444	1081
			1443	1081
			1442	1081
			1441	1081
			1440	1081
			1439	1081
			1438	1081
			1437	1081
			1436	1081
			1435	1081
			1434	1081
			1433	1081
			1432	1081
			1431	1081
			1430	1081
			1429	1081
			1428	1081
			1427	1081
			1426	1081
			1425	1081
			1424	1081
			1423	1081
			1422	1081
			1421	1081
			1420	1081
			1419	1081
			1418	1081
			1417	1081
			1416	1081
			1415	1081
			1414	1081
			1413	1081
			1412	1081
			1411	1081
			1410	1081
			1409	1081
			1408	1081
			1407	1081
			1406	1081
			1405	1081
			1404	1081
			1403	1081
			1402	1081
			1401	1081
			1400	1081
			1399	1081
			1398	1081
			1397	1081
			1396	1081
			1395	1081
			1394	1081
			1393	1080
			1392	1080
			1391	1080
			1390	1080
			1389	1080
			1388	1080
			1387	1080
			1386	1080
			1385	1080
			1384	1080
			1383	1080
			1382	1080
			1381	1080
			1380	1080
			1379	1080
			1378	1080
			1377	1079
			1376	1079
			1375	1079
			1374	1079
			1373	1079
			1372	1079
			1371	1079
			1370	1079
			1369	1079
			1368	1079
			1367	1079
			1366	1079
			1365	1078
			1364	1078
			1363	1078
			1362	1078
			1361	1078
			1360	1078
			1359	1078
			1358	1078
			1357	1078
			1356	1078
			1355	1077
			1354	1077
			1353	1077
			1352	1077
			1351	1077
			1350	1077
			1349	1077
			1348	1077
			1347	1077
			1346	1076
			1345	1076
			1344	1076
			1343	1076
			1342	1076
			1341	1076
			1340	1076
			1339	1076
			1339	1075
			1338	1075
			1337	1075
			1336	1075
			1335	1075
			1334	1075
			1333	1075
			1332	1074
			1331	1074
			1330	1074
			1329	1074
			1328	1074
			1327	1074
			1326	1074
			1325	1073
			1324	1073
			1323	1073
			1322	1073
			1321	1073
			1320	1073
			1319	1073
			1318	1072
			1317	1072
			1316	1072
			1315	1072
			1314	1072
			1313	1072
			1312	1071
			1311	1071
			1310	1071
			1309	1071
			1308	1071
			1307	1070
			1306	1070
			1305	1070
			1304	1070
			1303	1070
			1302	1070
			1301	1069
			1300	1069
			1299	1069
			1298	1069
			1297	1069
			1296	1068
			1295	1068
			1294	1068
			1293	1068
			1292	1068
			1291	1067
			1290	1067
			1289	1067
			1288	1067
			1287	1067
			1286	1066
			1285	1066
			1284	1066
			1283	1066
			1283	1065
			1282	1065
			1281	1064
			1280	1064
			1279	1063
			1278	1062
			1277	1062
			1276	1062
			1275	1061
			1274	1060
			1273	1060
			1272	1059
			1271	1059
			1270	1058
			1269	1057
			1268	1057
			1267	1056
			1266	1056
			1265	1055
			1264	1055
			1263	1054
			1262	1053
			1261	1052
			1260	1052
			1259	1052
			1259	1051
			1258	1051
			1257	1050
			1256	1049
			1255	1049
			1254	1048
			1253	1048
			1252	1047
			1251	1047
			1251	1046
			1250	1046
			1249	1045
			1248	1045
			1248	1044
			1247	1044
			1246	1043
			1245	1042
			1244	1042
			1244	1041
			1243	1041
			1242	1040
			1241	1040
			1241	1039
			1240	1039
			1239	1038
			1238	1038
			1238	1037
			1237	1037
			1236	1036
			1235	1036
			1234	1035
			1233	1034
			1232	1033
			1231	1033
			1230	1032
			1229	1032
			1228	1031
			1228	1030
			1227	1030
			1226	1029
			1225	1028
			1224	1028
			1223	1027
			1222	1026
			1221	1026
			1220	1025
			1220	1024
			1219	1024
			1218	1023
			1217	1022
			1216	1022
			1215	1021
			1214	1020
			1213	1020
			1213	1019
			1212	1018
			1211	1018
			1210	1017
			1209	1016
			1208	1016
			1207	1015
			1207	1014
			1206	1013
			1205	1013
			1204	1012
			1203	1011
			1202	1011
			1202	1010
			1201	1009
			1200	1009
			1199	1008
			1198	1007
			1197	1006
			1196	1005
			1195	1004
			1194	1003
			1193	1002
			1192	1002
			1191	1001
			1190	1000
			1189	999
			1188	998
			1187	997
			1186	996
			1185	996
			1184	995
			1183	994
			1182	993
			1181	992
			1180	991
			1179	990
			1178	989
			1177	988
			1176	988
			1175	987
			1175	986
			1174	985
			1173	984
			1172	983
			1171	982
			1170	981
			1169	980
			1168	979
			1167	978
			1166	977
			1165	977
			1164	976
			1164	975
			1163	974
			1162	973
			1161	972
			1160	971
			1159	970
			1158	969
			1157	968
			1156	967
			1156	966
			1155	965
			1154	964
			1153	963
			1152	962
			1151	961
			1150	960
			1149	959
			1148	958
			1147	957
			1146	956
			1146	955
			1145	955
			1145	954
			1144	953
			1143	953
			1143	952
			1142	951
			1142	950
			1141	950
			1140	949
			1140	948
			1139	948
			1139	947
			1138	946
			1137	945
			1136	944
			1135	943
			1134	942
			1134	941
			1133	940
			1132	939
			1132	938
			1131	937
			1130	936
			1129	935
			1128	934
			1127	933
			1127	932
			1126	931
			1125	930
			1124	929
			1124	928
			1123	927
			1123	926
			1122	926
			1121	925
			1121	924
			1120	923
			1120	922
			1119	922
			1119	921
			1118	920
			1117	919
			1117	918
			1116	918
			1116	917
			1115	916
			1115	915
			1114	914
			1113	913
			1112	912
			1112	911
			1111	910
			1110	909
			1110	908
			1109	907
			1108	906
			1108	905
			1107	904
			1107	903
			1106	902
			1105	901
			1105	900
			1104	899
			1103	898
			1103	897
			1102	896
			1102	895
			1101	894
			1100	893
			1100	892
			1099	891
			1098	890
			1098	889
			1097	888
			1097	887
			1096	886
			1095	885
			1095	884
			1094	883
			1094	882
			1093	881
			1092	880
			1092	879
			1091	878
			1091	877
			1090	876
			1090	875
			1089	874
			1088	873
			1088	872
			1087	871
			1087	870
			1086	869
			1086	868
			1085	867
			1084	866
			1084	865
			1084	864
			1083	864
			1083	863
			1083	862
			1082	862
			1082	861
			1082	860
			1081	860
			1081	859
			1080	858
			1080	857
			1079	856
			1079	855
			1079	854
			1078	854
			1078	853
			1077	852
			1077	851
			1077	850
			1076	850
			1076	849
			1076	848
			1075	847
			1074	846
			1074	845
			1074	844
			1073	843
			1073	842
			1072	841
			1072	840
			1071	839
			1071	838
			1071	837
			1070	836
			1070	835
			1069	834
			1069	833
			1068	833
			1068	832
			1068	831
			1067	830
			1067	829
			1066	828
			1066	827
			1065	826
			1065	825
			1065	824
			1064	823
			1064	822
			1063	821
			1063	820
			1063	819
			1062	818
			1062	817
			1061	816
			1061	815
			1061	814
			1060	813
			1060	812
			1059	811
			1059	810
			1059	809
			1058	808
			1058	807
			1057	806
			1057	805
			1057	804
			1056	803
			1056	802
			1056	801
			1055	800
			1055	799
			1054	798
			1054	797
			1054	796
			1054	795
			1054	794
			1054	793
			1054	792
			1054	791
			1054	790
			1054	789
			1054	788
			1054	787
			1054	786
			1054	785
			1054	784
			1054	783
			1054	782
			1054	781
			1055	780
			1055	779
			1055	778
			1055	777
			1055	776
			1055	775
			1055	774
			1055	773
			1055	772
			1055	771
			1055	770
			1055	769
			1055	768
			1055	767
			1055	766
			1055	765
			1055	764
			1055	763
			1055	762
			1055	761
			1056	760
			1056	759
			1056	758
			1056	757
			1056	756
			1056	755
			1056	754
			1056	753
			1056	752
			1056	751
			1056	750
			1056	749
			1056	748
			1056	747
			1057	746
			1057	745
			1057	744
			1057	743
			1057	742
			1057	741
			1057	740
			1057	739
			1057	738
			1057	737
			1057	736
			1057	735
			1058	734
			1058	733
			1058	732
			1058	731
			1058	730
			1058	729
			1058	728
			1058	727
			1058	726
			1059	725
			1059	724
			1059	723
			1059	722
			1059	721
			1059	720
			1059	719
			1059	718
			1059	717
			1060	716
			1060	715
			1060	714
			1060	713
			1060	712
			1060	711
			1060	710
			1060	709
			1061	708
			1061	707
			1061	706
			1061	705
			1061	704
			1061	703
			1061	702
			1062	701
			1062	700
			1062	699
			1062	698
			1062	697
			1062	696
			1062	695
			1063	694
			1063	693
			1063	692
			1063	691
			1063	690
			1063	689
			1064	688
			1064	687
			1064	686
			1064	685
			1064	684
			1064	683
			1065	682
			1065	681
			1065	680
			1065	679
			1065	678
			1066	677
			1066	676
			1066	675
			1066	674
			1066	673
			1066	672
			1067	671
			1067	670
			1067	669
			1067	668
			1067	667
			1068	666
			1068	665
			1068	664
			1068	663
			1068	662
			1069	661
			1069	660
			1069	659
			1069	658
			1070	657
			1070	656
			1070	655
			1070	654
			1071	653
			1071	652
			1071	651
			1071	650
			1071	649
			1072	648
			1072	647
			1072	646
			1072	645
			1073	644
			1073	643
			1073	642
			1073	641
			1074	640
			1074	639
			1074	638
			1074	637
			1075	636
			1075	635
			1075	634
			1075	633
			1076	633
			1076	632
			1076	631
			1076	630
			1077	629
			1077	628
			1077	627
			1077	626
			1078	625
			1078	624
			1078	623
			1079	622
			1079	621
			1079	620
			1079	619
			1080	618
			1080	617
			1080	616
			1081	615
			1081	614
			1081	613
			1082	612
			1082	611
			1082	610
			1083	609
			1083	608
			1083	607
			1084	606
			1084	605
			1084	604
			1085	603
			1085	602
			1085	601
			1086	600
			1086	599
			1086	598
			1087	597
			1087	596
			1087	595
			1088	594
			1088	593
			1088	592
			1089	591
			1089	590
			1090	589
			1090	588
			1090	587
			1091	587
			1091	586
			1091	585
			1092	584
			1092	583
			1092	582
			1093	581
			1093	580
			1093	579
			1094	579
			1094	578
			1094	577
			1095	576
			1095	575
			1096	574
			1096	573
			1097	572
			1097	571
			1097	570
			1098	569
			1098	568
			1099	567
			1099	566
			1100	565
			1100	564
			1100	563
			1101	563
			1101	562
			1101	561
			1102	561
			1102	560
			1102	559
			1103	559
			1103	558
			1103	557
			1104	557
			1104	556
			1104	555
			1105	554
			1105	553
			1106	552
			1106	551
			1107	550
			1107	549
			1108	549
			1108	548
			1108	547
			1109	546
			1109	545
			1110	544
			1110	543
			1111	542
			1111	541
			1112	540
			1113	539
			1113	538
			1114	537
			1115	536
			1115	535
			1116	534
			1116	533
			1117	532
			1117	531
			1118	530
			1118	529
			1119	528
			1119	527
			1120	527
			1120	526
			1121	525
			1121	524
			1122	524
			1122	523
			1122	522
			1123	522
			1123	521
			1124	520
			1124	519
			1125	519
			1125	518
			1126	517
			1126	516
			1127	516
			1127	515
			1128	514
			1128	513
			1129	512
			1130	511
			1131	510
			1131	509
			1132	508
			1132	507
			1133	507
			1133	506
			1134	505
			1135	504
			1135	503
			1136	502
			1137	501
			1138	500
			1138	499
			1139	498
			1140	497
			1141	496
			1141	495
			1142	494
			1143	493
			1144	492
			1144	491
			1145	490
			1146	489
			1147	488
			1148	487
			1149	486
			1149	485
			1150	485
			1150	484
			1151	483
			1152	482
			1153	481
			1154	480
			1154	479
			1155	478
			1156	478
			1156	477
			1157	476
			1158	475
			1159	475
			1159	474
			1160	473
			1161	472
			1161	471
			1162	471
			1163	470
			1163	469
			1164	469
			1165	468
			1166	467
			1166	466
			1167	466
			1168	465
			1168	464
			1169	463
			1170	463
			1171	462
			1171	461
			1172	461
			1173	460
			1174	459
			1174	458
			1175	458
			1176	457
			1177	456
			1178	455
			1179	454
			1180	453
			1181	452
			1182	452
			1183	451
			1184	450
			1184	449
			1185	448
			1186	448
			1187	447
			1188	446
			1189	445
			1190	444
			1191	444
			1192	443
			1193	442
			1194	441
			1195	440
			1196	440
			1197	439
			1198	438
			1199	437
			1200	437
			1201	436
			1202	436
			1203	435
			1204	435
			1205	434
			1206	434
			1207	433
			1208	433
			1209	432
			1210	432
			1211	431
			1212	431
			1213	430
			1214	430
			1215	429
			1216	429
			1217	428
			1218	428
			1219	427
			1220	427
			1221	426
			1222	426
			1223	425
			1224	425
			1225	424
			1226	424
			1227	423
			1228	423
			1229	422
			1230	422
			1231	421
			1232	421
			1233	421
			1233	420
			1234	420
			1235	419
			1236	419
			1237	418
			1238	418
			1239	417
			1240	417
			1241	416
			1242	416
			1243	416
			1244	415
			1245	415
			1246	414
			1247	414
			1248	413
			1249	413
			1250	413
			1251	412
			1252	412
			1253	411
			1254	411
			1255	410
			1256	410
			1257	410
			1258	409
			1259	409
			1259	408
			1260	408
			1261	408
			1262	407
			1263	407
			1264	406
			1265	406
			1266	406
			1267	405
			1268	405
			1269	404
			1270	404
			1271	404
			1272	403
			1273	403
			1274	403
			1275	402
			1276	402
			1277	401
			1278	401
			1279	401
			1279	400
			1280	400
			1281	400
			1282	399
			1283	399
			1284	399
			1285	398
			1286	398
			1287	398
			1288	397
			1289	397
			1290	397
			1291	396
			1292	396
			1293	396
			1294	395
			1295	395
			1296	395
			1296	394
			1297	394
			1298	394
			1299	393
			1300	393
			1301	393
			1302	392
			1303	392
			1304	392
			1305	391
			1306	391
			1307	391
			1308	390
			1309	390
			1310	390
			1311	389
			1312	389
			1313	389
			1314	388
			1315	388
			1316	388
			1317	387
			1318	387
			1319	387
			1320	387
			1321	386
			1322	386
			1323	386
			1324	385
			1325	385
			1326	385
			1327	385
			1328	384
			1329	384
			1330	384
			1331	384
			1332	383
			1333	383
			1334	383
			1335	383
			1336	382
			1337	382
			1338	382
			1339	381
			1340	381
			1341	381
			1342	381
			1343	380
			1344	380
			1345	380
			1346	380
			1347	379
			1348	379
			1349	379
			1350	379
			1351	378
			1352	378
			1353	378
			1354	378
			1355	378
			1356	377
			1357	377
			1358	377
			1359	377
			1360	377
			1361	376
			1362	376
			1363	376
			1364	376
			1365	376
			1366	375
			1367	375
			1368	375
			1369	375
			1370	375
			1371	374
			1372	374
			1373	374
			1374	374
			1375	374
			1376	374
			1376	373
			1377	373
			1378	373
			1379	373
			1380	373
			1381	373
			1382	373
			1383	372
			1384	372
			1385	372
			1386	372
			1387	372
			1388	372
			1389	371
			1390	371
			1391	371
			1392	371
			1393	371
			1394	371
			1395	371
			1396	371
			1397	370
			1398	370
			1399	370
			1400	370
			1401	370
			1402	370
			1403	370
			1404	370
			1405	370
			1406	370
			1407	369
			1408	369
			1409	369
			1410	369
			1411	369
			1412	369
			1413	369
			1414	369
			1415	369
			1416	369
			1417	369
			1418	369
			1419	369
			1420	368
			1421	368
			1422	368
			1423	368
			1424	368
			1425	368
			1426	368
			1427	368
			1428	368
			1429	368
			1430	368
			1431	368
			1432	368
			1433	368
			1434	368
			1435	368
			1436	368
			1437	368
			1438	368
			1439	368
			1440	368
			1441	368
			1442	368
			1443	368
			1444	368
			1445	368
			1446	368
			1447	368
			1448	368
			1449	368
			1450	368
			1451	368
			1452	368
			1453	368
			1454	368
			1455	368
			1456	368
			1457	368
			1458	368
			1459	368
			1460	368
			1461	368
			1462	368
			1463	368
			1464	368
			1465	368
			1466	368
			1467	369
			1468	369
			1469	369
			1470	369
			1471	369
			1472	369
			1473	369
			1474	369
			1475	369
			1476	369
			1477	369
			1478	369
			1479	370
			1480	370
			1481	370
			1482	370
			1483	370
			1484	370
			1485	370
			1486	370
			1487	370
			1488	371
			1489	371
			1490	371
			1491	371
			1492	371
			1493	371
			1494	371
			1495	371
			1496	372
			1497	372
			1498	372
			1499	372
			1500	372
			1501	373
			1502	373
			1503	373
			1504	373
			1505	373
			1506	373
			1507	374
			1508	374
			1509	374
			1510	374
			1511	374
			1512	375
			1513	375
			1514	375
			1515	375
			1516	375
			1517	376
			1518	376
			1519	376
			1520	376
			1521	376
			1522	377
			1523	377
			1524	377
			1525	377
			1526	378
			1527	378
			1528	378
			1529	378
			1530	379
			1531	379
			1532	379
			1533	379
			1534	380
			1535	380
			1536	380
			1537	380
			1538	381
			1539	381
			1540	381
			1541	381
			1541	382
			1542	382
			1543	382
			1544	383
			1545	383
			1546	383
			1547	383
			1548	384
			1549	384
			1550	384
			1551	385
			1552	385
			1553	385
			1554	386
			1555	386
			1556	386
			1557	387
			1558	387
			1559	387
			1560	388
			1561	388
			1562	388
			1563	389
			1564	389
			1565	389
			1566	390
			1567	390
			1568	391
			1569	391
			1570	391
			1571	392
			1572	392
			1573	392
			1573	393
			1574	393
			1575	393
			1576	394
			1577	394
			1578	394
			1578	395
			1579	395
			1580	395
			1581	396
			1582	396
			1582	397
			1583	397
			1584	397
			1585	398
			1586	398
			1587	399
			1588	399
			1589	400
			1590	400
			1591	400
			1592	401
			1593	401
			1594	402
			1595	402
			1596	403
			1597	403
			1598	404
			1599	404
			1600	405
			1601	405
			1602	406
			1603	406
			1604	407
			1605	407
			1606	408
			1607	408
			1608	409
			1609	410
			1610	410
			1611	410
			1612	411
			1613	411
			1614	412
			1615	412
			1616	413
			1617	413
			1618	414
			1619	414
			1620	414
			1621	415
			1622	415
			1623	416
			1624	416
			1625	416
			1626	417
			1627	417
			1628	418
			1629	418
			1630	418
			1631	419
			1632	420
			1633	420
			1634	420
			1635	421
			1636	421
			1637	422
			1638	422
			1639	423
			1640	423
			1641	423
			1641	424
			1642	424
			1643	425
			1644	425
			1645	425
			1645	426
			1646	426
			1647	427
			1648	427
			1649	428
			1650	428
			1651	429
			1652	429
			1653	430
			1654	430
			1655	431
			1656	431
			1656	432
			1657	432
			1658	433
			1659	433
			1660	434
			1661	434
			1662	435
			1663	435
			1664	436
			1665	436
			1665	437
			1666	437
			1667	438
			1668	438
			1669	439
			1670	439
			1671	440
			1672	440
			1672	441
			1673	441
			1674	442
			1675	442
			1676	443
			1677	443
			1678	444
			1679	445
			1680	446
			1681	446
			1682	447
			1683	448
			1684	448
			1685	449
			1686	450
			1687	450
			1688	451
			1689	452
			1690	452
			1691	453
			1692	454
			1693	455
			1694	455
			1695	456
			1696	457
			1697	457
			1698	458
			1699	459
			1700	460
			1701	460
			1702	461
			1703	462
			1704	462
			1705	463
			1706	464
			1707	465
			1708	465
			1709	466
			1709	467
			1710	468
			1711	468
			1712	469
			1713	470
			1714	471
			1715	472
			1716	472
			1717	473
			1718	474
			1719	475
			1720	476
			1721	477
			1722	478
			1723	479
			1724	479
			1724	480
			1725	481
			1726	481
			1726	482
			1727	482
			1728	483
			1729	484
			1730	485
			1731	486
			1732	487
			1733	488
			1733	489
			1734	489
			1735	490
			1736	491
			1736	492
			1737	492
			1738	493
			1738	494
			1739	495
			1740	495
			1741	496
			1741	497
			1742	498
			1743	498
			1743	499
			1744	500
			1745	501
			1746	502
			1747	503
			1748	504
			1749	505
			1749	506
			1750	507
			1751	508
			1752	509
			1753	510
			1753	511
			1754	512
			1755	513
			1756	514
			1757	515
			1757	516
			1758	517
			1759	518
			1760	519
			1760	520
			1761	521
			1762	522
			1763	523
			1763	524
			1764	525
			1765	526
			1766	527
			1766	528
			1767	529
			1768	530
			1769	531
			1769	532
			1770	533
			1771	534
			1772	535
			1772	536
			1773	537
			1774	538
			1774	539
			1775	540
			1776	541
			1776	542
			1777	543
			1778	544
			1778	545
			1779	546
			1779	547
			1780	547
			1780	548
			1781	549
			1781	550
			1782	551
			1783	552
			1783	553
			1784	554
			1784	555
			1785	556
			1786	557
			1786	558
			1787	559
			1787	560
			1788	561
			1788	562
			1789	563
			1789	564
			1790	565
			1790	566
			1791	567
			1792	568
			1792	569
			1793	570
			1793	571
			1794	572
			1794	573
			1795	574
			1795	575
			1796	576
			1796	577
			1797	578
			1797	579
			1798	580
			1798	581
			1799	582
			1799	583
			1800	584
			1800	585
			1801	586
			1801	587
			1802	588
			1802	589
			1803	590
			1803	591
			1804	592
			1804	593
			1804	594
			1805	595
			1805	596
			1806	597
			1806	598
			1806	599
			1807	599
			1807	600
			1807	601
			1808	602
			1808	603
			1808	604
			1809	605
			1809	606
			1810	607
			1810	608
			1810	609
			1811	610
			1811	611
			1812	612
			1812	613
			1812	614
			1813	614
			1813	615
			1813	616
			1814	617
			1814	618
			1814	619
			1815	620
			1815	621
			1815	622
			1816	623
			1816	624
			1817	625
			1817	626
			1817	627
			1818	628
			1818	629
			1818	630
			1819	631
			1819	632
			1819	633
			1820	634
			1820	635
			1820	636
			1821	637
			1821	638
			1821	639
			1821	640
			1822	641
			1822	642
			1822	643
			1823	644
			1823	645
			1823	646
			1824	647
			1824	648
			1824	649
			1825	650
			1825	651
			1825	652
			1825	653
			1826	654
			1826	655
			1826	656
			1826	657
			1827	657
			1827	658
			1827	659
			1827	660
			1828	661
			1828	662
			1828	663
			1828	664
			1828	665
			1829	665
			1829	666
			1829	667
			1829	668
			1830	669
			1830	670
			1830	671
			1830	672
			1831	673
			1831	674
			1831	675
			1831	676
			1831	677
			1832	678
			1832	679
			1832	680
			1832	681
			1833	681
			1833	682
			1833	683
			1833	684
			1833	685
			1833	686
			1834	687
			1834	688
			1834	689
			1834	690
			1835	691
			1835	692
			1835	693
			1835	694
			1835	695
			1835	696
			1835	697
			1835	698
			1835	699
			1835	700
			1835	701
			1835	702
			1834	703
			1834	704
			1834	705
			1834	706
			1834	707
			1834	708
			1834	709
			1834	710
			1834	711
			1834	712
			1834	713
			1834	714
			1834	715
			1834	716
			1834	717
			1833	718
			1833	719
			1833	720
			1833	721
			1833	722
			1833	723
			1833	724
			1833	725
			1833	726
			1833	727
			1833	728
			1832	729
			1832	730
			1832	731
			1832	732
			1832	733
			1832	734
			1832	735
			1832	736
			1832	737
			1831	738
			1831	739
			1831	740
			1831	741
			1831	742
			1831	743
			1831	744
			1831	745
			1831	746
			1830	747
			1830	748
			1830	749
			1830	750
			1830	751
			1830	752
			1830	753
			1829	754
			1829	755
			1829	756
			1829	757
			1829	758
			1829	759
			1829	760
			1828	761
			1828	762
			1828	763
			1828	764
			1828	765
			1828	766
			1827	767
			1827	768
			1827	769
			1827	770
			1827	771
			1827	772
			1826	773
			1826	774
			1826	775
			1826	776
			1826	777
			1825	778
			1825	779
			1825	780
			1825	781
			1825	782
			1825	783
			1824	783
			1824	784
			1824	785
			1824	786
			1824	787
			1823	788
			1823	789
			1823	790
			1823	791
			1823	792
			1822	793
			1822	794
			1822	795
			1822	796
			1822	797
			1821	798
			1821	799
			1821	800
			1820	801
			1820	802
			1820	803
			1820	804
			1820	805
			1819	806
			1819	807
			1819	808
			1819	809
			1818	810
			1818	811
			1818	812
			1818	813
			1817	814
			1817	815
			1817	816
			1817	817
			1816	818
			1816	819
			1815	820
			1815	821
			1815	822
			1815	823
			1814	824
			1814	825
			1814	826
			1814	827
			1813	828
			1813	829
			1813	830
			1812	831
			1812	832
			1812	833
			1811	834
			1811	835
			1811	836
			1811	837
			1810	838
			1810	839
			1810	840
			1809	841
			1809	842
			1808	843
			1808	844
			1808	845
			1807	846
			1807	847
			1807	848
			1806	849
			1806	850
			1806	851
			1805	852
			1805	853
			1805	854
			1804	855
			1804	856
			1803	857
			1803	858
			1803	859
			1802	860
			1802	861
			1802	862
			1801	863
			1801	864
			1801	865
			1800	865
			1800	866
			1799	867
			1799	868
			1799	869
			1798	870
			1798	871
			1798	872
			1797	873
			1797	874
			1796	875
			1796	876
			1796	877
			1795	877
			1795	878
			1794	879
			1794	880
			1794	881
			1793	882
			1793	883
			1792	884
			1792	885
			1791	886
			1791	887
			1790	888
			1790	889
			1790	890
			1789	890
			1789	891
			1789	892
			1788	892
			1788	893
			1788	894
			1787	894
			1787	895
			1786	896
			1786	897
			1785	898
			1785	899
			1785	900
			1784	900
			1784	901
			1783	902
			1783	903
			1782	904
			1782	905
			1781	906
			1781	907
			1780	908
			1780	909
			1779	910
			1778	911
			1778	912
			1777	913
			1777	914
			1776	915
			1776	916
			1775	917
			1775	918
			1774	919
			1774	920
			1773	920
			1773	921
			1772	922
			1772	923
			1771	923
			1771	924
			1771	925
			1770	926
			1769	927
			1769	928
			1768	929
			1768	930
			1767	931
			1766	931
			1766	932
			1765	933
			1765	934
			1764	935
			1764	936
			1763	937
			1762	938
			1762	939
			1761	939
			1761	940
			1760	941
			1760	942
			1759	943
			1758	944
			1758	945
			1757	945
			1757	946
			1756	947
			1755	948
			1755	949
			1754	950
			1754	951
			1753	951
			1752	952
			1752	953
			1751	954
			1750	955
			1750	956
			1749	956
			1749	957
			1748	958
			1747	959
			1747	960
			1746	961
			1745	961
			1745	962
			1744	963
			1743	964
			1743	965
			1742	966
			1741	966
			1741	967
			1740	968
			1740	969
			1739	970
			1738	970
			1738	971
			1737	972
			1736	973
			1736	974
			1735	974
			1734	975
			1733	976
			1733	977
			1732	978
			1731	978
			1731	979
			1730	980
			1729	981
			1729	982
			1728	982
			1727	983
			1727	984
			1726	985
			1725	985
			1724	986
			1724	987
			1723	988
			1722	989
			1721	990
			1720	991
			1719	992
			1718	993
		</Eye>
	</curves.pixel>
	<ruler.points type=matrix rownames=TRUE colnames=FALSE nrow=2 ncol=2 as.numeric=TRUE >
		Ruler point 1	2	1894
		Ruler point 2	104	1894
	</ruler.points>
</shapes>

