<shapes type=list>
	<scaling.units type=vector names=FALSE length=1 as.numeric=FALSE >um</scaling.units>
	<scaling type=logical names=FALSE length=1 as.numeric=FALSE >NA</scaling>
	<landmarks.pixel type=matrix rownames=TRUE colnames=FALSE nrow=11 ncol=2 as.numeric=TRUE >
		LM1Forehead	1736	221
		LM2UJFront	2196	1413
		LM3UJBack	1606	1530
		LM4LacOrb	1693	939
		LM5QJoint	1574	1592
		LM6IOPL	1551	1722
		LM7IOPSOP	384	1692
		LM8A2A1	799	1147
		LM9A1A3	747	681
		LM10TopMuscR	620	527
		LM11TopMuscL	157	446
	</landmarks.pixel>
	<curves.control type=list>
		<Profile type=matrix rownames=FALSE colnames=FALSE nrow=7 ncol=2 as.numeric=TRUE >
			1736	221
			2000	442
			2209	702
			2530	1170
			2443	1326
			2278	1565
			2196	1413
		</Profile>
		<Eye type=matrix rownames=FALSE colnames=FALSE nrow=13 ncol=2 as.numeric=TRUE >
			1693	939
			1470	1102
			1238	1038
			1002	967
			959	739
			907	456
			1114	304
			1366	165
			1586	312
			1769	424
			1765	679
			1781	811
			1693	939
		</Eye>
	</curves.control>
	<curves.pixel type=list>
		<Profile type=matrix rownames=FALSE colnames=FALSE nrow=1497 ncol=2 as.numeric=TRUE >
			1736	221
			1737	222
			1738	223
			1739	223
			1740	224
			1741	225
			1742	226
			1743	226
			1743	227
			1744	228
			1745	229
			1746	230
			1747	230
			1748	231
			1749	232
			1750	233
			1751	234
			1752	234
			1753	235
			1754	236
			1755	237
			1756	237
			1756	238
			1757	239
			1758	240
			1759	241
			1760	241
			1761	242
			1762	243
			1763	244
			1764	245
			1765	245
			1766	246
			1767	247
			1768	248
			1769	249
			1770	250
			1771	251
			1772	251
			1772	252
			1773	252
			1774	253
			1774	254
			1775	254
			1776	255
			1777	256
			1778	257
			1779	258
			1780	258
			1781	259
			1782	260
			1783	261
			1784	262
			1785	263
			1786	264
			1787	264
			1788	265
			1789	266
			1790	267
			1791	268
			1792	269
			1793	269
			1794	270
			1795	271
			1795	272
			1796	273
			1797	274
			1798	274
			1799	275
			1800	276
			1801	277
			1802	278
			1803	278
			1804	279
			1805	280
			1806	281
			1807	282
			1808	283
			1809	283
			1810	284
			1811	285
			1811	286
			1812	287
			1813	288
			1814	288
			1815	289
			1816	290
			1817	291
			1818	292
			1819	293
			1820	293
			1821	294
			1822	295
			1823	296
			1824	297
			1825	298
			1826	299
			1827	300
			1828	300
			1828	301
			1829	302
			1830	302
			1830	303
			1831	303
			1832	304
			1832	305
			1833	305
			1834	306
			1835	307
			1836	308
			1837	309
			1838	310
			1839	310
			1840	311
			1840	312
			1841	313
			1842	313
			1843	314
			1844	315
			1844	316
			1845	316
			1846	317
			1847	318
			1848	318
			1848	319
			1849	320
			1850	321
			1851	321
			1852	322
			1852	323
			1853	324
			1854	324
			1855	325
			1856	326
			1857	327
			1858	328
			1859	329
			1860	330
			1861	331
			1862	332
			1863	332
			1864	333
			1865	334
			1866	335
			1867	336
			1868	337
			1869	338
			1870	339
			1871	339
			1871	340
			1872	341
			1873	342
			1874	343
			1875	344
			1876	345
			1877	346
			1878	346
			1879	347
			1880	348
			1881	349
			1882	350
			1883	351
			1884	352
			1885	353
			1886	354
			1887	354
			1888	355
			1888	356
			1889	357
			1890	358
			1891	359
			1892	360
			1893	361
			1894	361
			1895	362
			1896	363
			1897	364
			1898	365
			1899	366
			1900	367
			1901	368
			1902	369
			1903	369
			1903	370
			1904	371
			1905	372
			1906	373
			1907	374
			1908	375
			1909	376
			1910	377
			1911	377
			1912	378
			1913	379
			1914	380
			1915	381
			1916	382
			1916	383
			1917	384
			1918	385
			1919	385
			1920	386
			1921	387
			1922	388
			1923	389
			1924	390
			1925	391
			1926	392
			1927	393
			1928	394
			1929	394
			1929	395
			1930	396
			1931	397
			1932	398
			1933	399
			1934	400
			1935	401
			1936	402
			1937	402
			1938	403
			1939	404
			1940	405
			1940	406
			1941	407
			1942	408
			1943	409
			1944	410
			1945	411
			1946	411
			1947	412
			1948	413
			1949	414
			1950	415
			1951	416
			1951	417
			1952	418
			1953	419
			1954	420
			1955	421
			1956	421
			1957	422
			1958	423
			1959	424
			1960	425
			1961	426
			1962	427
			1962	428
			1963	429
			1964	430
			1965	430
			1966	431
			1967	432
			1968	433
			1969	434
			1970	435
			1971	436
			1971	437
			1972	438
			1973	439
			1974	440
			1975	440
			1976	441
			1977	442
			1978	443
			1979	444
			1980	445
			1981	446
			1981	447
			1982	448
			1983	449
			1984	450
			1985	450
			1986	451
			1987	452
			1988	453
			1989	454
			1989	455
			1990	456
			1991	457
			1992	458
			1993	459
			1994	460
			1995	461
			1996	461
			1997	462
			1998	463
			1998	464
			1999	465
			2000	466
			2001	467
			2002	468
			2003	469
			2004	470
			2005	471
			2006	472
			2007	473
			2008	474
			2009	475
			2010	476
			2011	477
			2012	478
			2013	479
			2013	480
			2014	481
			2015	481
			2016	482
			2017	483
			2017	484
			2018	485
			2019	485
			2020	486
			2020	487
			2021	488
			2022	489
			2023	489
			2023	490
			2024	491
			2025	492
			2026	493
			2027	494
			2028	495
			2029	496
			2030	497
			2031	498
			2032	499
			2033	500
			2034	501
			2035	502
			2035	503
			2036	504
			2037	505
			2038	506
			2039	507
			2040	508
			2041	509
			2042	510
			2043	511
			2044	511
			2044	512
			2045	513
			2046	514
			2047	515
			2048	516
			2049	517
			2050	518
			2051	519
			2052	520
			2053	521
			2053	522
			2054	523
			2055	524
			2056	525
			2057	526
			2058	527
			2059	528
			2060	529
			2061	530
			2062	531
			2062	532
			2063	533
			2064	534
			2065	535
			2066	536
			2067	537
			2068	538
			2069	539
			2070	540
			2071	541
			2071	542
			2072	543
			2073	544
			2074	544
			2075	545
			2076	546
			2077	547
			2078	548
			2079	549
			2079	550
			2080	551
			2081	552
			2082	553
			2083	554
			2084	555
			2085	556
			2086	557
			2087	558
			2087	559
			2088	560
			2089	561
			2090	562
			2091	563
			2092	564
			2093	565
			2094	566
			2094	567
			2095	568
			2096	569
			2097	570
			2098	571
			2099	572
			2100	573
			2101	574
			2101	575
			2102	576
			2103	577
			2104	578
			2105	579
			2106	580
			2107	581
			2108	582
			2108	583
			2109	584
			2110	585
			2111	586
			2112	587
			2113	588
			2114	589
			2115	590
			2115	591
			2116	592
			2117	593
			2118	594
			2119	595
			2120	596
			2121	597
			2122	598
			2122	599
			2123	600
			2124	601
			2125	602
			2126	603
			2127	604
			2128	605
			2128	606
			2129	607
			2130	608
			2131	609
			2132	610
			2133	611
			2134	612
			2134	613
			2135	614
			2136	615
			2137	616
			2138	617
			2139	618
			2140	619
			2141	620
			2141	621
			2142	622
			2143	623
			2144	624
			2145	625
			2146	626
			2146	627
			2147	628
			2148	629
			2149	630
			2150	631
			2151	632
			2152	633
			2152	634
			2153	635
			2154	636
			2155	637
			2156	638
			2157	639
			2158	640
			2158	641
			2159	642
			2160	643
			2161	644
			2162	645
			2163	646
			2164	647
			2164	648
			2165	649
			2166	650
			2167	651
			2168	652
			2169	653
			2169	654
			2170	655
			2171	656
			2172	657
			2173	658
			2174	659
			2174	660
			2175	661
			2176	662
			2177	663
			2178	664
			2179	665
			2180	666
			2180	667
			2181	668
			2182	669
			2183	670
			2184	671
			2185	672
			2185	673
			2186	674
			2187	675
			2188	676
			2189	677
			2190	678
			2190	679
			2191	680
			2192	681
			2193	682
			2194	683
			2195	684
			2195	685
			2196	686
			2197	687
			2198	688
			2199	689
			2200	690
			2200	691
			2201	692
			2202	693
			2203	694
			2204	695
			2204	696
			2205	697
			2206	698
			2207	699
			2208	700
			2209	701
			2209	702
			2210	703
			2211	704
			2211	705
			2212	706
			2212	707
			2213	707
			2213	708
			2214	709
			2215	710
			2215	711
			2216	712
			2217	713
			2217	714
			2218	715
			2219	716
			2219	717
			2220	718
			2221	719
			2221	720
			2222	721
			2223	722
			2223	723
			2224	724
			2224	725
			2225	726
			2226	727
			2227	728
			2227	729
			2228	730
			2229	731
			2230	732
			2230	733
			2231	734
			2231	735
			2232	736
			2233	737
			2234	738
			2234	739
			2235	740
			2235	741
			2236	742
			2237	743
			2237	744
			2238	745
			2239	746
			2239	747
			2240	748
			2241	749
			2241	750
			2242	751
			2243	752
			2243	753
			2244	754
			2244	755
			2245	755
			2246	756
			2246	757
			2247	758
			2248	759
			2248	760
			2249	761
			2249	762
			2250	763
			2251	764
			2251	765
			2252	766
			2253	767
			2253	768
			2254	769
			2254	770
			2255	771
			2256	772
			2256	773
			2257	773
			2257	774
			2258	775
			2259	776
			2259	777
			2260	778
			2260	779
			2261	780
			2262	781
			2262	782
			2263	783
			2263	784
			2264	785
			2265	786
			2265	787
			2266	787
			2266	788
			2267	789
			2268	790
			2268	791
			2269	792
			2269	793
			2270	794
			2271	795
			2271	796
			2272	797
			2272	798
			2273	799
			2274	799
			2274	800
			2275	801
			2275	802
			2276	803
			2277	804
			2277	805
			2278	806
			2278	807
			2279	808
			2279	809
			2280	810
			2281	810
			2281	811
			2282	812
			2282	813
			2283	814
			2283	815
			2284	816
			2285	817
			2285	818
			2286	819
			2286	820
			2287	820
			2287	821
			2288	822
			2289	823
			2289	824
			2290	825
			2290	826
			2291	827
			2291	828
			2292	829
			2293	830
			2294	831
			2294	832
			2295	833
			2295	834
			2296	834
			2296	835
			2296	836
			2297	836
			2297	837
			2297	838
			2298	838
			2298	839
			2299	840
			2299	841
			2300	842
			2301	843
			2301	844
			2302	845
			2302	846
			2303	846
			2303	847
			2304	848
			2304	849
			2305	849
			2305	850
			2306	851
			2306	852
			2307	852
			2307	853
			2308	854
			2308	855
			2308	856
			2309	856
			2309	857
			2310	858
			2310	859
			2311	859
			2311	860
			2312	861
			2312	862
			2313	862
			2313	863
			2313	864
			2314	865
			2315	866
			2315	867
			2316	868
			2316	869
			2317	870
			2317	871
			2318	871
			2318	872
			2319	873
			2320	874
			2320	875
			2321	876
			2321	877
			2322	878
			2322	879
			2323	879
			2323	880
			2324	881
			2324	882
			2325	883
			2325	884
			2326	885
			2326	886
			2327	887
			2328	888
			2328	889
			2329	890
			2330	891
			2330	892
			2330	893
			2331	893
			2331	894
			2332	895
			2332	896
			2333	897
			2334	898
			2334	899
			2335	900
			2335	901
			2336	902
			2336	903
			2337	904
			2337	905
			2338	906
			2338	907
			2339	908
			2340	909
			2341	910
			2341	911
			2342	912
			2342	913
			2343	914
			2343	915
			2344	916
			2344	917
			2345	918
			2345	919
			2346	920
			2347	921
			2347	922
			2348	923
			2348	924
			2349	925
			2349	926
			2350	926
			2350	927
			2351	928
			2351	929
			2352	930
			2352	931
			2353	932
			2353	933
			2354	934
			2354	935
			2355	936
			2356	937
			2356	938
			2357	939
			2357	940
			2357	941
			2358	941
			2358	942
			2358	943
			2359	943
			2359	944
			2359	945
			2360	945
			2360	946
			2361	947
			2361	948
			2362	949
			2363	950
			2363	951
			2363	952
			2364	953
			2365	954
			2365	955
			2366	956
			2366	957
			2367	958
			2367	959
			2368	960
			2368	961
			2368	962
			2369	962
			2369	963
			2370	964
			2370	965
			2371	966
			2371	967
			2372	968
			2372	969
			2373	970
			2373	971
			2374	971
			2374	972
			2375	973
			2375	974
			2375	975
			2376	976
			2376	977
			2377	978
			2377	979
			2378	980
			2379	981
			2379	982
			2380	983
			2380	984
			2381	985
			2381	986
			2382	987
			2382	988
			2383	989
			2383	990
			2383	991
			2384	991
			2384	992
			2384	993
			2385	994
			2386	995
			2386	996
			2386	997
			2387	998
			2387	999
			2388	1000
			2388	1001
			2389	1001
			2389	1002
			2390	1003
			2390	1004
			2390	1005
			2391	1006
			2391	1007
			2392	1008
			2392	1009
			2393	1009
			2393	1010
			2393	1011
			2394	1012
			2394	1013
			2395	1014
			2395	1015
			2395	1016
			2396	1017
			2397	1018
			2397	1019
			2398	1020
			2398	1021
			2399	1022
			2399	1023
			2399	1024
			2400	1025
			2400	1026
			2401	1027
			2401	1028
			2402	1029
			2402	1030
			2403	1031
			2403	1032
			2403	1033
			2404	1033
			2404	1034
			2405	1035
			2405	1036
			2405	1037
			2406	1038
			2406	1039
			2407	1040
			2407	1041
			2408	1042
			2408	1043
			2409	1044
			2409	1045
			2409	1046
			2410	1047
			2410	1048
			2411	1049
			2411	1050
			2411	1051
			2412	1051
			2412	1052
			2412	1053
			2413	1054
			2413	1055
			2414	1056
			2414	1057
			2414	1058
			2415	1059
			2415	1060
			2416	1061
			2416	1062
			2417	1063
			2417	1064
			2417	1065
			2418	1065
			2418	1066
			2418	1067
			2419	1068
			2419	1069
			2420	1070
			2420	1071
			2420	1072
			2421	1073
			2421	1074
			2421	1075
			2422	1076
			2422	1077
			2422	1078
			2423	1079
			2423	1080
			2424	1080
			2424	1081
			2424	1082
			2425	1083
			2425	1084
			2425	1085
			2426	1086
			2426	1087
			2426	1088
			2427	1088
			2427	1089
			2427	1090
			2428	1091
			2428	1092
			2428	1093
			2429	1094
			2429	1095
			2429	1096
			2430	1096
			2430	1097
			2430	1098
			2431	1099
			2431	1100
			2431	1101
			2432	1102
			2432	1103
			2433	1104
			2433	1105
			2433	1106
			2434	1107
			2434	1108
			2434	1109
			2434	1110
			2435	1111
			2435	1112
			2436	1113
			2436	1114
			2436	1115
			2437	1116
			2437	1117
			2437	1118
			2437	1119
			2438	1120
			2438	1121
			2439	1122
			2439	1123
			2439	1124
			2440	1125
			2440	1126
			2440	1127
			2440	1128
			2441	1129
			2441	1130
			2441	1131
			2442	1132
			2442	1133
			2442	1134
			2443	1135
			2443	1136
			2443	1137
			2443	1138
			2444	1139
			2444	1140
			2445	1141
			2445	1142
			2445	1143
			2445	1144
			2446	1145
			2446	1146
			2446	1147
			2446	1148
			2447	1149
			2447	1150
			2447	1151
			2447	1152
			2448	1153
			2448	1154
			2448	1155
			2449	1156
			2449	1157
			2449	1158
			2449	1159
			2450	1160
			2450	1161
			2450	1162
			2450	1163
			2451	1164
			2451	1165
			2451	1166
			2451	1167
			2452	1168
			2452	1169
			2452	1170
			2452	1171
			2452	1172
			2453	1173
			2453	1174
			2453	1175
			2453	1176
			2454	1177
			2454	1178
			2454	1179
			2454	1180
			2454	1181
			2455	1182
			2455	1183
			2455	1184
			2455	1185
			2455	1186
			2456	1187
			2456	1188
			2456	1189
			2456	1190
			2456	1191
			2456	1192
			2457	1192
			2457	1193
			2457	1194
			2457	1195
			2457	1196
			2457	1197
			2457	1198
			2458	1199
			2458	1200
			2458	1201
			2458	1202
			2458	1203
			2458	1204
			2459	1205
			2459	1206
			2459	1207
			2459	1208
			2459	1209
			2459	1210
			2459	1211
			2460	1212
			2460	1213
			2460	1214
			2460	1215
			2460	1216
			2460	1217
			2460	1218
			2460	1219
			2460	1220
			2460	1221
			2461	1222
			2461	1223
			2461	1224
			2461	1225
			2461	1226
			2461	1227
			2461	1228
			2461	1229
			2461	1230
			2461	1231
			2461	1232
			2461	1233
			2461	1234
			2461	1235
			2461	1236
			2461	1237
			2461	1238
			2461	1239
			2461	1240
			2462	1241
			2462	1242
			2462	1243
			2462	1244
			2462	1245
			2462	1246
			2462	1247
			2462	1248
			2462	1249
			2462	1250
			2461	1251
			2461	1252
			2461	1253
			2461	1254
			2461	1255
			2461	1256
			2461	1257
			2461	1258
			2461	1259
			2461	1260
			2461	1261
			2461	1262
			2461	1263
			2461	1264
			2461	1265
			2461	1266
			2461	1267
			2460	1268
			2460	1269
			2460	1270
			2460	1271
			2460	1272
			2460	1273
			2460	1274
			2460	1275
			2459	1275
			2459	1276
			2459	1277
			2459	1278
			2459	1279
			2459	1280
			2459	1281
			2458	1282
			2458	1283
			2458	1284
			2458	1285
			2458	1286
			2457	1287
			2457	1288
			2457	1289
			2457	1290
			2456	1291
			2456	1292
			2456	1293
			2456	1294
			2455	1295
			2455	1296
			2455	1297
			2455	1298
			2454	1299
			2454	1300
			2454	1301
			2453	1302
			2453	1303
			2453	1304
			2452	1305
			2452	1306
			2452	1307
			2451	1308
			2451	1309
			2451	1310
			2450	1311
			2450	1312
			2449	1313
			2449	1314
			2448	1315
			2448	1316
			2447	1317
			2447	1318
			2447	1319
			2446	1319
			2446	1320
			2446	1321
			2445	1321
			2445	1322
			2445	1323
			2444	1324
			2444	1325
			2443	1326
			2442	1327
			2442	1328
			2441	1328
			2441	1329
			2440	1330
			2439	1331
			2439	1332
			2438	1333
			2437	1334
			2437	1335
			2436	1336
			2435	1337
			2435	1338
			2434	1339
			2433	1340
			2433	1341
			2432	1342
			2431	1343
			2431	1344
			2430	1344
			2429	1345
			2429	1346
			2428	1347
			2427	1348
			2427	1349
			2426	1350
			2425	1351
			2425	1352
			2424	1352
			2423	1353
			2423	1354
			2422	1355
			2422	1356
			2421	1357
			2420	1358
			2420	1359
			2419	1359
			2418	1360
			2418	1361
			2417	1362
			2416	1363
			2416	1364
			2415	1364
			2414	1365
			2414	1366
			2413	1367
			2413	1368
			2412	1369
			2411	1369
			2411	1370
			2410	1371
			2409	1372
			2409	1373
			2408	1373
			2407	1374
			2407	1375
			2406	1376
			2406	1377
			2405	1377
			2404	1378
			2404	1379
			2403	1380
			2402	1380
			2402	1381
			2401	1382
			2401	1383
			2400	1383
			2399	1384
			2399	1385
			2398	1386
			2397	1386
			2397	1387
			2396	1388
			2396	1389
			2395	1389
			2394	1390
			2394	1391
			2393	1392
			2392	1392
			2392	1393
			2391	1394
			2390	1395
			2389	1396
			2389	1397
			2388	1398
			2387	1398
			2386	1399
			2386	1400
			2385	1401
			2384	1402
			2383	1403
			2382	1404
			2381	1405
			2380	1406
			2379	1407
			2379	1408
			2378	1409
			2377	1410
			2376	1411
			2375	1412
			2374	1412
			2373	1413
			2373	1414
			2372	1415
			2371	1416
			2370	1417
			2369	1418
			2368	1419
			2367	1419
			2367	1420
			2366	1421
			2365	1422
			2364	1423
			2363	1423
			2362	1424
			2362	1425
			2361	1426
			2360	1427
			2359	1427
			2358	1428
			2357	1429
			2357	1430
			2356	1430
			2355	1431
			2354	1432
			2353	1433
			2352	1433
			2352	1434
			2351	1435
			2350	1436
			2349	1436
			2348	1437
			2348	1438
			2347	1438
			2346	1439
			2345	1440
			2344	1440
			2343	1441
			2343	1442
			2342	1442
			2341	1443
			2340	1443
			2339	1444
			2339	1445
			2338	1445
			2337	1446
			2336	1446
			2336	1447
			2335	1448
			2334	1448
			2333	1449
			2332	1449
			2332	1450
			2331	1450
			2330	1451
			2329	1451
			2328	1452
			2327	1453
			2326	1454
			2325	1454
			2324	1455
			2323	1455
			2322	1456
			2321	1456
			2320	1457
			2320	1458
			2319	1458
			2318	1459
			2317	1459
			2316	1460
			2315	1460
			2314	1461
			2313	1461
			2312	1461
			2311	1462
			2310	1463
			2309	1463
			2308	1464
			2307	1464
			2306	1464
			2305	1465
			2304	1465
			2303	1466
			2302	1466
			2301	1466
			2300	1467
			2299	1467
			2298	1467
			2297	1468
			2296	1468
			2295	1469
			2294	1469
			2293	1469
			2292	1469
			2291	1470
			2290	1470
			2289	1470
			2288	1470
			2287	1471
			2286	1471
			2285	1471
			2284	1471
			2283	1471
			2282	1471
			2281	1472
			2280	1472
			2279	1472
			2278	1472
			2277	1472
			2276	1472
			2275	1472
			2274	1472
			2273	1472
			2272	1472
			2271	1472
			2270	1472
			2269	1472
			2268	1472
			2267	1472
			2266	1472
			2265	1472
			2264	1472
			2263	1471
			2262	1471
			2261	1471
			2260	1471
			2259	1471
			2258	1471
			2257	1470
			2256	1470
			2255	1470
			2254	1469
			2253	1469
			2252	1469
			2251	1468
			2250	1468
			2249	1468
			2248	1467
			2247	1467
			2246	1466
			2245	1466
			2244	1465
			2243	1465
			2242	1464
			2241	1464
			2240	1463
			2239	1463
			2238	1462
			2237	1462
			2236	1461
			2235	1460
			2234	1460
			2233	1459
			2232	1458
			2231	1457
			2230	1456
			2229	1456
			2228	1455
			2227	1454
			2226	1453
			2225	1452
			2224	1451
			2223	1451
			2223	1450
			2222	1449
			2221	1448
			2220	1448
			2219	1447
			2219	1446
			2218	1445
			2217	1444
			2217	1443
			2216	1443
			2215	1442
			2214	1441
			2214	1440
			2213	1439
			2212	1438
			2211	1437
			2211	1436
			2210	1435
			2209	1434
			2208	1433
			2208	1432
			2207	1431
			2206	1430
			2206	1429
			2205	1428
			2204	1427
			2204	1426
			2203	1425
			2202	1424
			2201	1423
			2201	1422
			2201	1421
			2200	1421
			2200	1420
			2199	1419
			2199	1418
			2198	1417
			2197	1416
			2197	1415
			2196	1414
			2196	1413
		</Profile>
		<Eye type=matrix rownames=FALSE colnames=FALSE nrow=2467 ncol=2 as.numeric=TRUE >
			1693	939
			1692	940
			1691	940
			1690	941
			1689	942
			1688	943
			1687	943
			1686	944
			1685	945
			1684	946
			1683	946
			1682	947
			1681	948
			1680	949
			1679	949
			1678	950
			1677	951
			1676	951
			1675	952
			1674	953
			1673	953
			1672	954
			1671	954
			1670	955
			1669	956
			1668	957
			1667	957
			1666	958
			1665	959
			1664	959
			1663	960
			1662	960
			1661	961
			1660	962
			1659	963
			1658	963
			1657	964
			1656	965
			1655	965
			1654	966
			1653	967
			1652	967
			1651	968
			1650	968
			1650	969
			1649	969
			1648	969
			1647	970
			1646	971
			1645	971
			1644	972
			1643	973
			1642	973
			1641	974
			1640	974
			1639	975
			1638	975
			1637	976
			1637	977
			1636	977
			1635	978
			1634	978
			1633	979
			1632	979
			1631	980
			1630	980
			1629	981
			1628	981
			1627	982
			1626	983
			1625	983
			1625	984
			1624	984
			1623	985
			1622	985
			1621	986
			1620	986
			1619	987
			1618	987
			1617	988
			1616	988
			1615	989
			1614	989
			1613	990
			1612	991
			1611	991
			1610	991
			1610	992
			1609	992
			1608	993
			1607	993
			1606	994
			1605	994
			1604	995
			1603	995
			1602	996
			1601	996
			1600	997
			1599	997
			1598	998
			1597	998
			1596	999
			1595	999
			1594	1000
			1593	1000
			1592	1001
			1591	1001
			1590	1002
			1589	1002
			1588	1003
			1587	1003
			1586	1004
			1585	1004
			1584	1005
			1583	1006
			1582	1006
			1581	1006
			1580	1007
			1579	1007
			1578	1008
			1577	1008
			1576	1009
			1575	1009
			1574	1009
			1574	1010
			1573	1010
			1572	1010
			1571	1011
			1570	1011
			1569	1012
			1568	1012
			1567	1013
			1566	1013
			1565	1014
			1564	1014
			1563	1015
			1562	1015
			1561	1015
			1560	1016
			1559	1016
			1558	1017
			1557	1017
			1556	1017
			1555	1018
			1554	1018
			1553	1019
			1552	1019
			1551	1020
			1550	1020
			1549	1020
			1548	1021
			1547	1021
			1546	1022
			1545	1022
			1544	1022
			1543	1023
			1542	1023
			1541	1023
			1540	1024
			1539	1024
			1538	1025
			1537	1025
			1536	1025
			1535	1026
			1534	1026
			1533	1026
			1532	1027
			1531	1027
			1530	1027
			1529	1028
			1528	1028
			1527	1029
			1526	1029
			1525	1029
			1524	1030
			1523	1030
			1522	1030
			1521	1031
			1520	1031
			1519	1031
			1518	1032
			1517	1032
			1516	1032
			1515	1033
			1514	1033
			1513	1033
			1512	1034
			1511	1034
			1510	1034
			1509	1034
			1508	1035
			1507	1035
			1506	1035
			1505	1036
			1504	1036
			1503	1036
			1502	1037
			1501	1037
			1500	1037
			1499	1037
			1498	1038
			1497	1038
			1496	1038
			1495	1039
			1494	1039
			1493	1039
			1492	1039
			1491	1040
			1490	1040
			1489	1040
			1488	1040
			1487	1041
			1486	1041
			1485	1041
			1484	1042
			1483	1042
			1482	1042
			1481	1042
			1480	1043
			1479	1043
			1478	1043
			1477	1043
			1476	1043
			1475	1044
			1474	1044
			1473	1044
			1472	1044
			1471	1045
			1470	1045
			1469	1045
			1468	1045
			1467	1045
			1466	1046
			1465	1046
			1464	1046
			1463	1046
			1462	1046
			1461	1047
			1460	1047
			1459	1047
			1458	1047
			1457	1048
			1456	1048
			1455	1048
			1454	1048
			1453	1048
			1452	1048
			1451	1049
			1450	1049
			1449	1049
			1448	1049
			1447	1049
			1446	1050
			1445	1050
			1444	1050
			1443	1050
			1442	1050
			1441	1050
			1440	1050
			1439	1051
			1438	1051
			1437	1051
			1436	1051
			1435	1051
			1434	1051
			1433	1052
			1432	1052
			1431	1052
			1430	1052
			1429	1052
			1428	1052
			1427	1052
			1426	1052
			1425	1053
			1424	1053
			1423	1053
			1422	1053
			1421	1053
			1420	1053
			1419	1053
			1418	1053
			1417	1053
			1416	1054
			1415	1054
			1414	1054
			1413	1054
			1412	1054
			1411	1054
			1410	1054
			1409	1054
			1408	1054
			1407	1054
			1406	1054
			1405	1055
			1404	1055
			1403	1055
			1402	1055
			1401	1055
			1400	1055
			1399	1055
			1398	1055
			1397	1055
			1396	1055
			1395	1055
			1394	1055
			1393	1055
			1392	1055
			1391	1055
			1390	1056
			1389	1056
			1388	1056
			1387	1056
			1386	1056
			1385	1056
			1384	1056
			1383	1056
			1382	1056
			1381	1056
			1380	1056
			1379	1056
			1378	1056
			1377	1056
			1376	1056
			1375	1056
			1374	1056
			1373	1056
			1372	1056
			1371	1056
			1370	1056
			1369	1056
			1368	1056
			1367	1056
			1366	1056
			1365	1056
			1364	1056
			1363	1056
			1362	1056
			1361	1056
			1360	1056
			1359	1056
			1358	1056
			1357	1056
			1356	1056
			1355	1056
			1354	1056
			1353	1056
			1352	1056
			1351	1056
			1350	1056
			1349	1056
			1348	1056
			1347	1056
			1346	1056
			1345	1055
			1344	1055
			1343	1055
			1342	1055
			1341	1055
			1340	1055
			1339	1055
			1338	1055
			1337	1055
			1336	1055
			1335	1055
			1334	1055
			1333	1055
			1332	1055
			1331	1055
			1330	1054
			1329	1054
			1328	1054
			1327	1054
			1326	1054
			1325	1054
			1324	1054
			1323	1054
			1322	1054
			1321	1054
			1320	1054
			1319	1053
			1318	1053
			1317	1053
			1316	1053
			1315	1053
			1314	1053
			1313	1053
			1312	1053
			1311	1053
			1310	1052
			1309	1052
			1308	1052
			1307	1052
			1306	1052
			1305	1052
			1304	1052
			1303	1052
			1302	1051
			1301	1051
			1300	1051
			1299	1051
			1298	1051
			1297	1051
			1296	1050
			1295	1050
			1294	1050
			1293	1050
			1292	1050
			1291	1050
			1290	1049
			1289	1049
			1288	1049
			1287	1049
			1286	1049
			1285	1049
			1284	1048
			1283	1048
			1282	1048
			1281	1048
			1280	1048
			1279	1048
			1278	1047
			1277	1047
			1276	1047
			1275	1047
			1274	1047
			1273	1046
			1272	1046
			1271	1046
			1270	1046
			1269	1046
			1268	1045
			1267	1045
			1266	1045
			1265	1045
			1264	1044
			1263	1044
			1262	1044
			1261	1044
			1260	1044
			1259	1043
			1258	1043
			1257	1043
			1256	1043
			1255	1042
			1254	1042
			1253	1042
			1252	1042
			1251	1041
			1250	1041
			1249	1041
			1248	1041
			1247	1040
			1246	1040
			1245	1040
			1244	1040
			1243	1039
			1242	1039
			1241	1039
			1240	1039
			1239	1038
			1238	1038
			1237	1038
			1236	1038
			1235	1037
			1234	1037
			1233	1037
			1232	1036
			1231	1036
			1230	1035
			1229	1035
			1228	1035
			1227	1035
			1227	1034
			1226	1034
			1225	1034
			1224	1034
			1223	1033
			1222	1033
			1221	1033
			1220	1032
			1219	1032
			1218	1032
			1217	1031
			1216	1031
			1215	1030
			1214	1030
			1213	1030
			1212	1029
			1211	1029
			1210	1029
			1209	1028
			1208	1028
			1207	1028
			1206	1027
			1205	1027
			1204	1027
			1203	1026
			1202	1026
			1201	1025
			1200	1025
			1199	1025
			1198	1024
			1197	1024
			1196	1024
			1195	1023
			1194	1023
			1193	1022
			1192	1022
			1191	1022
			1190	1021
			1189	1021
			1188	1020
			1187	1020
			1186	1020
			1186	1019
			1185	1019
			1184	1019
			1183	1018
			1182	1018
			1181	1017
			1180	1017
			1179	1017
			1178	1016
			1177	1016
			1176	1015
			1175	1015
			1174	1014
			1173	1014
			1172	1013
			1171	1013
			1170	1013
			1169	1012
			1168	1012
			1167	1011
			1166	1011
			1165	1010
			1164	1009
			1163	1009
			1162	1009
			1162	1008
			1161	1008
			1160	1008
			1160	1007
			1159	1007
			1158	1007
			1157	1006
			1156	1006
			1155	1005
			1154	1005
			1153	1004
			1152	1004
			1151	1003
			1150	1003
			1149	1002
			1148	1002
			1147	1001
			1146	1001
			1145	1000
			1144	1000
			1143	999
			1142	998
			1141	998
			1140	997
			1139	997
			1139	996
			1138	996
			1137	996
			1137	995
			1136	995
			1135	995
			1135	994
			1134	994
			1133	993
			1132	993
			1131	992
			1130	991
			1129	991
			1128	990
			1127	990
			1127	989
			1126	989
			1125	988
			1124	988
			1123	987
			1122	986
			1121	986
			1120	985
			1119	985
			1118	984
			1117	984
			1117	983
			1116	983
			1115	982
			1114	981
			1113	981
			1112	980
			1111	980
			1110	979
			1110	978
			1109	978
			1108	977
			1107	977
			1106	976
			1105	975
			1104	975
			1104	974
			1103	974
			1102	973
			1101	972
			1100	972
			1099	971
			1098	970
			1097	969
			1096	968
			1095	968
			1094	967
			1093	966
			1092	965
			1091	965
			1090	964
			1089	963
			1088	962
			1087	962
			1086	961
			1085	960
			1084	959
			1083	959
			1082	958
			1081	957
			1080	956
			1079	955
			1078	955
			1077	954
			1077	953
			1076	952
			1075	951
			1074	951
			1073	950
			1072	949
			1071	948
			1070	947
			1069	947
			1068	946
			1067	945
			1067	944
			1066	943
			1065	942
			1064	942
			1063	941
			1062	940
			1061	939
			1060	938
			1060	937
			1059	936
			1058	936
			1057	935
			1056	934
			1055	933
			1054	932
			1054	931
			1053	930
			1052	930
			1051	929
			1050	928
			1049	927
			1049	926
			1048	925
			1047	924
			1046	923
			1045	922
			1044	921
			1043	920
			1042	919
			1042	918
			1041	918
			1041	917
			1040	916
			1039	916
			1039	915
			1038	914
			1037	913
			1036	912
			1035	911
			1035	910
			1034	909
			1034	908
			1033	908
			1032	907
			1032	906
			1031	905
			1030	904
			1030	903
			1029	903
			1028	902
			1028	901
			1027	900
			1027	899
			1026	899
			1025	898
			1025	897
			1024	896
			1023	895
			1023	894
			1022	893
			1021	892
			1020	891
			1020	890
			1019	889
			1018	888
			1017	887
			1017	886
			1016	885
			1016	884
			1015	883
			1014	882
			1014	881
			1013	880
			1013	879
			1012	878
			1011	877
			1011	876
			1010	875
			1009	874
			1009	873
			1008	872
			1008	871
			1007	870
			1007	869
			1006	869
			1006	868
			1005	867
			1004	866
			1004	865
			1003	864
			1003	863
			1002	862
			1002	861
			1001	860
			1001	859
			1000	858
			1000	857
			999	856
			999	855
			998	854
			998	853
			997	852
			997	851
			996	850
			996	849
			995	848
			995	847
			994	846
			994	845
			993	844
			993	843
			992	842
			992	841
			991	840
			991	839
			990	838
			990	837
			989	836
			989	835
			988	834
			988	833
			987	832
			987	831
			987	830
			986	829
			986	828
			985	827
			985	826
			984	825
			984	824
			984	823
			983	822
			983	821
			982	820
			982	819
			981	818
			981	817
			981	816
			980	815
			980	814
			980	813
			979	812
			979	811
			978	810
			978	809
			978	808
			977	807
			977	806
			977	805
			976	804
			976	803
			976	802
			975	801
			975	800
			975	799
			974	798
			974	797
			974	796
			973	795
			973	794
			973	793
			972	792
			972	791
			972	790
			971	789
			971	788
			971	787
			970	786
			970	785
			970	784
			969	783
			969	782
			969	781
			969	780
			968	779
			968	778
			968	777
			967	776
			967	775
			967	774
			967	773
			966	772
			966	771
			966	770
			966	769
			965	768
			965	767
			965	766
			965	765
			964	764
			964	763
			964	762
			964	761
			963	760
			963	759
			963	758
			963	757
			962	756
			962	755
			962	754
			962	753
			962	752
			961	751
			961	750
			961	749
			961	748
			961	747
			960	747
			960	746
			960	745
			960	744
			960	743
			960	742
			959	741
			959	740
			959	739
			959	738
			959	737
			958	736
			958	735
			958	734
			958	733
			958	732
			958	731
			957	731
			957	730
			957	729
			957	728
			957	727
			957	726
			957	725
			956	725
			956	724
			956	723
			956	722
			956	721
			956	720
			956	719
			955	718
			955	717
			955	716
			955	715
			955	714
			955	713
			955	712
			954	711
			954	710
			954	709
			954	708
			954	707
			954	706
			954	705
			953	704
			953	703
			953	702
			953	701
			953	700
			953	699
			953	698
			953	697
			952	696
			952	695
			952	694
			952	693
			952	692
			952	691
			952	690
			952	689
			952	688
			951	687
			951	686
			951	685
			951	684
			951	683
			951	682
			951	681
			951	680
			951	679
			951	678
			951	677
			950	676
			950	675
			950	674
			950	673
			950	672
			950	671
			950	670
			950	669
			950	668
			950	667
			950	666
			950	665
			950	664
			950	663
			949	662
			949	661
			949	660
			949	659
			949	658
			949	657
			949	656
			949	655
			949	654
			949	653
			949	652
			949	651
			949	650
			949	649
			949	648
			949	647
			949	646
			949	645
			949	644
			949	643
			949	642
			949	641
			949	640
			949	639
			949	638
			949	637
			949	636
			949	635
			949	634
			949	633
			949	632
			949	631
			949	630
			949	629
			949	628
			949	627
			949	626
			949	625
			949	624
			949	623
			949	622
			949	621
			949	620
			949	619
			949	618
			949	617
			949	616
			949	615
			949	614
			949	613
			949	612
			949	611
			949	610
			949	609
			949	608
			949	607
			949	606
			949	605
			949	604
			949	603
			949	602
			949	601
			950	600
			950	599
			950	598
			950	597
			950	596
			950	595
			950	594
			950	593
			950	592
			950	591
			950	590
			950	589
			950	588
			950	587
			951	586
			951	585
			951	584
			951	583
			951	582
			951	581
			951	580
			951	579
			951	578
			952	577
			952	576
			952	575
			952	574
			952	573
			952	572
			952	571
			952	570
			953	569
			953	568
			953	567
			953	566
			953	565
			953	564
			953	563
			954	562
			954	561
			954	560
			954	559
			954	558
			954	557
			954	556
			955	555
			955	554
			955	553
			955	552
			955	551
			955	550
			956	549
			956	548
			956	547
			956	546
			956	545
			957	544
			957	543
			957	542
			957	541
			957	540
			958	540
			958	539
			958	538
			958	537
			958	536
			958	535
			959	535
			959	534
			959	533
			959	532
			959	531
			960	531
			960	530
			960	529
			960	528
			960	527
			961	526
			961	525
			961	524
			961	523
			962	522
			962	521
			962	520
			962	519
			963	518
			963	517
			963	516
			963	515
			964	514
			964	513
			964	512
			965	511
			965	510
			965	509
			965	508
			966	508
			966	507
			966	506
			966	505
			967	504
			967	503
			967	502
			968	501
			968	500
			968	499
			969	498
			969	497
			969	496
			969	495
			970	494
			970	493
			971	492
			971	491
			971	490
			972	489
			972	488
			972	487
			973	486
			973	485
			974	484
			974	483
			974	482
			975	481
			975	480
			975	479
			976	478
			976	477
			976	476
			977	475
			977	474
			978	473
			978	472
			979	471
			979	470
			979	469
			980	468
			980	467
			981	466
			981	465
			981	464
			982	464
			982	463
			982	462
			983	461
			983	460
			984	460
			984	459
			984	458
			985	457
			985	456
			986	455
			986	454
			987	453
			987	452
			988	451
			988	450
			988	449
			989	448
			989	447
			990	446
			991	445
			991	444
			992	443
			992	442
			993	441
			993	440
			994	439
			994	438
			995	437
			995	436
			996	436
			996	435
			997	434
			997	433
			997	432
			998	432
			998	431
			999	430
			999	429
			1000	428
			1001	427
			1001	426
			1002	425
			1002	424
			1003	423
			1003	422
			1004	421
			1004	420
			1005	420
			1006	419
			1006	418
			1007	417
			1007	416
			1008	415
			1008	414
			1009	413
			1010	412
			1010	411
			1011	410
			1011	409
			1012	409
			1013	408
			1013	407
			1014	406
			1015	405
			1015	404
			1016	403
			1016	402
			1017	401
			1018	400
			1019	399
			1020	398
			1020	397
			1021	396
			1021	395
			1022	395
			1022	394
			1023	393
			1024	392
			1025	391
			1026	390
			1026	389
			1027	388
			1027	387
			1028	387
			1029	386
			1029	385
			1030	384
			1031	383
			1032	382
			1032	381
			1033	380
			1034	379
			1035	378
			1035	377
			1036	377
			1037	376
			1037	375
			1038	374
			1039	373
			1040	372
			1040	371
			1041	370
			1042	370
			1043	369
			1044	368
			1044	367
			1045	366
			1046	365
			1047	364
			1048	363
			1049	362
			1050	361
			1051	360
			1052	359
			1053	358
			1054	357
			1054	356
			1055	355
			1056	355
			1056	354
			1057	353
			1058	352
			1059	351
			1060	350
			1061	349
			1062	348
			1063	348
			1063	347
			1064	346
			1065	346
			1065	345
			1066	344
			1067	343
			1068	343
			1068	342
			1069	341
			1070	341
			1071	340
			1071	339
			1072	338
			1073	338
			1074	337
			1074	336
			1075	336
			1076	335
			1077	334
			1078	334
			1078	333
			1079	332
			1080	331
			1081	331
			1081	330
			1082	329
			1083	329
			1084	328
			1085	327
			1086	326
			1087	325
			1088	324
			1089	324
			1090	323
			1091	322
			1092	321
			1093	320
			1094	320
			1095	319
			1096	318
			1097	317
			1098	316
			1099	316
			1100	315
			1101	314
			1102	313
			1103	312
			1104	312
			1105	311
			1106	310
			1107	309
			1108	308
			1109	308
			1110	307
			1111	306
			1112	305
			1113	305
			1114	304
			1115	303
			1116	303
			1117	303
			1117	302
			1118	302
			1119	301
			1120	301
			1121	300
			1122	300
			1123	299
			1124	299
			1125	298
			1126	298
			1127	297
			1128	297
			1128	296
			1129	296
			1130	295
			1131	295
			1132	294
			1133	294
			1134	293
			1135	293
			1136	292
			1137	292
			1138	292
			1139	291
			1140	290
			1141	290
			1142	289
			1143	289
			1144	288
			1145	288
			1146	287
			1147	287
			1148	287
			1149	286
			1150	285
			1151	285
			1152	285
			1153	284
			1154	284
			1155	283
			1156	283
			1157	282
			1158	282
			1159	281
			1160	281
			1161	281
			1162	280
			1163	279
			1164	279
			1165	279
			1165	278
			1166	278
			1167	278
			1168	277
			1169	277
			1170	276
			1171	276
			1172	276
			1173	275
			1174	275
			1175	274
			1176	274
			1177	273
			1178	273
			1179	273
			1180	272
			1181	272
			1182	271
			1183	271
			1184	271
			1185	270
			1186	270
			1187	270
			1188	269
			1189	269
			1190	268
			1191	268
			1192	268
			1193	267
			1194	267
			1195	267
			1196	266
			1197	266
			1198	265
			1199	265
			1200	264
			1201	264
			1202	264
			1203	263
			1204	263
			1205	263
			1206	262
			1207	262
			1208	262
			1209	262
			1209	261
			1210	261
			1211	261
			1212	260
			1213	260
			1214	260
			1215	259
			1216	259
			1217	259
			1218	258
			1219	258
			1220	258
			1221	257
			1222	257
			1223	257
			1224	256
			1225	256
			1226	256
			1227	256
			1228	255
			1229	255
			1230	255
			1231	254
			1232	254
			1233	254
			1234	253
			1235	253
			1236	253
			1237	253
			1238	252
			1239	252
			1240	252
			1241	252
			1242	251
			1243	251
			1244	251
			1245	250
			1246	250
			1247	250
			1248	250
			1249	249
			1250	249
			1251	249
			1252	249
			1253	248
			1254	248
			1255	248
			1256	248
			1257	248
			1258	247
			1259	247
			1260	247
			1261	247
			1262	246
			1263	246
			1264	246
			1265	246
			1266	246
			1267	245
			1268	245
			1269	245
			1270	245
			1271	245
			1272	244
			1273	244
			1274	244
			1275	244
			1276	244
			1277	243
			1278	243
			1279	243
			1280	243
			1281	243
			1282	243
			1283	242
			1284	242
			1285	242
			1286	242
			1287	242
			1288	242
			1288	241
			1289	241
			1290	241
			1291	241
			1292	241
			1293	241
			1294	241
			1295	240
			1296	240
			1297	240
			1298	240
			1299	240
			1300	240
			1301	240
			1302	239
			1303	239
			1304	239
			1305	239
			1306	239
			1307	239
			1308	239
			1309	239
			1310	239
			1311	239
			1312	238
			1313	238
			1314	238
			1315	238
			1316	238
			1317	238
			1318	238
			1319	238
			1320	238
			1321	238
			1322	238
			1323	237
			1324	237
			1325	237
			1326	237
			1327	237
			1328	237
			1329	237
			1330	237
			1331	237
			1332	237
			1333	237
			1334	237
			1335	237
			1336	237
			1337	237
			1338	237
			1339	237
			1340	237
			1341	237
			1342	237
			1343	237
			1344	237
			1345	236
			1346	236
			1347	236
			1348	236
			1349	236
			1350	236
			1351	236
			1352	236
			1353	236
			1354	236
			1355	236
			1356	236
			1357	236
			1358	237
			1359	237
			1360	237
			1361	237
			1362	237
			1363	237
			1364	237
			1365	237
			1366	237
			1367	237
			1368	237
			1369	237
			1370	237
			1371	237
			1372	237
			1373	237
			1374	237
			1375	237
			1376	237
			1377	237
			1378	237
			1379	237
			1380	237
			1381	238
			1382	238
			1383	238
			1384	238
			1385	238
			1386	238
			1387	238
			1388	238
			1389	238
			1390	238
			1391	238
			1392	239
			1393	239
			1394	239
			1395	239
			1396	239
			1397	239
			1398	239
			1399	239
			1400	240
			1401	240
			1402	240
			1403	240
			1404	240
			1405	240
			1406	240
			1407	240
			1408	241
			1409	241
			1410	241
			1411	241
			1412	241
			1413	241
			1414	242
			1415	242
			1416	242
			1417	242
			1418	242
			1419	242
			1420	243
			1421	243
			1422	243
			1423	243
			1424	243
			1425	243
			1426	244
			1427	244
			1428	244
			1429	244
			1430	244
			1431	245
			1432	245
			1433	245
			1434	245
			1435	246
			1436	246
			1437	246
			1438	246
			1439	247
			1440	247
			1441	247
			1442	247
			1443	248
			1444	248
			1445	248
			1446	248
			1447	249
			1448	249
			1449	249
			1450	249
			1451	250
			1452	250
			1453	250
			1454	250
			1455	251
			1456	251
			1457	251
			1458	252
			1459	252
			1460	252
			1461	252
			1462	253
			1463	253
			1464	253
			1465	254
			1466	254
			1467	254
			1468	255
			1469	255
			1470	255
			1471	255
			1472	256
			1473	256
			1474	256
			1475	257
			1476	257
			1477	257
			1478	258
			1479	258
			1480	258
			1481	259
			1482	259
			1483	260
			1484	260
			1485	260
			1486	261
			1487	261
			1488	261
			1489	262
			1490	262
			1491	262
			1492	263
			1493	263
			1494	264
			1495	264
			1496	264
			1497	265
			1498	265
			1499	266
			1500	266
			1501	266
			1502	267
			1503	267
			1504	268
			1505	268
			1506	268
			1507	269
			1508	269
			1509	270
			1510	270
			1511	271
			1512	271
			1513	271
			1514	272
			1515	272
			1516	273
			1517	273
			1518	274
			1519	274
			1520	275
			1521	275
			1522	275
			1523	276
			1524	276
			1525	277
			1526	277
			1527	278
			1528	278
			1529	279
			1530	279
			1531	280
			1532	280
			1533	281
			1534	282
			1535	282
			1536	282
			1537	283
			1538	284
			1539	284
			1540	285
			1541	285
			1542	286
			1543	286
			1544	286
			1544	287
			1545	287
			1546	288
			1547	288
			1548	289
			1549	289
			1549	290
			1550	290
			1551	291
			1552	291
			1553	292
			1554	292
			1555	293
			1556	293
			1557	294
			1558	295
			1559	295
			1560	296
			1561	296
			1562	297
			1563	298
			1564	298
			1565	299
			1566	299
			1567	300
			1568	301
			1569	301
			1570	302
			1571	302
			1572	303
			1573	304
			1574	304
			1575	305
			1576	306
			1577	306
			1578	307
			1579	308
			1580	308
			1581	309
			1582	310
			1583	310
			1584	311
			1585	311
			1586	312
			1587	313
			1588	313
			1589	314
			1590	314
			1590	315
			1591	315
			1592	316
			1593	316
			1594	317
			1595	318
			1596	318
			1597	319
			1598	320
			1599	320
			1600	321
			1601	322
			1602	322
			1603	323
			1604	324
			1605	324
			1606	325
			1607	325
			1608	326
			1608	327
			1609	327
			1610	328
			1611	329
			1612	329
			1613	330
			1614	331
			1615	331
			1616	332
			1617	333
			1618	333
			1619	334
			1619	335
			1620	336
			1621	336
			1622	337
			1623	338
			1624	338
			1625	339
			1626	340
			1627	340
			1627	341
			1628	342
			1629	343
			1630	343
			1631	344
			1632	345
			1633	345
			1633	346
			1634	347
			1635	348
			1636	348
			1637	349
			1638	350
			1639	350
			1639	351
			1640	352
			1641	353
			1642	353
			1643	354
			1643	355
			1644	356
			1645	356
			1646	357
			1647	358
			1648	359
			1649	360
			1650	361
			1651	362
			1652	363
			1653	364
			1654	365
			1655	366
			1656	367
			1657	367
			1658	368
			1659	369
			1659	370
			1660	371
			1661	372
			1662	373
			1663	374
			1664	375
			1665	376
			1666	377
			1667	378
			1668	379
			1668	380
			1669	381
			1670	382
			1671	383
			1672	384
			1673	385
			1674	386
			1674	387
			1675	388
			1676	389
			1677	390
			1678	391
			1679	392
			1680	393
			1680	394
			1681	395
			1682	396
			1683	397
			1684	398
			1684	399
			1685	400
			1686	401
			1687	402
			1688	403
			1688	404
			1689	405
			1690	406
			1691	407
			1691	408
			1692	409
			1693	410
			1694	411
			1694	412
			1695	413
			1696	414
			1696	415
			1697	416
			1697	417
			1698	418
			1699	418
			1699	419
			1700	420
			1700	421
			1701	422
			1702	423
			1702	424
			1703	425
			1703	426
			1704	427
			1705	428
			1705	429
			1706	430
			1706	431
			1707	432
			1708	433
			1708	434
			1709	435
			1709	436
			1710	437
			1711	438
			1711	439
			1712	440
			1712	441
			1713	442
			1713	443
			1714	444
			1714	445
			1715	446
			1716	447
			1716	448
			1717	449
			1717	450
			1718	451
			1718	452
			1719	453
			1719	454
			1720	455
			1720	456
			1721	457
			1721	458
			1722	459
			1722	460
			1723	461
			1723	462
			1724	463
			1724	464
			1725	465
			1725	466
			1726	467
			1726	468
			1727	469
			1727	470
			1728	471
			1728	472
			1728	473
			1729	474
			1729	475
			1730	476
			1730	477
			1730	478
			1731	479
			1731	480
			1732	481
			1732	482
			1733	483
			1733	484
			1733	485
			1734	486
			1734	487
			1734	488
			1735	489
			1735	490
			1736	491
			1736	492
			1737	493
			1737	494
			1737	495
			1738	496
			1738	497
			1738	498
			1739	499
			1739	500
			1739	501
			1740	502
			1740	503
			1741	504
			1741	505
			1741	506
			1742	507
			1742	508
			1742	509
			1743	510
			1743	511
			1743	512
			1743	513
			1744	514
			1744	515
			1744	516
			1745	517
			1745	518
			1745	519
			1745	520
			1746	520
			1746	521
			1746	522
			1746	523
			1747	524
			1747	525
			1747	526
			1747	527
			1748	528
			1748	529
			1748	530
			1748	531
			1749	531
			1749	532
			1749	533
			1749	534
			1750	535
			1750	536
			1750	537
			1750	538
			1751	539
			1751	540
			1751	541
			1751	542
			1751	543
			1752	543
			1752	544
			1752	545
			1752	546
			1753	547
			1753	548
			1753	549
			1753	550
			1753	551
			1754	552
			1754	553
			1754	554
			1754	555
			1754	556
			1755	557
			1755	558
			1755	559
			1755	560
			1755	561
			1756	562
			1756	563
			1756	564
			1756	565
			1756	566
			1757	567
			1757	568
			1757	569
			1757	570
			1757	571
			1757	572
			1758	573
			1758	574
			1758	575
			1758	576
			1758	577
			1758	578
			1759	579
			1759	580
			1759	581
			1759	582
			1759	583
			1759	584
			1759	585
			1760	586
			1760	587
			1760	588
			1760	589
			1760	590
			1760	591
			1760	592
			1761	593
			1761	594
			1761	595
			1761	596
			1761	597
			1761	598
			1761	599
			1761	600
			1761	601
			1762	602
			1762	603
			1762	604
			1762	605
			1762	606
			1762	607
			1762	608
			1762	609
			1762	610
			1763	611
			1763	612
			1763	613
			1763	614
			1763	615
			1763	616
			1763	617
			1763	618
			1763	619
			1763	620
			1763	621
			1763	622
			1763	623
			1764	623
			1764	624
			1764	625
			1764	626
			1764	627
			1764	628
			1764	629
			1764	630
			1764	631
			1764	632
			1764	633
			1764	634
			1764	635
			1764	636
			1764	637
			1764	638
			1764	639
			1764	640
			1765	641
			1765	642
			1765	643
			1765	644
			1765	645
			1765	646
			1765	647
			1765	648
			1765	649
			1765	650
			1765	651
			1765	652
			1765	653
			1765	654
			1765	655
			1765	656
			1765	657
			1765	658
			1765	659
			1765	660
			1765	661
			1765	662
			1765	663
			1765	664
			1765	665
			1765	666
			1765	667
			1765	668
			1765	669
			1765	670
			1765	671
			1765	672
			1765	673
			1765	674
			1765	675
			1765	676
			1765	677
			1765	678
			1765	679
			1765	680
			1765	681
			1765	682
			1765	683
			1766	684
			1766	685
			1766	686
			1766	687
			1766	688
			1766	689
			1766	690
			1766	691
			1766	692
			1766	693
			1766	694
			1767	694
			1767	695
			1767	696
			1767	697
			1767	698
			1767	699
			1767	700
			1767	701
			1767	702
			1767	703
			1767	704
			1767	705
			1767	706
			1767	707
			1767	708
			1767	709
			1767	710
			1767	711
			1767	712
			1767	713
			1767	714
			1767	715
			1767	716
			1767	717
			1767	718
			1767	719
			1767	720
			1767	721
			1767	722
			1767	723
			1767	724
			1767	725
			1767	726
			1767	727
			1767	728
			1767	729
			1767	730
			1767	731
			1767	732
			1767	733
			1767	734
			1767	735
			1767	736
			1767	737
			1767	738
			1767	739
			1767	740
			1767	741
			1767	742
			1767	743
			1767	744
			1766	745
			1766	746
			1766	747
			1766	748
			1766	749
			1766	750
			1766	751
			1766	752
			1766	753
			1766	754
			1766	755
			1765	756
			1765	757
			1765	758
			1765	759
			1765	760
			1765	761
			1765	762
			1765	763
			1764	764
			1764	765
			1764	766
			1764	767
			1764	768
			1764	769
			1764	770
			1763	771
			1763	772
			1763	773
			1763	774
			1763	775
			1763	776
			1763	777
			1762	778
			1762	779
			1762	780
			1762	781
			1762	782
			1761	782
			1761	783
			1761	784
			1761	785
			1761	786
			1760	787
			1760	788
			1760	789
			1760	790
			1760	791
			1759	792
			1759	793
			1759	794
			1759	795
			1759	796
			1758	797
			1758	798
			1758	799
			1758	800
			1757	801
			1757	802
			1757	803
			1757	804
			1756	805
			1756	806
			1756	807
			1756	808
			1755	809
			1755	810
			1755	811
			1754	812
			1754	813
			1754	814
			1754	815
			1753	816
			1753	817
			1753	818
			1752	819
			1752	820
			1752	821
			1752	822
			1751	823
			1751	824
			1751	825
			1750	826
			1750	827
			1750	828
			1749	828
			1749	829
			1749	830
			1748	831
			1748	832
			1748	833
			1747	834
			1747	835
			1747	836
			1746	837
			1746	838
			1746	839
			1745	840
			1745	841
			1744	842
			1744	843
			1744	844
			1743	845
			1743	846
			1743	847
			1742	848
			1742	849
			1741	850
			1741	851
			1741	852
			1740	853
			1740	854
			1739	855
			1739	856
			1739	857
			1738	858
			1738	859
			1737	860
			1737	861
			1737	862
			1736	863
			1736	864
			1735	865
			1735	866
			1734	866
			1734	867
			1733	868
			1733	869
			1733	870
			1732	871
			1732	872
			1731	873
			1731	874
			1730	875
			1730	876
			1729	877
			1729	878
			1728	879
			1728	880
			1727	881
			1727	882
			1726	883
			1726	884
			1725	885
			1725	886
			1724	887
			1724	888
			1723	889
			1723	890
			1722	891
			1722	892
			1721	893
			1721	894
			1720	895
			1720	896
			1719	897
			1719	898
			1718	898
			1718	899
			1717	900
			1717	901
			1716	902
			1715	903
			1715	904
			1714	905
			1714	906
			1713	907
			1713	908
			1712	909
			1712	910
			1711	911
			1710	912
			1710	913
			1709	914
			1709	915
			1708	916
			1707	917
			1707	918
			1706	919
			1706	920
			1705	921
			1704	922
			1704	923
			1703	924
			1703	925
			1702	926
			1701	927
			1700	928
			1700	929
			1699	930
			1699	931
			1698	931
			1698	932
			1697	933
			1696	934
			1695	935
			1695	936
			1694	937
			1694	938
			1693	939
		</Eye>
	</curves.pixel>
	<ruler.points type=matrix rownames=TRUE colnames=FALSE nrow=2 ncol=2 as.numeric=TRUE >
		Ruler point 1	2	1894
		Ruler point 2	104	1894
	</ruler.points>
</shapes>

