<shapes type=list>
	<scaling type=logical names=FALSE length=1 as.numeric=FALSE >NA</scaling>
	<landmarks.pixel type=matrix rownames=TRUE colnames=FALSE nrow=11 ncol=2 as.numeric=TRUE >
		LM1Forehead	1766	273
		LM2UJFront	2287	1371
		LM3UJBack	1709	1490
		LM4LacOrb	1684	940
		LM5QJoint	1672	1571
		LM6IOPL	1641	1717
		LM7IOPSOP	503	1673
		LM8A2A1	894	1168
		LM9A1A3	808	757
		LM10TopMuscR	690	559
		LM11TopMuscL	263	450
	</landmarks.pixel>
	<curves.control type=list>
		<Profile type=matrix rownames=FALSE colnames=FALSE nrow=7 ncol=2 as.numeric=TRUE >
			1766	273
			2048	438
			2243	715
			2443	1023
			2504	1192
			2404	1513
			2287	1371
		</Profile>
		<Eye type=matrix rownames=FALSE colnames=FALSE nrow=13 ncol=2 as.numeric=TRUE >
			1684	940
			1428	1079
			1167	967
			989	875
			950	611
			1007	360
			1167	269
			1393	165
			1588	269
			1762	360
			1814	572
			1822	810
			1684	940
		</Eye>
	</curves.control>
	<curves.pixel type=list>
		<Profile type=matrix rownames=FALSE colnames=FALSE nrow=1404 ncol=2 as.numeric=TRUE >
			1766	273
			1767	274
			1768	274
			1769	275
			1770	276
			1771	276
			1772	277
			1773	277
			1774	278
			1775	278
			1776	279
			1777	280
			1778	280
			1779	280
			1779	281
			1780	281
			1781	282
			1782	282
			1783	283
			1784	284
			1785	284
			1786	285
			1787	285
			1788	286
			1789	287
			1790	287
			1791	288
			1792	289
			1793	289
			1794	290
			1795	290
			1795	291
			1796	291
			1797	292
			1798	292
			1799	293
			1800	294
			1801	294
			1802	295
			1803	295
			1803	296
			1804	296
			1805	297
			1806	297
			1807	298
			1808	299
			1809	299
			1810	300
			1811	300
			1812	301
			1813	302
			1814	302
			1815	303
			1816	303
			1817	304
			1818	305
			1819	305
			1819	306
			1820	306
			1821	307
			1822	308
			1823	308
			1824	309
			1825	309
			1826	310
			1827	311
			1828	311
			1829	312
			1830	312
			1831	313
			1832	314
			1833	314
			1833	315
			1834	316
			1835	316
			1836	317
			1837	317
			1838	318
			1839	319
			1840	319
			1841	320
			1842	320
			1843	321
			1844	322
			1845	322
			1846	323
			1846	324
			1847	324
			1848	325
			1849	325
			1850	326
			1851	327
			1852	327
			1853	328
			1854	329
			1855	329
			1856	330
			1857	330
			1858	331
			1858	332
			1859	332
			1860	333
			1861	334
			1862	334
			1863	335
			1864	336
			1865	336
			1866	337
			1867	337
			1868	338
			1869	339
			1870	340
			1871	341
			1872	341
			1873	342
			1874	343
			1875	344
			1876	344
			1877	345
			1878	345
			1879	346
			1880	347
			1881	348
			1882	348
			1883	349
			1884	350
			1885	350
			1886	351
			1887	352
			1888	352
			1889	353
			1889	354
			1890	354
			1891	355
			1892	356
			1893	356
			1894	357
			1895	358
			1896	358
			1897	359
			1898	360
			1899	360
			1900	361
			1901	362
			1902	362
			1902	363
			1903	364
			1904	365
			1905	365
			1906	366
			1907	367
			1908	367
			1909	368
			1910	369
			1911	369
			1912	370
			1913	371
			1914	371
			1914	372
			1915	373
			1916	374
			1917	374
			1918	375
			1919	376
			1920	376
			1921	377
			1922	378
			1923	378
			1924	379
			1925	380
			1925	381
			1926	381
			1927	382
			1928	383
			1929	383
			1930	384
			1931	385
			1932	386
			1933	386
			1934	387
			1935	388
			1936	389
			1937	390
			1938	391
			1939	391
			1939	392
			1940	392
			1941	393
			1942	394
			1943	395
			1944	395
			1945	396
			1946	397
			1947	398
			1948	399
			1949	399
			1950	400
			1951	401
			1952	402
			1953	402
			1954	403
			1955	404
			1956	405
			1957	405
			1957	406
			1958	407
			1959	408
			1960	408
			1961	409
			1962	410
			1963	411
			1964	411
			1965	412
			1966	413
			1967	414
			1968	414
			1969	415
			1969	416
			1970	417
			1971	417
			1972	418
			1973	419
			1974	420
			1975	421
			1976	421
			1977	422
			1978	423
			1979	424
			1980	425
			1981	426
			1982	427
			1983	427
			1983	428
			1984	428
			1985	429
			1985	430
			1986	430
			1987	431
			1988	432
			1989	433
			1990	434
			1991	434
			1992	435
			1992	436
			1993	436
			1994	437
			1995	438
			1996	438
			1996	439
			1997	440
			1998	440
			1999	441
			1999	442
			2000	442
			2001	443
			2002	444
			2003	445
			2004	446
			2005	447
			2006	448
			2007	448
			2008	449
			2009	450
			2010	451
			2011	452
			2012	453
			2013	454
			2014	455
			2015	456
			2016	456
			2016	457
			2017	458
			2018	458
			2018	459
			2019	459
			2020	460
			2020	461
			2021	461
			2022	462
			2023	463
			2024	464
			2025	465
			2026	466
			2027	466
			2028	467
			2028	468
			2029	469
			2030	469
			2031	470
			2031	471
			2032	472
			2033	472
			2034	473
			2035	474
			2035	475
			2036	475
			2037	476
			2038	477
			2039	478
			2040	479
			2041	480
			2042	481
			2043	482
			2044	483
			2045	483
			2046	484
			2047	485
			2048	486
			2048	487
			2049	488
			2050	489
			2051	490
			2052	491
			2053	492
			2054	492
			2055	493
			2056	494
			2057	495
			2058	496
			2059	497
			2060	498
			2061	499
			2061	500
			2062	501
			2063	502
			2064	502
			2065	503
			2066	504
			2067	505
			2068	506
			2069	507
			2070	508
			2071	509
			2072	510
			2072	511
			2073	512
			2074	513
			2075	513
			2076	514
			2077	515
			2078	516
			2079	517
			2080	518
			2081	519
			2082	520
			2082	521
			2083	522
			2084	523
			2085	524
			2086	525
			2087	526
			2088	526
			2089	527
			2090	528
			2091	529
			2091	530
			2092	531
			2093	532
			2094	533
			2095	534
			2096	535
			2097	536
			2098	537
			2099	538
			2100	539
			2100	540
			2101	541
			2102	542
			2103	543
			2104	543
			2105	544
			2106	545
			2107	546
			2108	547
			2108	548
			2109	549
			2110	550
			2111	551
			2112	552
			2113	553
			2114	554
			2115	555
			2115	556
			2116	557
			2117	558
			2118	559
			2119	560
			2120	561
			2121	562
			2122	563
			2122	564
			2123	565
			2124	566
			2125	567
			2126	568
			2127	569
			2128	569
			2129	570
			2129	571
			2130	572
			2131	573
			2132	574
			2133	575
			2134	576
			2135	577
			2136	578
			2136	579
			2137	580
			2138	581
			2139	582
			2140	583
			2141	584
			2142	585
			2142	586
			2143	587
			2144	588
			2145	589
			2146	590
			2147	591
			2148	592
			2148	593
			2149	594
			2150	595
			2151	596
			2152	597
			2153	598
			2154	599
			2154	600
			2155	601
			2156	602
			2157	603
			2158	604
			2159	605
			2159	606
			2160	607
			2161	608
			2162	609
			2163	610
			2164	611
			2164	612
			2165	613
			2166	614
			2167	615
			2168	616
			2169	617
			2170	618
			2170	619
			2171	620
			2172	621
			2173	622
			2174	623
			2175	624
			2175	625
			2176	626
			2177	627
			2178	628
			2179	629
			2179	630
			2180	631
			2180	632
			2181	632
			2182	633
			2182	634
			2183	635
			2184	636
			2185	637
			2185	638
			2186	639
			2187	640
			2187	641
			2188	641
			2189	642
			2190	643
			2190	644
			2191	645
			2192	646
			2192	647
			2193	648
			2194	649
			2195	650
			2196	651
			2197	652
			2197	653
			2198	654
			2199	655
			2200	656
			2200	657
			2201	658
			2202	659
			2202	660
			2203	660
			2203	661
			2204	662
			2205	663
			2206	664
			2207	665
			2207	666
			2208	667
			2209	668
			2209	669
			2210	670
			2211	671
			2212	672
			2212	673
			2213	674
			2214	675
			2214	676
			2215	677
			2216	678
			2217	679
			2217	680
			2218	680
			2219	681
			2219	682
			2220	683
			2221	684
			2222	685
			2222	686
			2223	687
			2224	688
			2224	689
			2225	690
			2226	691
			2227	692
			2227	693
			2228	694
			2229	695
			2229	696
			2230	697
			2231	698
			2231	699
			2232	700
			2233	701
			2234	702
			2234	703
			2235	704
			2236	705
			2236	706
			2237	707
			2238	708
			2238	709
			2239	710
			2240	711
			2241	712
			2241	713
			2242	714
			2243	714
			2243	715
			2243	716
			2244	716
			2244	717
			2245	718
			2246	719
			2246	720
			2247	721
			2247	722
			2248	723
			2249	724
			2250	725
			2250	726
			2251	727
			2251	728
			2252	729
			2253	730
			2253	731
			2254	732
			2254	733
			2255	734
			2256	735
			2257	736
			2257	737
			2258	738
			2259	739
			2259	740
			2260	741
			2260	742
			2261	743
			2261	744
			2262	744
			2263	745
			2263	746
			2264	747
			2264	748
			2265	748
			2265	749
			2266	750
			2266	751
			2267	752
			2268	753
			2268	754
			2269	755
			2269	756
			2270	757
			2271	758
			2271	759
			2272	760
			2272	761
			2273	762
			2274	763
			2274	764
			2275	765
			2275	766
			2276	766
			2277	767
			2277	768
			2278	769
			2278	770
			2279	771
			2280	772
			2280	773
			2281	774
			2281	775
			2282	776
			2283	777
			2283	778
			2284	779
			2284	780
			2285	781
			2286	781
			2286	782
			2287	783
			2287	784
			2288	785
			2289	786
			2289	787
			2290	788
			2290	789
			2291	790
			2291	791
			2292	792
			2293	793
			2293	794
			2294	794
			2294	795
			2295	796
			2295	797
			2296	798
			2297	799
			2297	800
			2298	801
			2298	802
			2299	803
			2299	804
			2300	805
			2301	805
			2301	806
			2302	807
			2302	808
			2303	809
			2303	810
			2304	811
			2305	812
			2305	813
			2306	814
			2306	815
			2307	815
			2307	816
			2308	817
			2309	818
			2309	819
			2310	820
			2310	821
			2311	822
			2311	823
			2312	824
			2312	825
			2313	825
			2314	826
			2314	827
			2315	828
			2315	829
			2316	830
			2316	831
			2317	832
			2317	833
			2318	833
			2318	834
			2319	835
			2320	836
			2320	837
			2321	838
			2321	839
			2322	840
			2322	841
			2323	841
			2323	842
			2324	843
			2324	844
			2325	845
			2326	846
			2326	847
			2327	848
			2327	849
			2328	849
			2328	850
			2329	851
			2329	852
			2330	853
			2330	854
			2331	855
			2331	856
			2332	856
			2332	857
			2333	858
			2334	859
			2334	860
			2335	861
			2335	862
			2336	863
			2337	864
			2337	865
			2338	866
			2339	867
			2339	868
			2340	869
			2340	870
			2341	871
			2341	872
			2342	872
			2342	873
			2342	874
			2343	874
			2343	875
			2344	876
			2345	877
			2345	878
			2345	879
			2346	880
			2347	881
			2348	882
			2348	883
			2349	884
			2349	885
			2350	886
			2350	887
			2351	888
			2351	889
			2352	889
			2352	890
			2353	891
			2353	892
			2354	893
			2354	894
			2355	895
			2355	896
			2356	896
			2356	897
			2357	898
			2357	899
			2358	900
			2359	901
			2359	902
			2360	903
			2361	904
			2361	905
			2362	906
			2362	907
			2363	908
			2364	909
			2364	910
			2364	911
			2365	911
			2365	912
			2365	913
			2366	913
			2366	914
			2367	915
			2368	916
			2368	917
			2369	918
			2369	919
			2370	920
			2370	921
			2371	922
			2371	923
			2372	924
			2372	925
			2373	926
			2374	927
			2375	928
			2375	929
			2376	930
			2376	931
			2376	932
			2377	932
			2377	933
			2378	934
			2378	935
			2379	936
			2380	937
			2380	938
			2381	939
			2381	940
			2382	941
			2382	942
			2383	943
			2383	944
			2384	945
			2384	946
			2385	946
			2385	947
			2386	948
			2386	949
			2387	950
			2387	951
			2388	952
			2388	953
			2389	954
			2390	955
			2391	956
			2391	957
			2392	958
			2392	959
			2393	960
			2393	961
			2394	962
			2394	963
			2395	964
			2395	965
			2396	966
			2397	967
			2397	968
			2398	969
			2398	970
			2399	971
			2399	972
			2400	972
			2400	973
			2401	974
			2401	975
			2401	976
			2402	977
			2402	978
			2403	979
			2403	980
			2404	980
			2404	981
			2405	982
			2405	983
			2406	984
			2406	985
			2407	986
			2407	987
			2408	987
			2408	988
			2409	989
			2409	990
			2410	991
			2410	992
			2411	993
			2411	994
			2412	994
			2412	995
			2413	996
			2413	997
			2414	998
			2414	999
			2414	1000
			2415	1001
			2416	1002
			2416	1003
			2417	1004
			2418	1005
			2418	1006
			2419	1007
			2419	1008
			2420	1009
			2420	1010
			2420	1011
			2421	1011
			2421	1012
			2421	1013
			2422	1013
			2422	1014
			2423	1015
			2423	1016
			2424	1017
			2424	1018
			2425	1019
			2425	1020
			2426	1020
			2426	1021
			2426	1022
			2427	1023
			2427	1024
			2428	1025
			2429	1026
			2429	1027
			2430	1028
			2430	1029
			2430	1030
			2431	1031
			2431	1032
			2432	1032
			2432	1033
			2433	1034
			2433	1035
			2434	1036
			2434	1037
			2434	1038
			2435	1038
			2435	1039
			2436	1040
			2436	1041
			2437	1042
			2437	1043
			2438	1043
			2438	1044
			2438	1045
			2439	1046
			2439	1047
			2440	1048
			2440	1049
			2441	1049
			2441	1050
			2441	1051
			2442	1052
			2442	1053
			2443	1054
			2444	1055
			2444	1056
			2445	1057
			2445	1058
			2446	1059
			2446	1060
			2447	1061
			2447	1062
			2448	1063
			2448	1064
			2449	1065
			2449	1066
			2449	1067
			2450	1068
			2450	1069
			2451	1070
			2451	1071
			2452	1072
			2452	1073
			2453	1074
			2453	1075
			2454	1076
			2454	1077
			2455	1078
			2455	1079
			2456	1080
			2456	1081
			2457	1082
			2457	1083
			2458	1084
			2458	1085
			2459	1086
			2459	1087
			2460	1088
			2460	1089
			2461	1090
			2461	1091
			2461	1092
			2462	1092
			2462	1093
			2463	1094
			2463	1095
			2463	1096
			2464	1096
			2464	1097
			2464	1098
			2465	1099
			2465	1100
			2466	1101
			2466	1102
			2467	1103
			2467	1104
			2468	1105
			2468	1106
			2469	1107
			2469	1108
			2469	1109
			2470	1110
			2470	1111
			2471	1112
			2471	1113
			2472	1114
			2472	1115
			2473	1116
			2473	1117
			2474	1118
			2474	1119
			2475	1120
			2475	1121
			2475	1122
			2476	1123
			2476	1124
			2477	1125
			2477	1126
			2478	1127
			2478	1128
			2479	1129
			2479	1130
			2479	1131
			2480	1132
			2480	1133
			2481	1134
			2481	1135
			2481	1136
			2482	1137
			2482	1138
			2483	1138
			2483	1139
			2484	1140
			2484	1141
			2484	1142
			2485	1143
			2485	1144
			2485	1145
			2486	1146
			2486	1147
			2487	1148
			2487	1149
			2487	1150
			2488	1150
			2488	1151
			2489	1152
			2489	1153
			2489	1154
			2490	1155
			2490	1156
			2490	1157
			2491	1158
			2491	1159
			2492	1160
			2492	1161
			2493	1162
			2493	1163
			2493	1164
			2494	1165
			2494	1166
			2495	1167
			2495	1168
			2495	1169
			2496	1170
			2496	1171
			2496	1172
			2497	1173
			2497	1174
			2498	1175
			2498	1176
			2499	1177
			2499	1178
			2499	1179
			2500	1180
			2500	1181
			2500	1182
			2501	1183
			2501	1184
			2501	1185
			2502	1186
			2502	1187
			2503	1188
			2503	1189
			2503	1190
			2504	1191
			2504	1192
			2504	1193
			2503	1194
			2503	1195
			2503	1196
			2502	1197
			2502	1198
			2502	1199
			2501	1200
			2501	1201
			2501	1202
			2501	1203
			2500	1204
			2500	1205
			2500	1206
			2499	1207
			2499	1208
			2499	1209
			2498	1210
			2498	1211
			2498	1212
			2497	1213
			2497	1214
			2497	1215
			2496	1216
			2496	1217
			2496	1218
			2495	1219
			2495	1220
			2494	1221
			2494	1222
			2494	1223
			2494	1224
			2493	1225
			2493	1226
			2493	1227
			2492	1227
			2492	1228
			2492	1229
			2492	1230
			2491	1231
			2491	1232
			2490	1233
			2490	1234
			2490	1235
			2489	1236
			2489	1237
			2489	1238
			2488	1239
			2488	1240
			2488	1241
			2487	1242
			2487	1243
			2487	1244
			2486	1244
			2486	1245
			2486	1246
			2485	1247
			2485	1248
			2485	1249
			2484	1250
			2484	1251
			2484	1252
			2483	1253
			2483	1254
			2482	1255
			2482	1256
			2482	1257
			2481	1258
			2481	1259
			2481	1260
			2480	1261
			2480	1262
			2480	1263
			2479	1264
			2479	1265
			2478	1266
			2478	1267
			2478	1268
			2477	1269
			2477	1270
			2476	1271
			2476	1272
			2475	1273
			2475	1274
			2475	1275
			2474	1276
			2474	1277
			2474	1278
			2473	1279
			2473	1280
			2472	1281
			2472	1282
			2472	1283
			2471	1283
			2471	1284
			2471	1285
			2470	1286
			2470	1287
			2469	1288
			2469	1289
			2469	1290
			2468	1291
			2468	1292
			2467	1293
			2467	1294
			2466	1295
			2466	1296
			2465	1297
			2465	1298
			2465	1299
			2464	1300
			2464	1301
			2463	1302
			2463	1303
			2462	1304
			2462	1305
			2461	1306
			2461	1307
			2461	1308
			2460	1309
			2460	1310
			2459	1311
			2459	1312
			2458	1313
			2457	1314
			2457	1315
			2457	1316
			2456	1317
			2456	1318
			2455	1319
			2455	1320
			2454	1321
			2454	1322
			2453	1323
			2453	1324
			2452	1325
			2452	1326
			2451	1327
			2451	1328
			2450	1328
			2450	1329
			2450	1330
			2449	1331
			2449	1332
			2448	1333
			2448	1334
			2447	1334
			2447	1335
			2446	1336
			2446	1337
			2445	1338
			2445	1339
			2444	1339
			2444	1340
			2444	1341
			2443	1342
			2443	1343
			2442	1344
			2441	1345
			2441	1346
			2440	1347
			2440	1348
			2439	1349
			2438	1350
			2438	1351
			2437	1352
			2436	1353
			2436	1354
			2435	1355
			2434	1356
			2434	1357
			2433	1358
			2432	1359
			2432	1360
			2431	1361
			2431	1362
			2430	1363
			2429	1364
			2428	1365
			2428	1366
			2427	1367
			2426	1368
			2426	1369
			2425	1369
			2425	1370
			2424	1371
			2424	1372
			2423	1373
			2422	1373
			2422	1374
			2421	1375
			2421	1376
			2420	1376
			2419	1377
			2419	1378
			2418	1378
			2418	1379
			2417	1380
			2416	1381
			2415	1382
			2415	1383
			2414	1384
			2413	1384
			2412	1385
			2412	1386
			2411	1387
			2410	1387
			2410	1388
			2409	1389
			2408	1390
			2407	1390
			2407	1391
			2406	1392
			2405	1392
			2405	1393
			2404	1394
			2403	1394
			2403	1395
			2402	1396
			2401	1396
			2400	1397
			2399	1398
			2398	1399
			2397	1400
			2396	1400
			2395	1401
			2394	1402
			2393	1402
			2392	1403
			2391	1404
			2390	1405
			2389	1405
			2388	1406
			2387	1406
			2386	1407
			2385	1407
			2384	1408
			2383	1408
			2382	1409
			2381	1409
			2380	1410
			2379	1410
			2378	1411
			2377	1411
			2376	1411
			2375	1412
			2374	1412
			2373	1412
			2372	1412
			2371	1413
			2370	1413
			2369	1413
			2368	1413
			2367	1414
			2366	1414
			2365	1414
			2364	1414
			2363	1414
			2362	1414
			2361	1414
			2360	1414
			2359	1415
			2358	1415
			2357	1415
			2356	1415
			2355	1415
			2354	1414
			2353	1414
			2352	1414
			2351	1414
			2350	1414
			2349	1414
			2348	1414
			2347	1414
			2346	1413
			2345	1413
			2344	1413
			2343	1413
			2342	1412
			2341	1412
			2340	1412
			2339	1412
			2339	1411
			2338	1411
			2337	1411
			2336	1411
			2335	1410
			2334	1410
			2334	1409
			2333	1409
			2332	1409
			2331	1408
			2330	1408
			2329	1408
			2329	1407
			2328	1407
			2327	1406
			2326	1406
			2325	1405
			2324	1405
			2324	1404
			2323	1404
			2322	1403
			2321	1403
			2320	1402
			2319	1402
			2319	1401
			2318	1401
			2317	1400
			2316	1399
			2315	1399
			2314	1398
			2314	1397
			2313	1397
			2312	1396
			2311	1395
			2310	1395
			2309	1394
			2308	1393
			2307	1392
			2306	1391
			2305	1390
			2304	1389
			2303	1388
			2302	1387
			2301	1386
			2300	1385
			2299	1384
			2298	1383
			2297	1382
			2296	1381
			2295	1380
			2294	1379
			2293	1378
			2292	1377
			2292	1376
			2291	1376
			2290	1375
			2290	1374
			2289	1374
			2289	1373
			2288	1372
			2287	1371
		</Profile>
		<Eye type=matrix rownames=FALSE colnames=FALSE nrow=2469 ncol=2 as.numeric=TRUE >
			1684	940
			1683	941
			1682	941
			1681	942
			1680	942
			1679	943
			1678	943
			1677	944
			1676	944
			1675	945
			1674	945
			1673	946
			1672	947
			1671	947
			1670	948
			1669	948
			1668	949
			1667	949
			1666	950
			1665	950
			1664	951
			1663	951
			1662	952
			1661	952
			1660	953
			1659	953
			1658	954
			1657	954
			1656	955
			1655	955
			1654	955
			1654	956
			1653	956
			1652	956
			1651	957
			1650	957
			1649	958
			1648	958
			1647	959
			1646	959
			1645	960
			1644	960
			1643	961
			1642	961
			1641	961
			1640	962
			1639	963
			1638	963
			1637	964
			1636	964
			1635	964
			1634	965
			1633	965
			1632	966
			1631	966
			1630	966
			1629	967
			1628	967
			1627	968
			1626	968
			1625	969
			1624	969
			1623	969
			1622	970
			1621	971
			1620	971
			1619	971
			1618	972
			1617	972
			1616	973
			1615	973
			1614	973
			1613	974
			1612	974
			1611	975
			1610	975
			1609	975
			1608	976
			1607	976
			1606	976
			1605	977
			1604	977
			1603	978
			1602	978
			1601	978
			1601	979
			1600	979
			1599	979
			1598	980
			1597	980
			1596	980
			1595	981
			1594	981
			1593	981
			1592	982
			1591	982
			1590	982
			1589	983
			1588	983
			1587	983
			1586	984
			1585	984
			1584	984
			1584	985
			1583	985
			1582	985
			1581	986
			1580	986
			1579	986
			1578	987
			1577	987
			1576	987
			1575	988
			1574	988
			1573	988
			1572	989
			1571	989
			1570	989
			1569	990
			1568	990
			1567	990
			1566	991
			1565	991
			1564	991
			1563	992
			1562	992
			1561	992
			1560	992
			1560	993
			1559	993
			1558	993
			1557	993
			1556	994
			1555	994
			1554	994
			1553	995
			1552	995
			1551	995
			1550	996
			1549	996
			1548	996
			1547	996
			1546	997
			1545	997
			1544	997
			1543	997
			1542	998
			1541	998
			1540	998
			1539	998
			1538	999
			1537	999
			1536	999
			1535	1000
			1534	1000
			1533	1000
			1532	1000
			1531	1001
			1530	1001
			1529	1001
			1528	1001
			1527	1001
			1526	1002
			1525	1002
			1524	1002
			1523	1002
			1522	1003
			1521	1003
			1520	1003
			1519	1003
			1518	1004
			1517	1004
			1516	1004
			1515	1004
			1514	1004
			1513	1005
			1512	1005
			1511	1005
			1510	1005
			1509	1006
			1508	1006
			1507	1006
			1506	1006
			1505	1006
			1504	1007
			1503	1007
			1502	1007
			1501	1007
			1500	1007
			1499	1007
			1499	1008
			1498	1008
			1497	1008
			1496	1008
			1495	1008
			1494	1008
			1494	1009
			1493	1009
			1492	1009
			1491	1009
			1490	1009
			1489	1009
			1488	1009
			1488	1010
			1487	1010
			1486	1010
			1485	1010
			1484	1010
			1483	1010
			1482	1011
			1481	1011
			1480	1011
			1479	1011
			1478	1011
			1477	1011
			1476	1011
			1475	1012
			1474	1012
			1473	1012
			1472	1012
			1471	1012
			1470	1012
			1469	1012
			1468	1012
			1467	1013
			1466	1013
			1465	1013
			1464	1013
			1463	1013
			1462	1013
			1461	1013
			1460	1014
			1459	1014
			1458	1014
			1457	1014
			1456	1014
			1455	1014
			1454	1014
			1453	1014
			1452	1014
			1451	1014
			1450	1015
			1449	1015
			1448	1015
			1447	1015
			1446	1015
			1445	1015
			1444	1015
			1443	1015
			1442	1015
			1441	1015
			1440	1015
			1439	1016
			1438	1016
			1437	1016
			1436	1016
			1435	1016
			1434	1016
			1433	1016
			1432	1016
			1431	1016
			1430	1016
			1429	1016
			1428	1016
			1427	1016
			1426	1016
			1425	1016
			1424	1016
			1423	1016
			1422	1016
			1421	1016
			1421	1017
			1420	1017
			1419	1017
			1418	1017
			1417	1017
			1416	1017
			1415	1017
			1414	1017
			1413	1017
			1412	1017
			1411	1017
			1410	1017
			1409	1017
			1408	1017
			1407	1017
			1406	1017
			1405	1017
			1404	1017
			1403	1017
			1402	1017
			1401	1017
			1400	1017
			1399	1017
			1398	1017
			1397	1017
			1396	1017
			1395	1017
			1394	1017
			1393	1017
			1392	1017
			1391	1017
			1390	1017
			1389	1017
			1388	1017
			1387	1017
			1386	1017
			1385	1017
			1384	1017
			1383	1017
			1382	1017
			1381	1017
			1380	1017
			1379	1017
			1378	1017
			1377	1017
			1376	1016
			1375	1016
			1374	1016
			1373	1016
			1372	1016
			1371	1016
			1370	1016
			1369	1016
			1368	1016
			1367	1016
			1366	1016
			1365	1016
			1364	1016
			1363	1016
			1362	1016
			1361	1016
			1360	1016
			1359	1016
			1358	1015
			1357	1015
			1356	1015
			1355	1015
			1354	1015
			1353	1015
			1352	1015
			1351	1015
			1350	1015
			1349	1015
			1348	1015
			1347	1014
			1346	1014
			1345	1014
			1344	1014
			1343	1014
			1342	1014
			1341	1014
			1340	1014
			1339	1014
			1338	1014
			1337	1013
			1336	1013
			1335	1013
			1334	1013
			1333	1013
			1332	1013
			1331	1013
			1330	1013
			1329	1012
			1328	1012
			1327	1012
			1326	1012
			1325	1012
			1324	1012
			1323	1012
			1322	1011
			1321	1011
			1320	1011
			1319	1011
			1318	1011
			1317	1011
			1316	1011
			1315	1010
			1314	1010
			1313	1010
			1312	1010
			1311	1010
			1310	1010
			1309	1009
			1308	1009
			1307	1009
			1306	1009
			1305	1009
			1304	1009
			1303	1008
			1302	1008
			1301	1008
			1300	1008
			1299	1008
			1298	1007
			1297	1007
			1296	1007
			1295	1007
			1294	1007
			1293	1006
			1292	1006
			1291	1006
			1290	1006
			1289	1006
			1288	1006
			1287	1005
			1286	1005
			1285	1005
			1284	1005
			1283	1004
			1282	1004
			1281	1004
			1280	1004
			1279	1004
			1278	1003
			1277	1003
			1276	1003
			1275	1003
			1274	1002
			1273	1002
			1272	1002
			1271	1002
			1270	1002
			1269	1001
			1268	1001
			1267	1001
			1266	1001
			1265	1000
			1264	1000
			1263	1000
			1262	999
			1261	999
			1260	999
			1259	999
			1258	998
			1257	998
			1256	998
			1255	998
			1254	997
			1253	997
			1252	997
			1251	997
			1250	996
			1249	996
			1248	996
			1247	995
			1246	995
			1245	995
			1244	995
			1243	994
			1242	994
			1241	994
			1240	993
			1239	993
			1238	993
			1237	993
			1236	992
			1235	992
			1234	992
			1233	991
			1232	991
			1231	991
			1230	990
			1229	990
			1228	990
			1227	989
			1226	989
			1225	989
			1224	989
			1223	988
			1222	988
			1221	988
			1220	987
			1219	987
			1218	987
			1217	986
			1216	986
			1215	986
			1214	985
			1213	985
			1212	985
			1211	984
			1210	984
			1209	983
			1208	983
			1207	983
			1206	982
			1205	982
			1204	982
			1203	981
			1202	981
			1201	981
			1200	980
			1199	980
			1198	980
			1197	979
			1196	979
			1195	978
			1194	978
			1193	978
			1192	977
			1191	977
			1190	977
			1189	976
			1188	976
			1187	975
			1186	975
			1185	975
			1184	974
			1183	974
			1182	973
			1181	973
			1180	973
			1179	972
			1178	972
			1177	971
			1176	971
			1175	970
			1174	970
			1173	970
			1173	969
			1172	969
			1171	969
			1171	968
			1170	968
			1169	968
			1168	968
			1168	967
			1167	967
			1166	967
			1166	966
			1165	966
			1164	965
			1163	965
			1162	964
			1161	964
			1160	963
			1159	963
			1158	962
			1157	962
			1156	961
			1155	961
			1154	960
			1153	959
			1152	959
			1151	958
			1150	958
			1149	957
			1148	956
			1147	956
			1146	955
			1145	955
			1145	954
			1144	954
			1143	953
			1142	953
			1141	952
			1140	951
			1139	951
			1138	950
			1137	950
			1136	949
			1135	948
			1134	948
			1133	947
			1132	947
			1131	946
			1130	945
			1129	945
			1129	944
			1128	943
			1127	943
			1126	942
			1125	941
			1124	941
			1123	940
			1122	940
			1121	939
			1120	938
			1119	938
			1119	937
			1118	936
			1117	936
			1116	935
			1115	934
			1114	934
			1113	933
			1112	932
			1111	932
			1111	931
			1110	930
			1109	929
			1108	929
			1107	928
			1106	927
			1105	927
			1105	926
			1104	925
			1103	925
			1102	924
			1101	923
			1100	922
			1099	922
			1099	921
			1098	920
			1097	919
			1096	919
			1095	918
			1094	917
			1093	916
			1092	915
			1091	914
			1090	913
			1089	912
			1088	911
			1087	910
			1086	909
			1085	908
			1084	908
			1083	907
			1082	906
			1081	905
			1080	904
			1079	903
			1078	902
			1077	901
			1076	900
			1075	899
			1074	898
			1073	897
			1072	896
			1072	895
			1071	894
			1070	893
			1069	892
			1068	891
			1067	890
			1066	889
			1065	888
			1064	887
			1063	886
			1062	885
			1062	884
			1061	883
			1060	882
			1059	881
			1058	880
			1057	879
			1056	878
			1055	877
			1055	876
			1054	875
			1053	874
			1052	873
			1052	872
			1051	871
			1050	871
			1050	870
			1049	869
			1048	868
			1047	867
			1047	866
			1046	865
			1046	864
			1045	864
			1044	863
			1044	862
			1043	861
			1043	860
			1042	860
			1042	859
			1041	858
			1040	857
			1040	856
			1039	855
			1038	854
			1037	853
			1037	852
			1036	851
			1035	850
			1035	849
			1034	848
			1033	847
			1033	846
			1032	845
			1031	844
			1031	843
			1030	842
			1029	841
			1029	840
			1028	839
			1027	838
			1027	837
			1026	836
			1025	835
			1025	834
			1024	833
			1023	832
			1023	831
			1023	830
			1022	830
			1022	829
			1022	828
			1021	828
			1021	827
			1020	826
			1020	825
			1019	824
			1018	823
			1018	822
			1017	821
			1017	820
			1016	820
			1016	819
			1016	818
			1015	817
			1015	816
			1014	816
			1014	815
			1013	814
			1013	813
			1013	812
			1012	812
			1012	811
			1011	810
			1011	809
			1010	808
			1010	807
			1009	806
			1009	805
			1008	804
			1008	803
			1007	802
			1007	801
			1006	800
			1006	799
			1005	798
			1005	797
			1004	796
			1004	795
			1003	794
			1003	793
			1002	792
			1002	791
			1001	790
			1001	789
			1000	788
			1000	787
			999	786
			999	785
			998	784
			998	783
			998	782
			997	781
			997	780
			996	779
			996	778
			995	777
			995	776
			994	775
			994	774
			993	773
			993	772
			993	771
			992	770
			992	769
			991	768
			991	767
			991	766
			990	765
			990	764
			989	763
			989	762
			989	761
			988	760
			988	759
			988	758
			987	757
			987	756
			986	755
			986	754
			986	753
			985	752
			985	751
			984	750
			984	749
			984	748
			983	747
			983	746
			983	745
			982	744
			982	743
			982	742
			981	742
			981	741
			981	740
			981	739
			980	738
			980	737
			979	736
			979	735
			979	734
			978	733
			978	732
			978	731
			977	730
			977	729
			977	728
			976	727
			976	726
			976	725
			975	724
			975	723
			975	722
			974	721
			974	720
			974	719
			973	718
			973	717
			973	716
			973	715
			972	714
			972	713
			972	712
			971	711
			971	710
			971	709
			971	708
			970	707
			970	706
			970	705
			970	704
			969	703
			969	702
			969	701
			969	700
			968	700
			968	699
			968	698
			968	697
			967	696
			967	695
			967	694
			967	693
			966	692
			966	691
			966	690
			966	689
			965	688
			965	687
			965	686
			965	685
			964	685
			964	684
			964	683
			964	682
			964	681
			963	680
			963	679
			963	678
			962	677
			962	676
			962	675
			962	674
			962	673
			961	672
			961	671
			961	670
			961	669
			960	668
			960	667
			960	666
			960	665
			960	664
			959	663
			959	662
			959	661
			959	660
			958	659
			958	658
			958	657
			958	656
			958	655
			957	654
			957	653
			957	652
			957	651
			957	650
			956	649
			956	648
			956	647
			956	646
			956	645
			956	644
			955	643
			955	642
			955	641
			955	640
			955	639
			954	638
			954	637
			954	636
			954	635
			954	634
			954	633
			953	632
			953	631
			953	630
			953	629
			953	628
			952	627
			952	626
			952	625
			952	624
			952	623
			952	622
			952	621
			951	620
			951	619
			951	618
			951	617
			951	616
			951	615
			950	614
			950	613
			950	612
			950	611
			950	610
			950	609
			951	608
			951	607
			951	606
			951	605
			952	604
			952	603
			952	602
			952	601
			953	600
			953	599
			953	598
			953	597
			954	596
			954	595
			954	594
			954	593
			954	592
			955	591
			955	590
			955	589
			956	588
			956	587
			956	586
			956	585
			957	584
			957	583
			957	582
			957	581
			957	580
			958	580
			958	579
			958	578
			958	577
			959	577
			959	576
			959	575
			959	574
			959	573
			960	573
			960	572
			960	571
			960	570
			960	569
			961	569
			961	568
			961	567
			961	566
			962	566
			962	565
			962	564
			962	563
			963	562
			963	561
			963	560
			963	559
			964	558
			964	557
			964	556
			964	555
			965	554
			965	553
			966	552
			966	551
			966	550
			966	549
			967	548
			967	547
			967	546
			968	545
			968	544
			968	543
			969	542
			969	541
			969	540
			969	539
			970	538
			970	537
			970	536
			971	536
			971	535
			971	534
			972	533
			972	532
			972	531
			972	530
			973	529
			973	528
			973	527
			974	526
			974	525
			975	524
			975	523
			975	522
			976	521
			976	520
			976	519
			977	518
			977	517
			977	516
			978	515
			978	514
			978	513
			979	512
			979	511
			979	510
			980	509
			980	508
			981	507
			981	506
			981	505
			982	504
			982	503
			983	502
			983	501
			983	500
			983	499
			984	499
			984	498
			984	497
			985	496
			985	495
			986	494
			986	493
			986	492
			987	491
			987	490
			987	489
			988	488
			988	487
			989	486
			989	485
			989	484
			990	484
			990	483
			990	482
			991	482
			991	481
			991	480
			992	479
			992	478
			993	477
			993	476
			993	475
			994	475
			994	474
			994	473
			995	472
			995	471
			996	470
			996	469
			996	468
			997	467
			997	466
			998	465
			998	464
			999	463
			999	462
			1000	461
			1000	460
			1000	459
			1001	459
			1001	458
			1001	457
			1002	457
			1002	456
			1002	455
			1003	455
			1003	454
			1003	453
			1004	452
			1004	451
			1005	450
			1005	449
			1006	448
			1006	447
			1007	447
			1007	446
			1007	445
			1008	444
			1008	443
			1009	442
			1009	441
			1010	440
			1010	439
			1011	438
			1012	437
			1012	436
			1013	435
			1013	434
			1014	433
			1014	432
			1014	431
			1015	431
			1015	430
			1016	429
			1016	428
			1017	427
			1018	426
			1018	425
			1018	424
			1019	423
			1020	422
			1020	421
			1021	420
			1021	419
			1022	418
			1023	417
			1023	416
			1024	415
			1024	414
			1025	413
			1026	412
			1026	411
			1026	410
			1027	410
			1027	409
			1028	408
			1028	407
			1029	406
			1030	405
			1031	404
			1031	403
			1031	402
			1032	401
			1033	400
			1033	399
			1034	398
			1034	397
			1035	396
			1036	396
			1036	395
			1037	394
			1037	393
			1038	392
			1038	391
			1039	391
			1039	390
			1040	389
			1041	388
			1041	387
			1042	386
			1043	385
			1044	384
			1044	383
			1045	382
			1046	381
			1046	380
			1047	379
			1048	378
			1048	377
			1049	376
			1050	375
			1051	374
			1051	373
			1052	372
			1053	371
			1053	370
			1054	369
			1055	368
			1056	367
			1056	366
			1057	365
			1058	364
			1059	363
			1060	362
			1061	361
			1061	360
			1062	360
			1062	359
			1063	358
			1064	357
			1065	356
			1066	355
			1066	354
			1067	353
			1068	352
			1069	351
			1070	350
			1070	349
			1071	348
			1072	347
			1073	346
			1074	345
			1074	344
			1075	344
			1076	343
			1077	342
			1078	341
			1078	340
			1079	339
			1080	338
			1081	337
			1082	336
			1083	335
			1084	334
			1085	333
			1086	332
			1087	331
			1088	330
			1089	329
			1090	328
			1091	327
			1092	326
			1093	325
			1094	324
			1095	323
			1096	322
			1097	321
			1098	320
			1099	319
			1100	318
			1101	317
			1102	316
			1103	316
			1103	315
			1104	315
			1105	314
			1105	313
			1106	313
			1107	312
			1108	311
			1109	310
			1110	309
			1111	308
			1112	308
			1113	307
			1113	306
			1114	306
			1115	305
			1116	304
			1117	303
			1118	302
			1119	302
			1120	301
			1121	300
			1122	299
			1123	299
			1124	298
			1125	297
			1126	296
			1127	296
			1128	295
			1129	294
			1130	294
			1131	293
			1131	292
			1132	291
			1133	291
			1134	290
			1135	289
			1136	289
			1137	288
			1138	287
			1139	286
			1140	286
			1141	285
			1142	284
			1143	284
			1144	283
			1145	282
			1146	282
			1147	281
			1148	280
			1149	280
			1150	279
			1151	279
			1152	278
			1153	277
			1154	277
			1155	276
			1156	275
			1157	275
			1158	274
			1159	273
			1160	273
			1161	272
			1162	272
			1163	271
			1164	271
			1165	270
			1166	269
			1167	269
			1168	269
			1169	268
			1170	268
			1171	267
			1172	267
			1173	266
			1174	266
			1175	265
			1176	265
			1177	265
			1177	264
			1178	264
			1179	264
			1179	263
			1180	263
			1181	263
			1182	262
			1183	262
			1184	261
			1185	261
			1186	261
			1187	260
			1188	260
			1189	259
			1190	259
			1191	259
			1192	258
			1193	258
			1194	257
			1195	257
			1196	256
			1197	256
			1198	256
			1199	255
			1200	255
			1201	254
			1202	254
			1203	254
			1204	253
			1205	253
			1206	252
			1207	252
			1208	252
			1209	251
			1210	251
			1211	251
			1212	250
			1213	250
			1214	250
			1215	249
			1216	249
			1217	249
			1217	248
			1218	248
			1219	248
			1220	247
			1221	247
			1222	247
			1223	246
			1224	246
			1225	246
			1226	245
			1227	245
			1228	245
			1229	244
			1230	244
			1231	244
			1231	243
			1232	243
			1233	243
			1234	242
			1235	242
			1236	242
			1237	242
			1238	241
			1239	241
			1240	241
			1241	240
			1242	240
			1243	240
			1244	239
			1245	239
			1246	239
			1247	238
			1248	238
			1249	238
			1250	237
			1251	237
			1252	237
			1253	237
			1254	236
			1255	236
			1256	236
			1257	235
			1258	235
			1259	235
			1260	235
			1261	234
			1262	234
			1263	234
			1264	234
			1265	233
			1266	233
			1267	233
			1268	233
			1269	232
			1270	232
			1271	232
			1272	231
			1273	231
			1274	231
			1275	231
			1276	230
			1277	230
			1278	230
			1279	230
			1280	230
			1280	229
			1281	229
			1282	229
			1283	229
			1284	229
			1285	228
			1286	228
			1287	228
			1288	228
			1289	227
			1290	227
			1291	227
			1292	227
			1293	227
			1294	226
			1295	226
			1296	226
			1297	226
			1298	226
			1299	225
			1300	225
			1301	225
			1302	225
			1303	225
			1304	225
			1305	224
			1306	224
			1307	224
			1308	224
			1309	224
			1310	224
			1311	223
			1312	223
			1313	223
			1314	223
			1315	223
			1316	223
			1317	222
			1318	222
			1319	222
			1320	222
			1321	222
			1322	222
			1323	221
			1324	221
			1325	221
			1326	221
			1327	221
			1328	221
			1329	221
			1330	221
			1331	220
			1332	220
			1333	220
			1334	220
			1335	220
			1336	220
			1337	220
			1338	220
			1339	219
			1340	219
			1341	219
			1342	219
			1343	219
			1344	219
			1345	219
			1346	219
			1347	219
			1348	219
			1349	219
			1350	218
			1351	218
			1352	218
			1353	218
			1354	218
			1355	218
			1356	218
			1357	218
			1358	218
			1359	218
			1360	218
			1361	218
			1362	218
			1363	218
			1364	218
			1365	217
			1366	217
			1367	217
			1368	217
			1369	217
			1370	217
			1371	217
			1372	217
			1373	217
			1374	217
			1375	217
			1376	217
			1377	217
			1378	217
			1379	217
			1380	217
			1381	217
			1382	217
			1383	217
			1384	217
			1385	217
			1386	217
			1387	217
			1388	217
			1389	217
			1390	217
			1391	217
			1392	217
			1393	217
			1394	217
			1395	217
			1396	217
			1397	217
			1398	217
			1399	217
			1400	217
			1401	217
			1402	217
			1403	217
			1404	217
			1405	217
			1406	217
			1407	218
			1408	218
			1409	218
			1410	218
			1411	218
			1412	218
			1413	218
			1414	218
			1415	218
			1416	218
			1417	218
			1418	218
			1419	218
			1420	218
			1421	219
			1422	219
			1423	219
			1424	219
			1425	219
			1426	219
			1427	219
			1428	219
			1429	219
			1430	219
			1431	220
			1432	220
			1433	220
			1434	220
			1435	220
			1436	220
			1437	220
			1438	220
			1439	221
			1440	221
			1441	221
			1442	221
			1443	221
			1444	221
			1445	221
			1446	221
			1447	222
			1448	222
			1449	222
			1450	222
			1451	222
			1452	222
			1453	223
			1454	223
			1455	223
			1456	223
			1457	223
			1458	223
			1459	224
			1460	224
			1461	224
			1462	224
			1463	224
			1464	225
			1465	225
			1466	225
			1467	225
			1468	225
			1469	226
			1470	226
			1471	226
			1472	226
			1473	226
			1474	227
			1475	227
			1476	227
			1477	227
			1478	227
			1479	228
			1480	228
			1481	228
			1482	228
			1483	229
			1484	229
			1485	229
			1486	229
			1487	230
			1488	230
			1489	230
			1490	230
			1491	231
			1492	231
			1493	231
			1494	231
			1495	232
			1496	232
			1497	232
			1498	233
			1499	233
			1500	233
			1501	233
			1502	234
			1503	234
			1504	234
			1505	235
			1506	235
			1507	235
			1508	235
			1509	236
			1510	236
			1511	236
			1512	237
			1513	237
			1514	237
			1515	238
			1516	238
			1517	238
			1518	239
			1519	239
			1520	240
			1521	240
			1522	240
			1523	240
			1524	241
			1525	241
			1526	242
			1527	242
			1528	242
			1529	242
			1530	243
			1531	243
			1532	244
			1533	244
			1534	245
			1535	245
			1536	245
			1537	246
			1538	246
			1539	246
			1540	247
			1541	247
			1542	248
			1543	248
			1544	248
			1545	249
			1546	249
			1547	250
			1548	250
			1549	251
			1550	251
			1551	251
			1552	252
			1553	252
			1554	253
			1555	253
			1556	254
			1557	254
			1558	254
			1559	255
			1560	255
			1561	256
			1562	256
			1563	257
			1564	257
			1565	258
			1566	258
			1567	259
			1568	259
			1569	259
			1570	260
			1571	260
			1572	261
			1573	261
			1574	262
			1575	262
			1576	263
			1577	263
			1578	264
			1579	264
			1580	265
			1581	265
			1582	266
			1583	266
			1584	267
			1585	267
			1586	268
			1587	268
			1588	269
			1589	269
			1590	270
			1591	270
			1591	271
			1592	271
			1593	272
			1594	272
			1595	273
			1596	273
			1597	274
			1598	275
			1599	275
			1600	276
			1601	276
			1602	277
			1603	277
			1604	278
			1605	279
			1606	279
			1607	280
			1608	280
			1609	281
			1610	281
			1611	282
			1612	283
			1613	283
			1614	284
			1615	284
			1616	285
			1617	285
			1618	286
			1619	287
			1620	288
			1621	288
			1622	289
			1623	290
			1624	290
			1625	291
			1626	292
			1627	292
			1628	293
			1629	294
			1630	294
			1631	295
			1632	296
			1633	296
			1634	297
			1635	298
			1636	298
			1637	299
			1638	300
			1639	300
			1640	301
			1641	302
			1642	302
			1643	303
			1644	304
			1645	304
			1646	305
			1647	306
			1648	307
			1649	307
			1650	308
			1651	309
			1652	309
			1653	310
			1654	311
			1655	312
			1656	313
			1657	314
			1658	314
			1659	315
			1659	316
			1660	316
			1661	317
			1662	318
			1663	319
			1664	319
			1665	320
			1666	321
			1667	321
			1667	322
			1668	323
			1669	323
			1670	324
			1670	325
			1671	325
			1672	326
			1673	327
			1674	328
			1675	329
			1676	330
			1677	330
			1678	331
			1679	332
			1680	333
			1681	334
			1681	335
			1682	335
			1683	336
			1684	337
			1685	338
			1686	339
			1687	340
			1688	340
			1689	341
			1689	342
			1690	343
			1691	344
			1692	345
			1693	346
			1694	346
			1695	347
			1695	348
			1696	349
			1697	350
			1698	351
			1699	352
			1700	353
			1701	353
			1701	354
			1702	355
			1703	356
			1704	357
			1705	358
			1705	359
			1706	360
			1707	361
			1708	361
			1709	362
			1710	363
			1710	364
			1711	365
			1712	366
			1713	367
			1714	368
			1714	369
			1715	370
			1716	371
			1717	372
			1718	373
			1719	374
			1720	375
			1720	376
			1721	376
			1721	377
			1722	378
			1723	379
			1724	380
			1724	381
			1725	382
			1726	383
			1727	384
			1728	385
			1728	386
			1729	387
			1730	388
			1731	389
			1732	390
			1732	391
			1733	392
			1734	393
			1735	394
			1735	395
			1736	396
			1737	397
			1737	398
			1738	399
			1739	400
			1739	401
			1740	402
			1741	403
			1741	404
			1742	405
			1742	406
			1743	406
			1743	407
			1744	408
			1744	409
			1745	409
			1745	410
			1746	411
			1746	412
			1747	412
			1748	413
			1748	414
			1749	415
			1749	416
			1750	416
			1750	417
			1751	418
			1751	419
			1751	420
			1752	420
			1752	421
			1753	422
			1753	423
			1754	424
			1755	425
			1755	426
			1756	427
			1757	428
			1757	429
			1758	430
			1758	431
			1759	432
			1759	433
			1760	434
			1761	435
			1761	436
			1762	437
			1762	438
			1763	439
			1763	440
			1764	441
			1764	442
			1765	443
			1766	444
			1766	445
			1767	446
			1767	447
			1768	448
			1768	449
			1769	450
			1769	451
			1770	452
			1770	453
			1771	454
			1771	455
			1772	456
			1772	457
			1773	458
			1773	459
			1774	460
			1774	461
			1775	462
			1775	463
			1776	464
			1776	465
			1777	466
			1777	467
			1778	468
			1778	469
			1779	470
			1779	471
			1780	472
			1780	473
			1780	474
			1781	474
			1781	475
			1781	476
			1782	476
			1782	477
			1782	478
			1783	479
			1783	480
			1784	481
			1784	482
			1785	483
			1785	484
			1785	485
			1786	485
			1786	486
			1786	487
			1787	488
			1787	489
			1788	490
			1788	491
			1788	492
			1789	493
			1789	494
			1789	495
			1790	496
			1790	497
			1791	498
			1791	499
			1791	500
			1792	501
			1792	502
			1792	503
			1793	504
			1794	505
			1794	506
			1794	507
			1794	508
			1795	508
			1795	509
			1795	510
			1796	511
			1796	512
			1796	513
			1797	514
			1797	515
			1797	516
			1798	517
			1798	518
			1799	519
			1799	520
			1799	521
			1800	522
			1800	523
			1800	524
			1801	525
			1801	526
			1801	527
			1802	528
			1802	529
			1802	530
			1803	531
			1803	532
			1803	533
			1803	534
			1804	535
			1804	536
			1804	537
			1805	538
			1805	539
			1805	540
			1805	541
			1806	542
			1806	543
			1806	544
			1807	544
			1807	545
			1807	546
			1807	547
			1808	548
			1808	549
			1808	550
			1808	551
			1809	552
			1809	553
			1809	554
			1809	555
			1810	556
			1810	557
			1811	558
			1811	559
			1811	560
			1811	561
			1812	562
			1812	563
			1812	564
			1812	565
			1812	566
			1813	567
			1813	568
			1813	569
			1814	570
			1814	571
			1814	572
			1814	573
			1814	574
			1814	575
			1814	576
			1814	577
			1814	578
			1814	579
			1814	580
			1814	581
			1814	582
			1814	583
			1814	584
			1814	585
			1814	586
			1814	587
			1814	588
			1814	589
			1814	590
			1814	591
			1814	592
			1814	593
			1814	594
			1814	595
			1814	596
			1814	597
			1814	598
			1814	599
			1814	600
			1814	601
			1814	602
			1814	603
			1814	604
			1814	605
			1814	606
			1814	607
			1814	608
			1814	609
			1814	610
			1814	611
			1814	612
			1814	613
			1814	614
			1814	615
			1814	616
			1814	617
			1814	618
			1814	619
			1814	620
			1814	621
			1814	622
			1814	623
			1814	624
			1814	625
			1814	626
			1814	627
			1814	628
			1814	629
			1814	630
			1814	631
			1814	632
			1814	633
			1814	634
			1813	635
			1813	636
			1813	637
			1813	638
			1813	639
			1813	640
			1813	641
			1813	642
			1813	643
			1813	644
			1813	645
			1813	646
			1813	647
			1813	648
			1813	649
			1812	650
			1812	651
			1812	652
			1812	653
			1812	654
			1812	655
			1812	656
			1812	657
			1812	658
			1812	659
			1812	660
			1812	661
			1811	662
			1811	663
			1811	664
			1811	665
			1811	666
			1811	667
			1811	668
			1811	669
			1811	670
			1811	671
			1810	672
			1810	673
			1810	674
			1810	675
			1810	676
			1810	677
			1810	678
			1810	679
			1809	680
			1809	681
			1809	682
			1809	683
			1809	684
			1809	685
			1809	686
			1809	687
			1808	688
			1808	689
			1808	690
			1808	691
			1808	692
			1808	693
			1807	694
			1807	695
			1807	696
			1807	697
			1807	698
			1807	699
			1807	700
			1806	701
			1806	702
			1806	703
			1806	704
			1806	705
			1806	706
			1805	707
			1805	708
			1805	709
			1805	710
			1805	711
			1804	712
			1804	713
			1804	714
			1804	715
			1804	716
			1804	717
			1803	718
			1803	719
			1803	720
			1803	721
			1802	722
			1802	723
			1802	724
			1802	725
			1802	726
			1801	727
			1801	728
			1801	729
			1801	730
			1801	731
			1800	732
			1800	733
			1800	734
			1800	735
			1799	736
			1799	737
			1799	738
			1799	739
			1798	740
			1798	741
			1798	742
			1798	743
			1797	744
			1797	745
			1797	746
			1796	747
			1796	748
			1796	749
			1796	750
			1795	751
			1795	752
			1795	753
			1795	754
			1794	755
			1794	756
			1794	757
			1794	758
			1793	759
			1793	760
			1793	761
			1792	762
			1792	763
			1792	764
			1792	765
			1791	765
			1791	766
			1791	767
			1790	768
			1790	769
			1790	770
			1790	771
			1789	772
			1789	773
			1789	774
			1788	775
			1788	776
			1788	777
			1787	778
			1787	779
			1787	780
			1786	780
			1786	781
			1786	782
			1785	783
			1785	784
			1785	785
			1784	786
			1784	787
			1784	788
			1783	789
			1783	790
			1783	791
			1782	791
			1782	792
			1782	793
			1781	794
			1781	795
			1781	796
			1780	797
			1780	798
			1780	799
			1779	800
			1779	801
			1778	802
			1778	803
			1777	804
			1777	805
			1777	806
			1776	806
			1776	807
			1776	808
			1775	809
			1775	810
			1774	811
			1774	812
			1774	813
			1773	814
			1773	815
			1772	816
			1772	817
			1771	818
			1771	819
			1771	820
			1770	821
			1770	822
			1769	822
			1769	823
			1768	824
			1768	825
			1768	826
			1767	827
			1767	828
			1766	829
			1766	830
			1765	830
			1765	831
			1765	832
			1764	833
			1764	834
			1763	835
			1763	836
			1762	837
			1761	838
			1761	839
			1760	840
			1760	841
			1759	842
			1759	843
			1758	844
			1758	845
			1757	846
			1756	847
			1756	848
			1756	849
			1755	850
			1754	851
			1754	852
			1753	853
			1753	854
			1752	855
			1751	856
			1751	857
			1750	858
			1749	859
			1749	860
			1748	861
			1748	862
			1747	863
			1746	864
			1746	865
			1745	866
			1745	867
			1744	868
			1743	869
			1743	870
			1742	871
			1742	872
			1741	873
			1740	873
			1740	874
			1739	875
			1739	876
			1738	877
			1738	878
			1737	879
			1736	879
			1736	880
			1735	881
			1735	882
			1734	883
			1733	884
			1733	885
			1732	885
			1731	886
			1731	887
			1730	888
			1730	889
			1729	890
			1728	890
			1728	891
			1727	892
			1726	893
			1726	894
			1725	895
			1724	896
			1723	897
			1722	898
			1722	899
			1721	900
			1720	901
			1719	902
			1718	903
			1718	904
			1717	905
			1716	906
			1715	907
			1714	908
			1714	909
			1713	910
			1712	911
			1711	912
			1710	913
			1710	914
			1709	915
			1708	915
			1707	916
			1706	917
			1705	918
			1704	919
			1704	920
			1703	921
			1702	922
			1701	923
			1700	924
			1699	925
			1698	926
			1698	927
			1697	927
			1696	928
			1695	929
			1694	930
			1693	931
			1692	932
			1691	933
			1690	934
			1690	935
			1689	936
			1688	936
			1687	937
			1686	938
			1685	939
			1684	940
		</Eye>
	</curves.pixel>
	<ruler.points type=matrix rownames=TRUE colnames=FALSE nrow=2 ncol=2 as.numeric=TRUE >
		Ruler point 1	2	1894
		Ruler point 2	104	1894
	</ruler.points>
</shapes>

