<shapes type=list>
	<scaling type=logical names=FALSE length=1 as.numeric=FALSE >NA</scaling>
	<landmarks.pixel type=matrix rownames=TRUE colnames=FALSE nrow=11 ncol=2 as.numeric=TRUE >
		LM1Forehead	1809	316
		LM2UJFront	2206	1370
		LM3UJBack	1682	1475
		LM4LacOrb	1688	1001
		LM5QJoint	1618	1532
		LM6IOPL	1611	1642
		LM7IOPSOP	604	1610
		LM8A2A1	926	1157
		LM9A1A3	907	792
		LM10TopMuscR	793	601
		LM11TopMuscL	395	490
	</landmarks.pixel>
	<curves.control type=list>
		<Profile type=matrix rownames=FALSE colnames=FALSE nrow=7 ncol=2 as.numeric=TRUE >
			1809	316
			2047	494
			2228	733
			2460	1120
			2446	1282
			2291	1515
			2206	1370
		</Profile>
		<Eye type=matrix rownames=FALSE colnames=FALSE nrow=13 ncol=2 as.numeric=TRUE >
			1688	1001
			1467	1144
			1250	1023
			1033	862
			1046	624
			1115	355
			1336	329
			1549	290
			1723	446
			1853	581
			1840	771
			1796	932
			1688	1001
		</Eye>
	</curves.control>
	<curves.pixel type=list>
		<Profile type=matrix rownames=FALSE colnames=FALSE nrow=1339 ncol=2 as.numeric=TRUE >
			1809	316
			1810	317
			1811	317
			1812	318
			1813	319
			1814	320
			1815	320
			1816	321
			1817	322
			1818	323
			1819	324
			1820	324
			1820	325
			1821	325
			1822	326
			1823	327
			1824	328
			1825	328
			1826	329
			1827	330
			1828	330
			1829	331
			1830	332
			1831	333
			1832	333
			1833	334
			1834	335
			1835	336
			1836	336
			1837	337
			1838	338
			1839	339
			1840	339
			1841	340
			1842	341
			1843	342
			1844	342
			1845	343
			1846	344
			1847	345
			1848	346
			1849	347
			1850	347
			1850	348
			1851	348
			1852	349
			1853	349
			1853	350
			1854	351
			1855	351
			1855	352
			1856	352
			1857	353
			1858	354
			1859	355
			1860	356
			1861	356
			1862	357
			1863	358
			1864	358
			1864	359
			1865	360
			1866	360
			1867	361
			1868	361
			1868	362
			1869	363
			1870	363
			1871	364
			1872	365
			1873	365
			1873	366
			1874	367
			1875	367
			1876	368
			1877	369
			1878	370
			1879	371
			1880	372
			1881	372
			1882	373
			1883	374
			1884	375
			1885	376
			1886	376
			1887	377
			1888	378
			1889	379
			1890	380
			1891	380
			1892	381
			1893	382
			1894	383
			1895	384
			1896	385
			1897	385
			1898	386
			1899	387
			1900	388
			1901	389
			1902	389
			1903	390
			1904	391
			1904	392
			1905	393
			1906	393
			1907	394
			1908	395
			1909	396
			1910	397
			1911	397
			1912	398
			1913	399
			1914	400
			1915	401
			1916	402
			1917	402
			1918	403
			1919	404
			1920	405
			1921	406
			1922	406
			1923	407
			1924	408
			1925	409
			1926	410
			1927	411
			1928	412
			1929	413
			1930	413
			1930	414
			1931	415
			1932	415
			1933	416
			1934	417
			1935	418
			1936	419
			1937	420
			1938	420
			1939	421
			1939	422
			1940	423
			1941	423
			1942	424
			1943	425
			1944	426
			1945	427
			1946	428
			1947	429
			1948	430
			1949	430
			1950	431
			1951	432
			1952	433
			1953	434
			1954	435
			1955	436
			1956	437
			1957	437
			1958	438
			1959	439
			1960	440
			1961	441
			1962	442
			1963	443
			1964	444
			1965	444
			1966	445
			1967	446
			1968	447
			1968	448
			1969	449
			1970	450
			1971	451
			1972	451
			1973	452
			1974	453
			1975	454
			1976	455
			1977	456
			1978	457
			1979	458
			1980	459
			1981	459
			1982	460
			1983	461
			1984	462
			1985	463
			1986	464
			1987	465
			1988	466
			1989	467
			1990	467
			1990	468
			1991	469
			1992	470
			1993	471
			1994	472
			1995	473
			1996	474
			1997	475
			1998	476
			1999	476
			2000	477
			2001	478
			2002	479
			2003	480
			2004	481
			2005	482
			2006	483
			2007	484
			2007	485
			2008	485
			2009	486
			2010	487
			2011	488
			2012	489
			2013	490
			2014	491
			2015	492
			2016	493
			2017	494
			2018	495
			2019	495
			2020	496
			2021	497
			2022	498
			2022	499
			2023	500
			2024	501
			2025	502
			2026	503
			2027	504
			2028	505
			2029	505
			2030	506
			2031	507
			2032	508
			2033	509
			2034	510
			2035	511
			2035	512
			2036	513
			2037	514
			2038	515
			2039	516
			2040	517
			2041	517
			2042	518
			2043	519
			2044	520
			2045	521
			2046	522
			2046	523
			2047	524
			2048	525
			2049	526
			2050	527
			2051	528
			2052	529
			2053	530
			2054	530
			2055	531
			2056	532
			2057	533
			2057	534
			2058	535
			2059	536
			2060	537
			2061	538
			2062	539
			2063	540
			2064	541
			2065	542
			2066	543
			2067	544
			2067	545
			2068	546
			2069	546
			2070	547
			2071	548
			2072	549
			2073	550
			2074	551
			2075	552
			2076	553
			2076	554
			2077	555
			2078	556
			2079	557
			2080	558
			2081	559
			2082	560
			2083	561
			2084	562
			2084	563
			2085	564
			2086	565
			2087	565
			2088	566
			2089	567
			2090	568
			2091	569
			2092	570
			2093	571
			2093	572
			2094	573
			2095	574
			2096	575
			2097	576
			2098	577
			2099	578
			2100	579
			2100	580
			2101	581
			2102	582
			2103	583
			2104	584
			2105	585
			2106	586
			2107	587
			2108	588
			2108	589
			2109	590
			2110	591
			2111	592
			2112	592
			2113	593
			2114	594
			2115	595
			2115	596
			2116	597
			2117	598
			2118	599
			2119	600
			2120	601
			2121	602
			2122	603
			2122	604
			2123	605
			2124	606
			2125	607
			2126	608
			2127	609
			2128	610
			2128	611
			2129	612
			2130	613
			2131	614
			2132	615
			2133	616
			2134	617
			2135	618
			2135	619
			2136	620
			2137	621
			2138	622
			2139	623
			2140	624
			2141	625
			2141	626
			2142	627
			2143	628
			2144	629
			2145	630
			2146	631
			2147	632
			2147	633
			2148	634
			2149	635
			2150	636
			2151	637
			2152	638
			2153	639
			2153	640
			2154	641
			2155	642
			2156	643
			2157	644
			2158	645
			2158	646
			2159	647
			2160	648
			2161	649
			2162	650
			2163	651
			2164	652
			2164	653
			2165	654
			2166	655
			2167	656
			2168	657
			2169	658
			2169	659
			2170	660
			2171	661
			2172	662
			2173	663
			2174	664
			2174	665
			2175	666
			2176	667
			2177	668
			2178	669
			2179	670
			2179	671
			2180	672
			2181	673
			2182	674
			2183	675
			2184	676
			2184	677
			2185	678
			2186	679
			2187	680
			2188	681
			2189	682
			2189	683
			2190	684
			2190	685
			2191	685
			2191	686
			2192	687
			2193	688
			2194	689
			2195	690
			2195	691
			2196	692
			2197	693
			2198	694
			2199	695
			2200	696
			2200	697
			2201	698
			2202	699
			2202	700
			2203	701
			2204	702
			2205	703
			2205	704
			2206	704
			2207	705
			2207	706
			2208	707
			2209	708
			2210	709
			2210	710
			2211	711
			2212	712
			2212	713
			2213	713
			2214	714
			2214	715
			2215	716
			2216	717
			2217	718
			2217	719
			2218	720
			2219	721
			2219	722
			2220	722
			2221	723
			2221	724
			2222	725
			2223	726
			2223	727
			2224	728
			2225	729
			2226	730
			2226	731
			2227	732
			2228	732
			2228	733
			2229	734
			2229	735
			2230	736
			2230	737
			2231	737
			2231	738
			2232	739
			2232	740
			2233	741
			2233	742
			2234	743
			2234	744
			2235	745
			2236	746
			2237	747
			2237	748
			2238	749
			2238	750
			2239	751
			2239	752
			2240	752
			2240	753
			2240	754
			2241	754
			2241	755
			2241	756
			2242	756
			2242	757
			2243	757
			2243	758
			2243	759
			2244	759
			2244	760
			2244	761
			2245	761
			2245	762
			2246	763
			2247	764
			2247	765
			2247	766
			2248	767
			2249	768
			2250	769
			2250	770
			2251	771
			2251	772
			2252	773
			2252	774
			2253	775
			2253	776
			2254	777
			2255	778
			2255	779
			2256	780
			2256	781
			2257	781
			2257	782
			2257	783
			2258	783
			2258	784
			2258	785
			2259	785
			2259	786
			2260	787
			2261	788
			2261	789
			2261	790
			2262	791
			2263	792
			2263	793
			2264	794
			2264	795
			2265	796
			2265	797
			2266	798
			2267	799
			2268	800
			2268	801
			2268	802
			2269	802
			2269	803
			2269	804
			2270	804
			2270	805
			2271	806
			2271	807
			2272	808
			2272	809
			2273	810
			2273	811
			2274	811
			2274	812
			2275	813
			2275	814
			2276	814
			2276	815
			2276	816
			2277	817
			2277	818
			2278	818
			2278	819
			2279	820
			2279	821
			2280	822
			2280	823
			2281	824
			2281	825
			2282	826
			2282	827
			2283	828
			2283	829
			2284	829
			2284	830
			2285	831
			2285	832
			2286	833
			2286	834
			2287	835
			2288	836
			2288	837
			2289	838
			2289	839
			2290	839
			2290	840
			2291	841
			2291	842
			2292	843
			2292	844
			2293	845
			2293	846
			2294	847
			2294	848
			2295	849
			2296	850
			2296	851
			2297	852
			2297	853
			2298	854
			2298	855
			2299	856
			2299	857
			2300	858
			2300	859
			2301	860
			2301	861
			2302	862
			2302	863
			2303	864
			2303	865
			2304	866
			2304	867
			2305	867
			2305	868
			2306	869
			2306	870
			2307	871
			2307	872
			2308	873
			2308	874
			2309	875
			2309	876
			2310	877
			2311	878
			2311	879
			2312	880
			2312	881
			2313	882
			2313	883
			2314	884
			2314	885
			2315	886
			2315	887
			2316	888
			2316	889
			2317	890
			2317	891
			2318	892
			2318	893
			2319	894
			2319	895
			2320	896
			2320	897
			2321	897
			2321	898
			2322	899
			2322	900
			2323	901
			2323	902
			2324	903
			2324	904
			2325	905
			2325	906
			2326	907
			2326	908
			2327	908
			2327	909
			2327	910
			2328	911
			2328	912
			2329	913
			2329	914
			2330	915
			2330	916
			2331	917
			2332	918
			2332	919
			2333	920
			2333	921
			2334	922
			2334	923
			2335	924
			2335	925
			2335	926
			2336	926
			2336	927
			2337	928
			2337	929
			2337	930
			2338	930
			2338	931
			2339	932
			2339	933
			2340	934
			2340	935
			2341	936
			2341	937
			2342	938
			2342	939
			2342	940
			2343	941
			2344	942
			2344	943
			2345	944
			2345	945
			2346	946
			2346	947
			2347	948
			2347	949
			2347	950
			2348	951
			2349	952
			2349	953
			2349	954
			2350	955
			2350	956
			2351	957
			2351	958
			2352	959
			2352	960
			2353	960
			2353	961
			2354	962
			2354	963
			2354	964
			2355	965
			2355	966
			2356	967
			2356	968
			2357	969
			2357	970
			2358	971
			2358	972
			2359	973
			2359	974
			2360	975
			2360	976
			2361	977
			2361	978
			2362	979
			2362	980
			2362	981
			2363	981
			2363	982
			2363	983
			2364	984
			2364	985
			2365	986
			2365	987
			2366	988
			2366	989
			2367	990
			2367	991
			2367	992
			2368	993
			2368	994
			2369	995
			2370	996
			2370	997
			2370	998
			2371	999
			2371	1000
			2372	1001
			2372	1002
			2373	1003
			2373	1004
			2373	1005
			2374	1005
			2374	1006
			2374	1007
			2375	1008
			2375	1009
			2376	1010
			2376	1011
			2377	1012
			2377	1013
			2378	1014
			2378	1015
			2378	1016
			2379	1017
			2379	1018
			2380	1019
			2380	1020
			2381	1021
			2381	1022
			2382	1023
			2382	1024
			2382	1025
			2383	1026
			2383	1027
			2384	1028
			2384	1029
			2384	1030
			2385	1030
			2385	1031
			2385	1032
			2386	1033
			2386	1034
			2387	1035
			2387	1036
			2388	1037
			2388	1038
			2388	1039
			2389	1040
			2389	1041
			2389	1042
			2390	1043
			2390	1044
			2391	1044
			2391	1045
			2391	1046
			2392	1047
			2392	1048
			2393	1049
			2393	1050
			2393	1051
			2394	1052
			2394	1053
			2394	1054
			2395	1055
			2396	1056
			2396	1057
			2396	1058
			2397	1059
			2397	1060
			2398	1061
			2398	1062
			2398	1063
			2399	1064
			2399	1065
			2399	1066
			2400	1067
			2400	1068
			2401	1069
			2401	1070
			2401	1071
			2402	1072
			2402	1073
			2402	1074
			2403	1074
			2403	1075
			2403	1076
			2404	1077
			2404	1078
			2404	1079
			2405	1080
			2405	1081
			2405	1082
			2406	1083
			2406	1084
			2407	1085
			2407	1086
			2407	1087
			2408	1088
			2408	1089
			2409	1090
			2409	1091
			2409	1092
			2410	1093
			2410	1094
			2410	1095
			2411	1096
			2411	1097
			2411	1098
			2412	1099
			2412	1100
			2412	1101
			2413	1102
			2413	1103
			2414	1104
			2414	1105
			2414	1106
			2415	1107
			2415	1108
			2415	1109
			2416	1110
			2416	1111
			2416	1112
			2417	1113
			2417	1114
			2417	1115
			2418	1116
			2418	1117
			2418	1118
			2419	1119
			2419	1120
			2419	1121
			2420	1121
			2420	1122
			2420	1123
			2420	1124
			2421	1125
			2421	1126
			2421	1127
			2422	1128
			2422	1129
			2422	1130
			2422	1131
			2423	1131
			2423	1132
			2423	1133
			2424	1134
			2424	1135
			2424	1136
			2424	1137
			2425	1138
			2425	1139
			2425	1140
			2426	1141
			2426	1142
			2426	1143
			2426	1144
			2427	1144
			2427	1145
			2427	1146
			2427	1147
			2428	1148
			2428	1149
			2428	1150
			2429	1151
			2429	1152
			2429	1153
			2429	1154
			2430	1155
			2430	1156
			2430	1157
			2430	1158
			2431	1158
			2431	1159
			2431	1160
			2431	1161
			2432	1162
			2432	1163
			2432	1164
			2432	1165
			2433	1166
			2433	1167
			2433	1168
			2434	1169
			2434	1170
			2434	1171
			2434	1172
			2434	1173
			2435	1174
			2435	1175
			2435	1176
			2435	1177
			2436	1178
			2436	1179
			2436	1180
			2436	1181
			2436	1182
			2437	1183
			2437	1184
			2437	1185
			2437	1186
			2438	1187
			2438	1188
			2438	1189
			2438	1190
			2439	1191
			2439	1192
			2439	1193
			2439	1194
			2439	1195
			2440	1196
			2440	1197
			2440	1198
			2440	1199
			2440	1200
			2441	1201
			2441	1202
			2441	1203
			2441	1204
			2441	1205
			2441	1206
			2441	1207
			2442	1207
			2442	1208
			2442	1209
			2442	1210
			2442	1211
			2442	1212
			2443	1213
			2443	1214
			2443	1215
			2443	1216
			2443	1217
			2443	1218
			2443	1219
			2444	1220
			2444	1221
			2444	1222
			2444	1223
			2444	1224
			2444	1225
			2444	1226
			2445	1227
			2445	1228
			2445	1229
			2445	1230
			2445	1231
			2445	1232
			2445	1233
			2445	1234
			2445	1235
			2445	1236
			2446	1236
			2446	1237
			2446	1238
			2446	1239
			2446	1240
			2446	1241
			2446	1242
			2446	1243
			2446	1244
			2446	1245
			2446	1246
			2446	1247
			2446	1248
			2446	1249
			2446	1250
			2447	1251
			2447	1252
			2447	1253
			2447	1254
			2447	1255
			2447	1256
			2447	1257
			2447	1258
			2447	1259
			2447	1260
			2447	1261
			2447	1262
			2447	1263
			2447	1264
			2447	1265
			2447	1266
			2447	1267
			2447	1268
			2447	1269
			2447	1270
			2447	1271
			2447	1272
			2447	1273
			2447	1274
			2446	1275
			2446	1276
			2446	1277
			2446	1278
			2446	1279
			2446	1280
			2446	1281
			2446	1282
			2445	1283
			2445	1284
			2444	1285
			2444	1286
			2443	1286
			2443	1287
			2442	1288
			2441	1289
			2441	1290
			2440	1291
			2439	1292
			2439	1293
			2438	1293
			2438	1294
			2437	1295
			2437	1296
			2436	1297
			2435	1298
			2434	1299
			2434	1300
			2433	1301
			2432	1302
			2431	1303
			2431	1304
			2430	1305
			2429	1306
			2429	1307
			2428	1308
			2427	1309
			2427	1310
			2426	1311
			2425	1312
			2425	1313
			2424	1314
			2423	1315
			2423	1316
			2422	1317
			2421	1317
			2421	1318
			2420	1319
			2419	1320
			2419	1321
			2418	1322
			2417	1323
			2416	1324
			2416	1325
			2415	1326
			2414	1326
			2414	1327
			2413	1328
			2412	1329
			2412	1330
			2411	1331
			2410	1332
			2410	1333
			2409	1333
			2408	1334
			2408	1335
			2407	1336
			2406	1337
			2406	1338
			2405	1338
			2404	1339
			2404	1340
			2403	1341
			2402	1342
			2401	1343
			2400	1344
			2400	1345
			2399	1346
			2398	1347
			2397	1348
			2396	1349
			2396	1350
			2395	1351
			2394	1352
			2393	1353
			2393	1354
			2392	1354
			2391	1355
			2390	1356
			2389	1357
			2389	1358
			2388	1359
			2387	1360
			2386	1361
			2385	1362
			2384	1363
			2383	1364
			2382	1365
			2381	1366
			2380	1367
			2379	1368
			2378	1369
			2378	1370
			2377	1371
			2376	1372
			2375	1373
			2374	1374
			2373	1375
			2372	1376
			2371	1377
			2370	1377
			2369	1378
			2369	1379
			2368	1380
			2367	1381
			2366	1382
			2365	1383
			2364	1383
			2363	1384
			2362	1385
			2361	1386
			2361	1387
			2360	1387
			2359	1388
			2358	1389
			2357	1390
			2356	1391
			2355	1391
			2354	1392
			2354	1393
			2353	1393
			2352	1394
			2351	1395
			2350	1396
			2349	1396
			2348	1397
			2348	1398
			2347	1398
			2346	1399
			2345	1400
			2344	1400
			2343	1401
			2342	1402
			2341	1403
			2340	1404
			2339	1404
			2338	1405
			2337	1406
			2336	1406
			2335	1407
			2334	1408
			2333	1408
			2332	1409
			2331	1410
			2330	1410
			2329	1411
			2328	1411
			2327	1412
			2326	1412
			2325	1413
			2324	1414
			2323	1414
			2322	1415
			2321	1415
			2320	1416
			2319	1416
			2318	1417
			2317	1417
			2316	1417
			2315	1418
			2314	1418
			2313	1419
			2312	1419
			2311	1419
			2310	1420
			2309	1420
			2308	1421
			2307	1421
			2306	1422
			2305	1422
			2304	1422
			2303	1422
			2302	1423
			2301	1423
			2300	1423
			2299	1423
			2298	1424
			2297	1424
			2296	1424
			2295	1424
			2294	1424
			2293	1425
			2292	1425
			2291	1425
			2290	1425
			2289	1425
			2288	1425
			2287	1425
			2286	1425
			2286	1426
			2285	1426
			2284	1426
			2283	1426
			2282	1426
			2281	1426
			2280	1426
			2279	1426
			2278	1426
			2277	1425
			2276	1425
			2275	1425
			2274	1425
			2273	1425
			2272	1425
			2271	1425
			2270	1425
			2269	1424
			2268	1424
			2267	1424
			2266	1424
			2265	1423
			2264	1423
			2263	1423
			2262	1423
			2261	1422
			2260	1422
			2259	1421
			2258	1421
			2257	1421
			2256	1420
			2255	1420
			2254	1420
			2254	1419
			2253	1419
			2252	1419
			2252	1418
			2251	1418
			2250	1417
			2249	1417
			2248	1416
			2247	1416
			2246	1415
			2245	1414
			2244	1413
			2243	1413
			2242	1412
			2241	1412
			2240	1411
			2239	1410
			2238	1410
			2238	1409
			2237	1408
			2236	1407
			2235	1407
			2234	1406
			2233	1405
			2232	1404
			2231	1403
			2230	1402
			2229	1401
			2228	1400
			2227	1399
			2226	1398
			2225	1397
			2224	1396
			2223	1395
			2223	1394
			2222	1393
			2221	1392
			2220	1391
			2219	1390
			2219	1389
			2218	1388
			2217	1387
			2217	1386
			2216	1385
			2215	1384
			2214	1383
			2214	1382
			2213	1381
			2212	1380
			2212	1379
			2211	1378
			2211	1377
			2210	1376
			2209	1375
			2209	1374
			2208	1373
			2207	1372
			2207	1371
			2206	1370
		</Profile>
		<Eye type=matrix rownames=FALSE colnames=FALSE nrow=2260 ncol=2 as.numeric=TRUE >
			1688	1001
			1687	1002
			1686	1002
			1685	1003
			1684	1004
			1683	1004
			1682	1005
			1681	1005
			1681	1006
			1680	1006
			1679	1007
			1678	1007
			1677	1008
			1676	1009
			1675	1009
			1674	1010
			1673	1011
			1672	1011
			1671	1012
			1670	1012
			1669	1013
			1668	1013
			1667	1014
			1666	1014
			1665	1015
			1664	1016
			1663	1016
			1662	1017
			1661	1017
			1661	1018
			1660	1018
			1659	1019
			1658	1019
			1657	1020
			1656	1020
			1655	1021
			1654	1021
			1653	1022
			1652	1023
			1651	1023
			1650	1024
			1649	1024
			1648	1025
			1647	1025
			1646	1026
			1645	1026
			1645	1027
			1644	1027
			1643	1028
			1642	1028
			1641	1029
			1640	1029
			1639	1030
			1638	1030
			1637	1030
			1636	1031
			1635	1031
			1634	1032
			1633	1032
			1632	1033
			1631	1033
			1630	1034
			1629	1035
			1628	1035
			1627	1035
			1627	1036
			1626	1036
			1625	1036
			1625	1037
			1624	1037
			1623	1037
			1622	1038
			1621	1038
			1620	1039
			1619	1039
			1618	1040
			1617	1040
			1616	1041
			1615	1041
			1614	1042
			1613	1042
			1612	1042
			1611	1043
			1610	1043
			1609	1044
			1608	1044
			1607	1045
			1606	1045
			1605	1045
			1604	1046
			1603	1046
			1602	1047
			1601	1047
			1600	1047
			1599	1048
			1598	1048
			1597	1049
			1596	1049
			1595	1049
			1594	1050
			1593	1050
			1592	1051
			1591	1051
			1590	1051
			1589	1052
			1588	1052
			1587	1053
			1586	1053
			1585	1053
			1584	1054
			1583	1054
			1582	1055
			1581	1055
			1580	1055
			1579	1056
			1578	1056
			1577	1056
			1576	1057
			1575	1057
			1574	1057
			1573	1058
			1572	1058
			1571	1058
			1570	1059
			1569	1059
			1568	1059
			1567	1060
			1566	1060
			1565	1060
			1564	1061
			1563	1061
			1562	1061
			1561	1062
			1560	1062
			1559	1062
			1558	1062
			1557	1063
			1556	1063
			1555	1063
			1554	1064
			1553	1064
			1552	1064
			1551	1064
			1550	1065
			1549	1065
			1548	1065
			1547	1066
			1546	1066
			1545	1066
			1544	1066
			1543	1067
			1542	1067
			1541	1067
			1540	1067
			1539	1068
			1538	1068
			1537	1068
			1536	1068
			1535	1069
			1534	1069
			1533	1069
			1532	1069
			1531	1069
			1530	1070
			1529	1070
			1528	1070
			1527	1070
			1526	1071
			1525	1071
			1524	1071
			1523	1071
			1522	1071
			1521	1071
			1521	1072
			1520	1072
			1519	1072
			1518	1072
			1517	1072
			1516	1072
			1515	1073
			1514	1073
			1513	1073
			1512	1073
			1511	1073
			1510	1074
			1509	1074
			1508	1074
			1507	1074
			1506	1074
			1505	1074
			1504	1074
			1503	1075
			1502	1075
			1501	1075
			1500	1075
			1499	1075
			1498	1075
			1497	1075
			1496	1076
			1495	1076
			1494	1076
			1493	1076
			1492	1076
			1491	1076
			1490	1076
			1489	1076
			1488	1076
			1487	1077
			1486	1077
			1485	1077
			1484	1077
			1483	1077
			1482	1077
			1481	1077
			1480	1077
			1479	1077
			1478	1077
			1477	1077
			1476	1078
			1475	1078
			1474	1078
			1473	1078
			1472	1078
			1471	1078
			1470	1078
			1469	1078
			1468	1078
			1467	1078
			1466	1078
			1465	1078
			1464	1078
			1463	1078
			1462	1078
			1461	1078
			1460	1078
			1459	1078
			1458	1078
			1457	1078
			1456	1078
			1455	1078
			1454	1078
			1453	1078
			1452	1078
			1451	1078
			1450	1078
			1449	1078
			1448	1078
			1447	1078
			1446	1078
			1445	1078
			1444	1078
			1443	1078
			1442	1078
			1441	1078
			1440	1078
			1439	1078
			1438	1078
			1437	1078
			1436	1078
			1435	1078
			1434	1078
			1433	1078
			1432	1078
			1431	1078
			1430	1078
			1429	1078
			1428	1078
			1427	1078
			1426	1078
			1425	1078
			1424	1078
			1423	1077
			1422	1077
			1421	1077
			1420	1077
			1419	1077
			1418	1077
			1417	1077
			1416	1077
			1415	1077
			1414	1077
			1413	1077
			1412	1076
			1411	1076
			1410	1076
			1409	1076
			1408	1076
			1407	1076
			1406	1076
			1405	1076
			1404	1076
			1403	1075
			1402	1075
			1401	1075
			1400	1075
			1399	1075
			1398	1075
			1397	1075
			1396	1074
			1395	1074
			1394	1074
			1393	1074
			1392	1074
			1391	1074
			1390	1073
			1389	1073
			1388	1073
			1387	1073
			1386	1073
			1385	1073
			1384	1072
			1383	1072
			1382	1072
			1381	1072
			1380	1072
			1379	1071
			1378	1071
			1377	1071
			1376	1071
			1375	1071
			1374	1070
			1373	1070
			1372	1070
			1371	1070
			1370	1070
			1369	1069
			1368	1069
			1367	1069
			1366	1069
			1365	1068
			1364	1068
			1363	1068
			1362	1068
			1361	1068
			1360	1067
			1359	1067
			1358	1067
			1357	1067
			1356	1066
			1355	1066
			1354	1066
			1353	1065
			1352	1065
			1351	1065
			1350	1065
			1349	1064
			1348	1064
			1347	1064
			1346	1064
			1345	1063
			1344	1063
			1343	1063
			1342	1062
			1341	1062
			1340	1062
			1339	1061
			1338	1061
			1337	1061
			1336	1061
			1335	1060
			1334	1060
			1333	1060
			1332	1059
			1331	1059
			1330	1059
			1329	1058
			1328	1058
			1327	1058
			1326	1057
			1325	1057
			1324	1057
			1323	1056
			1322	1056
			1321	1055
			1320	1055
			1319	1055
			1318	1054
			1317	1054
			1316	1054
			1315	1053
			1314	1053
			1313	1053
			1312	1052
			1311	1052
			1310	1051
			1309	1051
			1308	1051
			1307	1050
			1306	1050
			1305	1049
			1304	1049
			1303	1049
			1302	1048
			1301	1048
			1300	1047
			1299	1047
			1298	1047
			1297	1046
			1296	1046
			1295	1045
			1294	1045
			1293	1044
			1292	1044
			1291	1044
			1290	1043
			1289	1043
			1288	1042
			1287	1042
			1286	1041
			1285	1041
			1284	1040
			1283	1040
			1282	1039
			1281	1039
			1280	1039
			1279	1038
			1278	1038
			1277	1037
			1276	1037
			1275	1036
			1274	1036
			1273	1035
			1272	1035
			1271	1034
			1270	1034
			1269	1033
			1268	1033
			1267	1032
			1266	1032
			1265	1031
			1264	1031
			1263	1030
			1262	1030
			1261	1029
			1260	1029
			1259	1028
			1258	1028
			1257	1027
			1256	1027
			1255	1026
			1254	1025
			1253	1025
			1252	1024
			1251	1024
			1250	1023
			1249	1023
			1248	1022
			1247	1021
			1246	1020
			1245	1019
			1244	1018
			1243	1018
			1242	1017
			1241	1016
			1240	1015
			1239	1015
			1238	1014
			1237	1013
			1236	1013
			1235	1012
			1235	1011
			1234	1011
			1233	1010
			1232	1009
			1231	1009
			1231	1008
			1230	1007
			1229	1007
			1228	1006
			1227	1005
			1226	1005
			1226	1004
			1225	1003
			1224	1003
			1223	1002
			1222	1002
			1222	1001
			1221	1000
			1220	1000
			1219	999
			1219	998
			1218	998
			1217	997
			1216	996
			1215	996
			1215	995
			1214	994
			1213	994
			1212	993
			1211	992
			1210	991
			1209	990
			1208	989
			1207	989
			1206	988
			1205	987
			1204	986
			1204	985
			1203	985
			1202	984
			1201	983
			1200	982
			1199	981
			1198	980
			1197	980
			1196	979
			1196	978
			1195	977
			1194	976
			1193	976
			1192	975
			1191	974
			1190	973
			1189	972
			1188	971
			1187	970
			1186	969
			1185	968
			1184	967
			1183	966
			1182	965
			1181	964
			1180	963
			1179	962
			1178	961
			1177	960
			1176	959
			1175	958
			1174	957
			1173	956
			1172	955
			1171	954
			1170	953
			1169	952
			1168	951
			1167	950
			1166	949
			1165	948
			1164	947
			1163	946
			1162	945
			1161	944
			1160	943
			1159	942
			1158	941
			1158	940
			1157	939
			1156	938
			1155	937
			1154	936
			1154	935
			1153	935
			1153	934
			1152	933
			1151	932
			1150	931
			1149	930
			1148	929
			1148	928
			1147	927
			1146	927
			1146	926
			1145	925
			1145	924
			1144	924
			1143	923
			1143	922
			1142	921
			1141	920
			1140	919
			1139	918
			1139	917
			1138	916
			1137	915
			1136	914
			1135	913
			1135	912
			1134	911
			1133	910
			1132	909
			1131	908
			1131	907
			1130	906
			1130	905
			1129	905
			1128	904
			1128	903
			1127	902
			1127	901
			1126	901
			1126	900
			1125	899
			1124	898
			1124	897
			1123	897
			1123	896
			1122	895
			1122	894
			1121	893
			1120	893
			1120	892
			1119	891
			1119	890
			1118	889
			1117	888
			1116	887
			1116	886
			1115	885
			1115	884
			1114	883
			1113	882
			1113	881
			1112	880
			1111	879
			1111	878
			1110	877
			1109	876
			1109	875
			1108	874
			1108	873
			1107	872
			1106	871
			1106	870
			1105	869
			1105	868
			1104	867
			1103	866
			1103	865
			1102	864
			1102	863
			1101	862
			1101	861
			1100	860
			1099	859
			1099	858
			1098	857
			1098	856
			1097	855
			1097	854
			1096	853
			1095	852
			1095	851
			1094	850
			1094	849
			1093	848
			1093	847
			1092	846
			1092	845
			1091	844
			1091	843
			1090	842
			1090	841
			1089	840
			1089	839
			1088	838
			1088	837
			1087	836
			1087	835
			1086	834
			1086	833
			1085	832
			1085	831
			1084	830
			1084	829
			1083	828
			1083	827
			1082	826
			1082	825
			1081	824
			1081	823
			1081	822
			1080	821
			1080	820
			1079	819
			1079	818
			1078	817
			1078	816
			1078	815
			1077	815
			1077	814
			1077	813
			1076	812
			1076	811
			1075	810
			1075	809
			1075	808
			1074	807
			1074	806
			1074	805
			1073	804
			1073	803
			1072	802
			1072	801
			1072	800
			1071	800
			1071	799
			1071	798
			1070	797
			1070	796
			1070	795
			1069	794
			1069	793
			1069	792
			1068	791
			1068	790
			1068	789
			1067	788
			1067	787
			1067	786
			1066	785
			1066	784
			1066	783
			1065	782
			1065	781
			1065	780
			1064	779
			1064	778
			1064	777
			1064	776
			1063	775
			1063	774
			1063	773
			1062	773
			1062	772
			1062	771
			1062	770
			1061	769
			1061	768
			1061	767
			1060	766
			1060	765
			1060	764
			1060	763
			1059	762
			1059	761
			1059	760
			1059	759
			1058	758
			1058	757
			1058	756
			1058	755
			1057	754
			1057	753
			1057	752
			1057	751
			1056	750
			1056	749
			1056	748
			1056	747
			1056	746
			1055	745
			1055	744
			1055	743
			1055	742
			1054	741
			1054	740
			1054	739
			1054	738
			1054	737
			1053	736
			1053	735
			1053	734
			1053	733
			1053	732
			1052	731
			1052	730
			1052	729
			1052	728
			1052	727
			1052	726
			1051	725
			1051	724
			1051	723
			1051	722
			1051	721
			1051	720
			1050	719
			1050	718
			1050	717
			1050	716
			1050	715
			1050	714
			1050	713
			1049	712
			1049	711
			1049	710
			1049	709
			1049	708
			1049	707
			1049	706
			1048	705
			1048	704
			1048	703
			1048	702
			1048	701
			1048	700
			1048	699
			1048	698
			1048	697
			1048	696
			1047	695
			1047	694
			1047	693
			1047	692
			1047	691
			1047	690
			1047	689
			1047	688
			1047	687
			1047	686
			1047	685
			1046	684
			1046	683
			1046	682
			1046	681
			1046	680
			1046	679
			1046	678
			1046	677
			1046	676
			1046	675
			1046	674
			1046	673
			1046	672
			1046	671
			1046	670
			1046	669
			1046	668
			1046	667
			1046	666
			1045	665
			1045	664
			1045	663
			1045	662
			1045	661
			1045	660
			1045	659
			1045	658
			1045	657
			1045	656
			1045	655
			1045	654
			1045	653
			1045	652
			1045	651
			1045	650
			1045	649
			1045	648
			1045	647
			1045	646
			1045	645
			1045	644
			1045	643
			1045	642
			1045	641
			1045	640
			1045	639
			1045	638
			1045	637
			1045	636
			1046	635
			1046	634
			1046	633
			1046	632
			1046	631
			1046	630
			1046	629
			1046	628
			1046	627
			1046	626
			1046	625
			1046	624
			1046	623
			1047	622
			1047	621
			1047	620
			1047	619
			1048	618
			1048	617
			1048	616
			1048	615
			1049	614
			1049	613
			1049	612
			1049	611
			1050	610
			1050	609
			1050	608
			1051	607
			1051	606
			1051	605
			1051	604
			1052	603
			1052	602
			1052	601
			1052	600
			1053	599
			1053	598
			1054	597
			1054	596
			1054	595
			1055	594
			1055	593
			1055	592
			1055	591
			1056	590
			1056	589
			1056	588
			1057	587
			1057	586
			1057	585
			1058	584
			1058	583
			1058	582
			1058	581
			1059	580
			1059	579
			1059	578
			1060	577
			1060	576
			1060	575
			1061	575
			1061	574
			1061	573
			1062	572
			1062	571
			1062	570
			1063	569
			1063	568
			1063	567
			1064	566
			1064	565
			1064	564
			1065	563
			1065	562
			1066	561
			1066	560
			1066	559
			1067	558
			1067	557
			1067	556
			1068	555
			1068	554
			1069	553
			1069	552
			1069	551
			1070	550
			1070	549
			1070	548
			1071	547
			1071	546
			1071	545
			1072	545
			1072	544
			1073	543
			1073	542
			1073	541
			1074	540
			1074	539
			1074	538
			1075	537
			1075	536
			1076	536
			1076	535
			1076	534
			1077	533
			1077	532
			1077	531
			1078	530
			1078	529
			1079	529
			1079	528
			1079	527
			1080	526
			1080	525
			1081	524
			1081	523
			1081	522
			1082	522
			1082	521
			1083	520
			1083	519
			1083	518
			1084	517
			1085	516
			1085	515
			1086	514
			1086	513
			1087	512
			1087	511
			1087	510
			1088	509
			1088	508
			1089	507
			1089	506
			1090	505
			1091	504
			1091	503
			1092	502
			1092	501
			1093	500
			1093	499
			1094	498
			1094	497
			1095	496
			1095	495
			1096	494
			1096	493
			1097	492
			1097	491
			1098	490
			1098	489
			1099	488
			1099	487
			1100	486
			1101	485
			1102	484
			1102	483
			1102	482
			1103	482
			1103	481
			1104	480
			1104	479
			1105	478
			1106	477
			1106	476
			1107	475
			1107	474
			1108	474
			1108	473
			1109	472
			1109	471
			1110	471
			1110	470
			1111	469
			1111	468
			1112	468
			1112	467
			1113	466
			1113	465
			1114	465
			1114	464
			1115	463
			1115	462
			1116	462
			1116	461
			1117	460
			1117	459
			1118	459
			1118	458
			1119	457
			1119	456
			1120	456
			1120	455
			1121	454
			1122	453
			1122	452
			1123	451
			1124	450
			1124	449
			1125	449
			1125	448
			1126	447
			1127	446
			1127	445
			1128	444
			1129	444
			1129	443
			1130	442
			1131	441
			1131	440
			1132	439
			1133	439
			1133	438
			1134	437
			1135	436
			1135	435
			1136	435
			1137	434
			1137	433
			1138	432
			1139	431
			1140	430
			1141	429
			1142	428
			1142	427
			1143	426
			1144	425
			1145	424
			1146	424
			1146	423
			1147	422
			1148	421
			1149	420
			1150	419
			1151	418
			1152	417
			1152	416
			1153	416
			1154	415
			1155	414
			1156	413
			1157	412
			1158	411
			1158	410
			1159	410
			1160	409
			1161	408
			1162	407
			1163	406
			1164	405
			1165	405
			1165	404
			1166	403
			1167	402
			1168	401
			1169	401
			1170	400
			1171	399
			1172	398
			1173	398
			1174	397
			1174	396
			1175	395
			1176	394
			1177	394
			1178	393
			1179	392
			1180	391
			1181	391
			1182	390
			1183	389
			1184	389
			1185	388
			1186	387
			1187	386
			1188	386
			1188	385
			1189	384
			1190	384
			1191	383
			1192	382
			1193	381
			1194	381
			1195	380
			1196	379
			1197	379
			1198	378
			1199	377
			1200	377
			1201	376
			1202	376
			1203	375
			1204	374
			1205	374
			1206	373
			1207	372
			1208	372
			1209	371
			1210	371
			1211	370
			1212	369
			1213	369
			1214	368
			1215	368
			1216	367
			1217	366
			1218	366
			1219	365
			1220	365
			1221	364
			1222	364
			1223	363
			1224	363
			1225	362
			1226	362
			1227	361
			1228	361
			1229	360
			1230	360
			1231	359
			1232	359
			1233	358
			1234	358
			1235	357
			1236	357
			1237	356
			1238	356
			1239	355
			1240	355
			1241	354
			1242	354
			1243	353
			1244	353
			1245	353
			1246	352
			1247	352
			1248	351
			1249	351
			1250	351
			1251	350
			1252	350
			1253	349
			1254	349
			1255	349
			1256	348
			1257	348
			1258	347
			1259	347
			1260	347
			1261	346
			1262	346
			1263	346
			1264	345
			1265	345
			1266	344
			1267	344
			1268	344
			1269	344
			1270	343
			1271	343
			1272	343
			1273	342
			1274	342
			1275	342
			1276	341
			1277	341
			1278	341
			1279	340
			1280	340
			1281	340
			1282	340
			1283	339
			1284	339
			1285	339
			1286	338
			1287	338
			1288	338
			1289	338
			1290	337
			1291	337
			1292	337
			1293	337
			1294	337
			1294	336
			1295	336
			1296	336
			1297	336
			1298	336
			1299	335
			1300	335
			1301	335
			1302	335
			1303	334
			1304	334
			1305	334
			1306	334
			1307	334
			1308	333
			1309	333
			1310	333
			1311	333
			1312	333
			1313	332
			1314	332
			1315	332
			1316	332
			1317	332
			1318	332
			1319	331
			1320	331
			1321	331
			1322	331
			1323	331
			1324	331
			1325	330
			1326	330
			1327	330
			1328	330
			1329	330
			1330	330
			1331	330
			1332	329
			1333	329
			1334	329
			1335	329
			1336	329
			1337	329
			1338	329
			1339	328
			1340	328
			1341	328
			1342	328
			1343	328
			1344	328
			1345	327
			1346	327
			1347	327
			1348	327
			1349	327
			1350	327
			1351	326
			1352	326
			1353	326
			1354	326
			1355	326
			1356	326
			1357	326
			1358	325
			1359	325
			1360	325
			1361	325
			1362	325
			1363	325
			1364	325
			1365	325
			1366	324
			1367	324
			1368	324
			1369	324
			1370	324
			1371	324
			1372	324
			1373	324
			1374	324
			1375	323
			1376	323
			1377	323
			1378	323
			1379	323
			1380	323
			1381	323
			1382	323
			1383	323
			1384	323
			1385	323
			1386	323
			1387	322
			1388	322
			1389	322
			1390	322
			1391	322
			1392	322
			1393	322
			1394	322
			1395	322
			1396	322
			1397	322
			1398	322
			1399	322
			1400	322
			1401	322
			1402	322
			1403	322
			1404	321
			1405	321
			1406	321
			1407	321
			1408	321
			1409	321
			1410	321
			1411	321
			1412	321
			1413	321
			1414	321
			1415	321
			1416	321
			1417	321
			1418	321
			1419	321
			1420	321
			1421	321
			1422	321
			1423	321
			1424	321
			1425	321
			1426	321
			1427	321
			1428	321
			1429	321
			1430	321
			1431	321
			1432	321
			1433	321
			1434	321
			1435	321
			1436	321
			1437	322
			1438	322
			1439	322
			1440	322
			1441	322
			1442	322
			1443	322
			1444	322
			1445	322
			1446	322
			1447	322
			1448	322
			1449	322
			1450	322
			1451	322
			1452	322
			1453	323
			1454	323
			1455	323
			1456	323
			1457	323
			1458	323
			1459	323
			1460	323
			1461	323
			1462	323
			1463	323
			1464	324
			1465	324
			1466	324
			1467	324
			1468	324
			1469	324
			1470	324
			1471	324
			1472	324
			1473	325
			1474	325
			1475	325
			1476	325
			1477	325
			1478	325
			1479	325
			1480	325
			1481	326
			1482	326
			1483	326
			1484	326
			1485	326
			1486	326
			1487	327
			1488	327
			1489	327
			1490	327
			1491	327
			1492	327
			1493	328
			1494	328
			1495	328
			1496	328
			1497	328
			1498	329
			1499	329
			1500	329
			1501	329
			1502	329
			1503	330
			1504	330
			1505	330
			1506	330
			1507	330
			1508	331
			1509	331
			1510	331
			1511	331
			1512	332
			1513	332
			1514	332
			1515	332
			1516	332
			1517	333
			1518	333
			1519	333
			1520	333
			1521	334
			1522	334
			1523	334
			1524	334
			1525	335
			1526	335
			1527	335
			1528	336
			1529	336
			1530	336
			1531	336
			1532	337
			1533	337
			1534	337
			1535	337
			1536	338
			1537	338
			1538	338
			1539	339
			1540	339
			1541	339
			1542	340
			1543	340
			1544	340
			1545	340
			1546	341
			1547	341
			1548	341
			1549	342
			1550	342
			1551	343
			1552	343
			1553	343
			1554	343
			1554	344
			1555	344
			1556	344
			1557	345
			1558	345
			1559	345
			1560	346
			1561	346
			1562	346
			1563	347
			1564	347
			1565	348
			1566	348
			1567	348
			1568	349
			1569	349
			1570	350
			1571	350
			1572	350
			1573	351
			1574	351
			1575	351
			1576	352
			1577	352
			1578	353
			1579	353
			1580	354
			1581	354
			1582	354
			1583	355
			1584	355
			1585	356
			1586	356
			1587	357
			1588	357
			1589	357
			1590	358
			1591	358
			1592	359
			1593	359
			1594	360
			1595	360
			1596	361
			1597	361
			1598	361
			1599	362
			1600	362
			1601	363
			1602	363
			1603	364
			1604	364
			1605	365
			1606	365
			1607	366
			1608	366
			1609	367
			1610	367
			1611	368
			1612	368
			1613	369
			1614	369
			1615	370
			1616	370
			1617	371
			1618	371
			1619	372
			1620	372
			1621	373
			1622	373
			1623	374
			1624	375
			1625	375
			1626	376
			1627	376
			1627	377
			1628	377
			1629	377
			1629	378
			1630	378
			1631	379
			1632	379
			1633	380
			1634	380
			1635	381
			1636	382
			1637	382
			1638	383
			1639	384
			1640	384
			1641	385
			1642	385
			1643	386
			1644	387
			1645	387
			1646	388
			1647	388
			1648	389
			1649	390
			1650	390
			1651	391
			1652	392
			1653	392
			1654	393
			1655	394
			1656	394
			1657	395
			1658	395
			1659	396
			1660	397
			1661	397
			1662	398
			1663	399
			1664	399
			1665	400
			1666	401
			1667	402
			1668	402
			1669	403
			1670	404
			1671	404
			1672	405
			1673	406
			1674	406
			1675	407
			1676	408
			1677	408
			1678	409
			1679	410
			1680	411
			1681	411
			1682	412
			1683	413
			1684	414
			1685	414
			1685	415
			1686	416
			1687	416
			1688	417
			1689	418
			1690	419
			1691	419
			1692	420
			1693	421
			1694	422
			1695	422
			1696	423
			1697	424
			1698	425
			1699	426
			1700	426
			1701	427
			1702	428
			1703	429
			1704	429
			1705	430
			1706	431
			1707	432
			1708	433
			1709	433
			1710	434
			1710	435
			1711	436
			1712	437
			1713	438
			1714	438
			1715	439
			1716	440
			1717	441
			1718	442
			1719	442
			1720	443
			1721	444
			1722	445
			1723	446
			1724	447
			1725	448
			1726	449
			1727	450
			1728	451
			1728	452
			1729	453
			1730	453
			1731	454
			1732	455
			1732	456
			1733	457
			1734	458
			1735	459
			1736	460
			1736	461
			1737	461
			1738	462
			1739	463
			1740	464
			1740	465
			1741	466
			1742	467
			1743	468
			1744	469
			1744	470
			1745	471
			1746	471
			1747	472
			1747	473
			1748	474
			1749	475
			1750	476
			1750	477
			1751	478
			1752	479
			1753	480
			1753	481
			1754	482
			1755	483
			1756	483
			1756	484
			1757	485
			1758	486
			1758	487
			1759	488
			1760	489
			1760	490
			1761	491
			1762	492
			1763	493
			1763	494
			1764	495
			1765	496
			1765	497
			1766	498
			1767	498
			1767	499
			1768	500
			1769	501
			1769	502
			1770	503
			1771	504
			1771	505
			1772	506
			1773	507
			1773	508
			1774	509
			1775	510
			1775	511
			1776	512
			1776	513
			1777	514
			1778	515
			1778	516
			1779	517
			1780	518
			1780	519
			1781	520
			1781	521
			1782	522
			1783	523
			1783	524
			1784	525
			1784	526
			1785	527
			1786	527
			1786	528
			1787	529
			1787	530
			1788	531
			1788	532
			1789	533
			1790	534
			1790	535
			1791	536
			1791	537
			1792	538
			1792	539
			1793	540
			1793	541
			1794	542
			1794	543
			1795	544
			1796	545
			1796	546
			1797	547
			1797	548
			1798	549
			1798	550
			1799	551
			1799	552
			1800	553
			1800	554
			1800	555
			1801	556
			1801	557
			1802	558
			1803	559
			1803	560
			1803	561
			1804	562
			1804	563
			1805	564
			1805	565
			1805	566
			1806	567
			1807	568
			1807	569
			1807	570
			1808	571
			1808	572
			1809	573
			1809	574
			1809	575
			1810	576
			1810	577
			1811	578
			1811	579
			1812	580
			1812	581
			1812	582
			1813	583
			1813	584
			1813	585
			1814	586
			1814	587
			1815	588
			1815	589
			1816	590
			1816	591
			1816	592
			1817	593
			1817	594
			1817	595
			1818	596
			1818	597
			1818	598
			1819	599
			1819	600
			1820	601
			1820	602
			1820	603
			1821	604
			1821	605
			1821	606
			1821	607
			1822	608
			1822	609
			1822	610
			1823	611
			1823	612
			1823	613
			1824	614
			1824	615
			1824	616
			1825	617
			1825	618
			1825	619
			1825	620
			1826	621
			1826	622
			1826	623
			1827	624
			1827	625
			1827	626
			1827	627
			1828	628
			1828	629
			1828	630
			1828	631
			1829	632
			1829	633
			1829	634
			1829	635
			1830	636
			1830	637
			1830	638
			1830	639
			1831	640
			1831	641
			1831	642
			1831	643
			1831	644
			1832	645
			1832	646
			1832	647
			1832	648
			1832	649
			1833	649
			1833	650
			1833	651
			1833	652
			1833	653
			1833	654
			1834	655
			1834	656
			1834	657
			1834	658
			1834	659
			1835	660
			1835	661
			1835	662
			1835	663
			1835	664
			1835	665
			1836	666
			1836	667
			1836	668
			1836	669
			1836	670
			1836	671
			1837	672
			1837	673
			1837	674
			1837	675
			1837	676
			1837	677
			1837	678
			1837	679
			1838	680
			1838	681
			1838	682
			1838	683
			1838	684
			1838	685
			1838	686
			1839	687
			1839	688
			1839	689
			1839	690
			1839	691
			1839	692
			1839	693
			1839	694
			1839	695
			1839	696
			1839	697
			1840	698
			1840	699
			1840	700
			1840	701
			1840	702
			1840	703
			1840	704
			1840	705
			1840	706
			1840	707
			1840	708
			1840	709
			1840	710
			1840	711
			1841	712
			1841	713
			1841	714
			1841	715
			1841	716
			1841	717
			1841	718
			1841	719
			1841	720
			1841	721
			1841	722
			1841	723
			1841	724
			1841	725
			1841	726
			1841	727
			1841	728
			1841	729
			1841	730
			1841	731
			1841	732
			1841	733
			1841	734
			1841	735
			1841	736
			1841	737
			1841	738
			1841	739
			1841	740
			1841	741
			1841	742
			1841	743
			1841	744
			1841	745
			1841	746
			1841	747
			1841	748
			1841	749
			1841	750
			1841	751
			1841	752
			1841	753
			1841	754
			1841	755
			1841	756
			1841	757
			1841	758
			1841	759
			1841	760
			1841	761
			1841	762
			1840	763
			1840	764
			1840	765
			1840	766
			1840	767
			1840	768
			1840	769
			1840	770
			1840	771
			1840	772
			1840	773
			1839	774
			1839	775
			1839	776
			1838	777
			1838	778
			1838	779
			1837	780
			1837	781
			1837	782
			1837	783
			1836	784
			1836	785
			1836	786
			1835	787
			1835	788
			1835	789
			1834	790
			1834	791
			1834	792
			1834	793
			1833	794
			1833	795
			1833	796
			1832	797
			1832	798
			1832	799
			1831	800
			1831	801
			1831	802
			1830	803
			1830	804
			1830	805
			1829	806
			1829	807
			1829	808
			1828	809
			1828	810
			1828	811
			1827	812
			1827	813
			1827	814
			1826	814
			1826	815
			1826	816
			1826	817
			1825	818
			1825	819
			1824	820
			1824	821
			1824	822
			1823	823
			1823	824
			1823	825
			1822	826
			1822	827
			1821	828
			1821	829
			1821	830
			1820	830
			1820	831
			1820	832
			1819	833
			1819	834
			1818	835
			1818	836
			1818	837
			1817	838
			1817	839
			1817	840
			1816	841
			1815	842
			1815	843
			1815	844
			1814	845
			1814	846
			1813	847
			1813	848
			1813	849
			1812	850
			1812	851
			1811	852
			1811	853
			1810	854
			1810	855
			1810	856
			1809	857
			1809	858
			1808	858
			1808	859
			1807	860
			1807	861
			1807	862
			1806	863
			1806	864
			1805	865
			1805	866
			1804	867
			1803	868
			1803	869
			1802	870
			1802	871
			1801	872
			1801	873
			1801	874
			1800	874
			1800	875
			1800	876
			1799	876
			1799	877
			1798	878
			1798	879
			1797	880
			1797	881
			1796	882
			1796	883
			1795	884
			1795	885
			1794	886
			1794	887
			1793	887
			1793	888
			1792	889
			1792	890
			1791	891
			1791	892
			1790	893
			1789	894
			1789	895
			1788	896
			1787	897
			1787	898
			1786	899
			1786	900
			1785	901
			1784	902
			1784	903
			1783	904
			1782	905
			1782	906
			1781	907
			1781	908
			1780	909
			1779	910
			1779	911
			1778	912
			1777	913
			1777	914
			1776	915
			1775	916
			1775	917
			1774	918
			1773	919
			1773	920
			1772	920
			1771	921
			1771	922
			1770	923
			1769	924
			1769	925
			1768	926
			1767	927
			1767	928
			1766	929
			1765	930
			1764	931
			1763	932
			1762	933
			1762	934
			1761	935
			1760	936
			1759	937
			1758	938
			1758	939
			1757	940
			1756	941
			1755	942
			1754	943
			1754	944
			1753	945
			1752	946
			1751	947
			1750	948
			1749	949
			1748	950
			1747	951
			1746	952
			1745	953
			1744	954
			1743	955
			1742	956
			1741	957
			1741	958
			1740	959
			1739	960
			1738	961
			1737	962
			1736	963
			1735	964
			1734	965
			1733	966
			1732	967
			1731	968
			1730	969
			1729	970
			1728	970
			1727	971
			1726	972
			1725	973
			1724	974
			1723	975
			1722	976
			1721	977
			1720	978
			1719	978
			1718	979
			1717	980
			1716	981
			1715	982
			1714	983
			1713	983
			1712	984
			1711	985
			1710	986
			1709	986
			1708	987
			1707	987
			1707	988
			1706	989
			1705	989
			1704	990
			1703	991
			1702	992
			1701	992
			1700	993
			1699	994
			1698	994
			1697	995
			1696	996
			1695	996
			1694	997
			1693	998
			1692	998
			1691	999
			1690	999
			1689	1000
			1689	1001
			1688	1001
		</Eye>
	</curves.pixel>
	<ruler.points type=matrix rownames=TRUE colnames=FALSE nrow=2 ncol=2 as.numeric=TRUE >
		Ruler point 1	2	1894
		Ruler point 2	104	1894
	</ruler.points>
</shapes>

