<shapes type=list>
	<scaling type=logical names=FALSE length=1 as.numeric=FALSE >NA</scaling>
	<landmarks.pixel type=matrix rownames=TRUE colnames=FALSE nrow=11 ncol=2 as.numeric=TRUE >
		LM1Forehead	1649	490
		LM2UJFront	1972	1385
		LM3UJBack	1501	1479
		LM4LacOrb	1523	1071
		LM5QJoint	1446	1529
		LM6IOPL	1427	1608
		LM7IOPSOP	564	1601
		LM8A2A1	837	1255
		LM9A1A3	814	888
		LM10TopMuscR	733	734
		LM11TopMuscL	355	622
	</landmarks.pixel>
	<curves.control type=list>
		<Profile type=matrix rownames=FALSE colnames=FALSE nrow=7 ncol=2 as.numeric=TRUE >
			1649	490
			1837	667
			1977	847
			2165	1182
			2125	1286
			2021	1469
			1972	1385
		</Profile>
		<Eye type=matrix rownames=FALSE colnames=FALSE nrow=13 ncol=2 as.numeric=TRUE >
			1523	1071
			1345	1196
			1163	1097
			1002	984
			1007	784
			1063	537
			1263	516
			1458	472
			1584	611
			1684	724
			1666	888
			1627	1023
			1523	1071
		</Eye>
	</curves.control>
	<curves.pixel type=list>
		<Profile type=matrix rownames=FALSE colnames=FALSE nrow=1054 ncol=2 as.numeric=TRUE >
			1649	490
			1650	491
			1651	492
			1652	493
			1653	494
			1654	494
			1655	495
			1656	496
			1657	497
			1658	498
			1659	499
			1659	500
			1660	501
			1661	502
			1662	503
			1663	503
			1664	504
			1665	505
			1666	506
			1667	507
			1668	508
			1669	509
			1670	510
			1671	511
			1672	512
			1673	512
			1674	513
			1675	514
			1675	515
			1676	516
			1677	517
			1678	518
			1679	519
			1680	520
			1681	521
			1682	521
			1683	522
			1684	523
			1685	524
			1686	525
			1687	526
			1688	527
			1689	528
			1689	529
			1690	530
			1691	530
			1692	531
			1693	532
			1694	533
			1695	534
			1696	535
			1697	536
			1698	537
			1699	538
			1700	539
			1701	540
			1702	540
			1702	541
			1703	542
			1704	543
			1705	544
			1706	545
			1707	546
			1708	547
			1709	548
			1710	549
			1711	549
			1712	550
			1712	551
			1713	552
			1714	553
			1715	554
			1716	555
			1717	556
			1718	557
			1719	558
			1720	558
			1721	559
			1722	560
			1723	561
			1723	562
			1724	563
			1725	564
			1726	565
			1727	566
			1728	567
			1729	567
			1730	568
			1731	569
			1732	570
			1732	571
			1733	572
			1734	573
			1735	574
			1736	575
			1737	576
			1738	576
			1739	577
			1740	578
			1740	579
			1741	580
			1742	581
			1743	582
			1744	583
			1745	584
			1746	585
			1747	586
			1748	586
			1749	587
			1749	588
			1750	589
			1751	590
			1752	591
			1753	592
			1754	593
			1755	594
			1756	595
			1757	596
			1758	597
			1759	598
			1760	599
			1761	600
			1762	601
			1763	602
			1764	603
			1764	604
			1765	604
			1766	605
			1767	606
			1768	607
			1768	608
			1769	608
			1770	609
			1771	610
			1771	611
			1772	611
			1773	612
			1774	613
			1774	614
			1775	615
			1776	615
			1777	616
			1777	617
			1778	618
			1779	619
			1780	619
			1780	620
			1781	621
			1782	622
			1783	622
			1783	623
			1784	624
			1785	625
			1786	626
			1787	627
			1788	628
			1789	629
			1790	630
			1791	631
			1791	632
			1792	633
			1793	634
			1794	635
			1795	636
			1796	637
			1797	637
			1798	638
			1799	639
			1799	640
			1800	641
			1801	642
			1802	643
			1803	644
			1804	645
			1805	646
			1806	647
			1806	648
			1807	649
			1808	650
			1809	651
			1810	652
			1811	652
			1812	653
			1813	654
			1813	655
			1814	656
			1815	657
			1816	658
			1817	659
			1818	660
			1819	661
			1820	662
			1820	663
			1821	664
			1822	665
			1823	666
			1824	667
			1825	668
			1826	668
			1826	669
			1827	670
			1828	671
			1829	672
			1830	673
			1831	674
			1832	675
			1833	676
			1833	677
			1834	678
			1835	679
			1836	680
			1837	681
			1838	682
			1839	683
			1840	684
			1841	685
			1841	686
			1842	686
			1843	687
			1843	688
			1844	688
			1844	689
			1845	690
			1846	691
			1847	692
			1848	693
			1849	694
			1850	695
			1850	696
			1851	696
			1852	697
			1853	698
			1853	699
			1854	700
			1855	701
			1856	702
			1857	703
			1858	704
			1859	705
			1860	706
			1861	707
			1861	708
			1862	709
			1863	710
			1864	711
			1865	712
			1866	713
			1867	714
			1867	715
			1868	716
			1869	717
			1870	718
			1871	719
			1872	720
			1873	721
			1873	722
			1874	723
			1875	724
			1876	725
			1877	726
			1878	727
			1879	728
			1879	729
			1880	730
			1881	731
			1882	731
			1883	732
			1884	733
			1884	734
			1885	735
			1886	736
			1887	737
			1888	738
			1889	739
			1890	740
			1890	741
			1891	742
			1892	743
			1893	744
			1894	745
			1895	746
			1895	747
			1896	748
			1897	749
			1898	750
			1899	751
			1900	752
			1900	753
			1901	754
			1902	755
			1903	756
			1904	757
			1905	758
			1905	759
			1906	760
			1907	761
			1908	762
			1909	763
			1910	764
			1910	765
			1911	766
			1912	767
			1913	768
			1914	769
			1914	770
			1915	771
			1916	772
			1917	773
			1918	774
			1919	775
			1919	776
			1920	776
			1921	777
			1922	778
			1923	779
			1923	780
			1924	781
			1925	782
			1926	783
			1927	784
			1928	785
			1928	786
			1929	787
			1930	788
			1931	789
			1932	790
			1932	791
			1933	792
			1934	793
			1935	794
			1936	795
			1936	796
			1937	797
			1938	798
			1939	799
			1940	800
			1940	801
			1941	802
			1942	803
			1943	804
			1944	805
			1944	806
			1945	807
			1946	808
			1947	809
			1948	810
			1948	811
			1949	812
			1950	813
			1951	814
			1951	815
			1952	816
			1953	817
			1954	818
			1955	819
			1955	820
			1956	821
			1957	822
			1958	823
			1959	824
			1959	825
			1960	826
			1961	827
			1962	827
			1962	828
			1963	829
			1964	830
			1965	831
			1966	832
			1966	833
			1967	834
			1968	835
			1969	836
			1969	837
			1970	838
			1971	839
			1972	840
			1973	841
			1973	842
			1974	843
			1975	844
			1976	845
			1976	846
			1977	847
			1978	848
			1978	849
			1979	850
			1979	851
			1980	852
			1981	853
			1981	854
			1981	855
			1982	856
			1982	857
			1983	857
			1983	858
			1984	859
			1984	860
			1985	861
			1985	862
			1986	863
			1986	864
			1987	865
			1988	866
			1988	867
			1989	868
			1989	869
			1990	870
			1991	871
			1991	872
			1991	873
			1992	873
			1992	874
			1992	875
			1993	875
			1993	876
			1993	877
			1994	877
			1994	878
			1995	879
			1995	880
			1996	881
			1996	882
			1997	883
			1997	884
			1998	884
			1998	885
			1999	886
			1999	887
			1999	888
			2000	888
			2000	889
			2001	890
			2001	891
			2002	892
			2002	893
			2003	894
			2003	895
			2004	896
			2004	897
			2005	898
			2005	899
			2006	900
			2006	901
			2007	901
			2007	902
			2008	903
			2008	904
			2009	905
			2009	906
			2010	907
			2010	908
			2011	909
			2011	910
			2012	911
			2012	912
			2013	913
			2014	914
			2014	915
			2015	916
			2015	917
			2016	918
			2016	919
			2017	920
			2017	921
			2018	922
			2018	923
			2019	924
			2019	925
			2020	926
			2020	927
			2021	928
			2021	929
			2022	930
			2022	931
			2023	932
			2024	933
			2024	934
			2025	935
			2025	936
			2026	937
			2026	938
			2027	939
			2027	940
			2028	941
			2028	942
			2029	943
			2029	944
			2030	945
			2030	946
			2031	947
			2031	948
			2032	949
			2032	950
			2033	951
			2033	952
			2034	953
			2034	954
			2035	955
			2035	956
			2036	957
			2036	958
			2037	959
			2037	960
			2038	961
			2038	962
			2039	963
			2039	964
			2040	965
			2040	966
			2041	967
			2041	968
			2042	969
			2042	970
			2043	971
			2043	972
			2044	973
			2044	974
			2044	975
			2045	976
			2045	977
			2046	977
			2046	978
			2047	979
			2047	980
			2048	981
			2048	982
			2049	983
			2049	984
			2049	985
			2050	986
			2050	987
			2051	988
			2051	989
			2052	990
			2053	991
			2053	992
			2053	993
			2054	994
			2054	995
			2055	996
			2055	997
			2056	998
			2056	999
			2057	1000
			2057	1001
			2058	1002
			2058	1003
			2059	1004
			2059	1005
			2059	1006
			2060	1007
			2060	1008
			2061	1009
			2061	1010
			2062	1010
			2062	1011
			2062	1012
			2063	1013
			2063	1014
			2064	1015
			2064	1016
			2065	1017
			2065	1018
			2065	1019
			2066	1020
			2066	1021
			2067	1021
			2067	1022
			2067	1023
			2068	1024
			2068	1025
			2069	1026
			2069	1027
			2070	1028
			2070	1029
			2070	1030
			2071	1030
			2071	1031
			2072	1032
			2072	1033
			2072	1034
			2073	1035
			2073	1036
			2074	1037
			2074	1038
			2075	1039
			2075	1040
			2076	1041
			2076	1042
			2076	1043
			2077	1044
			2077	1045
			2078	1046
			2078	1047
			2078	1048
			2079	1048
			2079	1049
			2079	1050
			2080	1051
			2080	1052
			2081	1053
			2081	1054
			2081	1055
			2082	1056
			2082	1057
			2083	1058
			2083	1059
			2084	1060
			2084	1061
			2084	1062
			2085	1063
			2085	1064
			2086	1065
			2086	1066
			2086	1067
			2087	1068
			2087	1069
			2088	1070
			2088	1071
			2088	1072
			2089	1072
			2089	1073
			2089	1074
			2090	1075
			2090	1076
			2090	1077
			2091	1078
			2091	1079
			2092	1080
			2092	1081
			2093	1082
			2093	1083
			2093	1084
			2094	1085
			2094	1086
			2094	1087
			2095	1088
			2095	1089
			2096	1090
			2096	1091
			2096	1092
			2097	1092
			2097	1093
			2097	1094
			2097	1095
			2098	1095
			2098	1096
			2098	1097
			2099	1098
			2099	1099
			2099	1100
			2100	1101
			2100	1102
			2100	1103
			2101	1103
			2101	1104
			2101	1105
			2102	1106
			2102	1107
			2102	1108
			2103	1109
			2103	1110
			2103	1111
			2104	1112
			2104	1113
			2105	1114
			2105	1115
			2105	1116
			2106	1117
			2106	1118
			2106	1119
			2107	1120
			2107	1121
			2107	1122
			2108	1123
			2108	1124
			2108	1125
			2109	1126
			2109	1127
			2109	1128
			2110	1129
			2110	1130
			2110	1131
			2111	1132
			2111	1133
			2111	1134
			2112	1135
			2112	1136
			2112	1137
			2113	1138
			2113	1139
			2113	1140
			2113	1141
			2114	1142
			2114	1143
			2114	1144
			2115	1145
			2115	1146
			2115	1147
			2115	1148
			2116	1149
			2116	1150
			2117	1151
			2117	1152
			2117	1153
			2117	1154
			2118	1155
			2118	1156
			2118	1157
			2118	1158
			2119	1159
			2119	1160
			2119	1161
			2120	1162
			2120	1163
			2120	1164
			2120	1165
			2121	1166
			2121	1167
			2121	1168
			2121	1169
			2122	1170
			2122	1171
			2122	1172
			2122	1173
			2123	1174
			2123	1175
			2123	1176
			2123	1177
			2123	1178
			2124	1178
			2124	1179
			2124	1180
			2124	1181
			2124	1182
			2125	1183
			2125	1184
			2125	1185
			2125	1186
			2125	1187
			2126	1188
			2126	1189
			2126	1190
			2126	1191
			2127	1192
			2127	1193
			2127	1194
			2127	1195
			2127	1196
			2128	1197
			2128	1198
			2128	1199
			2128	1200
			2128	1201
			2128	1202
			2129	1203
			2129	1204
			2129	1205
			2129	1206
			2129	1207
			2129	1208
			2129	1209
			2130	1210
			2130	1211
			2130	1212
			2130	1213
			2130	1214
			2130	1215
			2130	1216
			2131	1217
			2131	1218
			2131	1219
			2131	1220
			2131	1221
			2131	1222
			2131	1223
			2131	1224
			2131	1225
			2131	1226
			2131	1227
			2131	1228
			2132	1229
			2132	1230
			2132	1231
			2132	1232
			2132	1233
			2132	1234
			2132	1235
			2132	1236
			2132	1237
			2132	1238
			2132	1239
			2132	1240
			2132	1241
			2132	1242
			2132	1243
			2132	1244
			2132	1245
			2132	1246
			2132	1247
			2132	1248
			2132	1249
			2132	1250
			2132	1251
			2132	1252
			2132	1253
			2132	1254
			2132	1255
			2131	1256
			2131	1257
			2131	1258
			2131	1259
			2131	1260
			2131	1261
			2131	1262
			2131	1263
			2131	1264
			2130	1265
			2130	1266
			2130	1267
			2130	1268
			2130	1269
			2130	1270
			2129	1271
			2129	1272
			2129	1273
			2129	1274
			2128	1275
			2128	1276
			2128	1277
			2128	1278
			2127	1279
			2127	1280
			2127	1281
			2126	1282
			2126	1283
			2126	1284
			2125	1285
			2125	1286
			2124	1287
			2124	1288
			2123	1289
			2122	1290
			2122	1291
			2121	1292
			2121	1293
			2120	1294
			2120	1295
			2119	1296
			2119	1297
			2118	1298
			2117	1299
			2117	1300
			2116	1301
			2116	1302
			2115	1303
			2115	1304
			2114	1305
			2114	1306
			2113	1306
			2113	1307
			2112	1308
			2111	1309
			2111	1310
			2110	1311
			2110	1312
			2109	1313
			2109	1314
			2108	1314
			2108	1315
			2107	1316
			2107	1317
			2106	1318
			2105	1319
			2105	1320
			2104	1320
			2104	1321
			2103	1322
			2103	1323
			2102	1324
			2102	1325
			2101	1325
			2101	1326
			2100	1327
			2100	1328
			2099	1329
			2099	1330
			2098	1330
			2098	1331
			2097	1332
			2096	1333
			2096	1334
			2095	1334
			2095	1335
			2094	1336
			2094	1337
			2093	1337
			2093	1338
			2092	1339
			2092	1340
			2091	1340
			2091	1341
			2090	1342
			2090	1343
			2089	1343
			2089	1344
			2088	1345
			2088	1346
			2087	1346
			2087	1347
			2086	1348
			2085	1349
			2085	1350
			2084	1351
			2083	1352
			2082	1353
			2081	1354
			2081	1355
			2080	1356
			2079	1357
			2079	1358
			2078	1359
			2077	1360
			2076	1361
			2076	1362
			2075	1363
			2074	1363
			2074	1364
			2073	1365
			2072	1366
			2072	1367
			2071	1368
			2070	1369
			2069	1369
			2069	1370
			2068	1371
			2067	1372
			2067	1373
			2066	1374
			2065	1374
			2065	1375
			2064	1376
			2063	1377
			2062	1378
			2061	1379
			2060	1380
			2060	1381
			2059	1382
			2058	1382
			2057	1383
			2056	1384
			2056	1385
			2055	1386
			2054	1386
			2053	1387
			2053	1388
			2052	1389
			2051	1389
			2050	1390
			2049	1391
			2048	1392
			2047	1393
			2046	1394
			2045	1394
			2044	1395
			2043	1396
			2042	1397
			2041	1398
			2040	1399
			2039	1400
			2038	1400
			2037	1401
			2036	1401
			2036	1402
			2035	1402
			2034	1402
			2034	1403
			2033	1403
			2033	1404
			2032	1404
			2031	1404
			2031	1405
			2030	1405
			2029	1406
			2028	1406
			2027	1407
			2026	1407
			2025	1408
			2024	1408
			2023	1408
			2022	1409
			2021	1409
			2020	1410
			2019	1410
			2018	1410
			2017	1410
			2016	1411
			2015	1411
			2014	1411
			2013	1411
			2012	1411
			2011	1411
			2010	1411
			2009	1411
			2008	1411
			2007	1411
			2006	1411
			2005	1411
			2004	1411
			2003	1411
			2002	1411
			2001	1411
			2001	1410
			2000	1410
			1999	1410
			1998	1410
			1997	1409
			1996	1409
			1995	1408
			1994	1408
			1993	1408
			1993	1407
			1992	1407
			1991	1407
			1991	1406
			1990	1406
			1989	1405
			1988	1405
			1988	1404
			1987	1404
			1986	1403
			1986	1402
			1985	1402
			1984	1401
			1984	1400
			1983	1400
			1982	1399
			1982	1398
			1981	1398
			1980	1397
			1980	1396
			1979	1395
			1978	1395
			1978	1394
			1977	1393
			1977	1392
			1976	1391
			1975	1390
			1975	1389
			1974	1388
			1973	1387
			1972	1386
			1972	1385
		</Profile>
		<Eye type=matrix rownames=FALSE colnames=FALSE nrow=1918 ncol=2 as.numeric=TRUE >
			1523	1071
			1522	1072
			1521	1072
			1520	1073
			1519	1074
			1518	1075
			1517	1075
			1516	1076
			1515	1077
			1514	1077
			1513	1078
			1512	1079
			1511	1079
			1510	1080
			1509	1081
			1508	1081
			1507	1082
			1506	1082
			1506	1083
			1505	1083
			1504	1084
			1503	1084
			1503	1085
			1502	1085
			1501	1085
			1500	1086
			1499	1087
			1498	1087
			1497	1088
			1496	1089
			1495	1089
			1494	1090
			1493	1090
			1493	1091
			1492	1091
			1491	1092
			1490	1092
			1489	1093
			1488	1093
			1487	1094
			1486	1094
			1485	1095
			1484	1095
			1484	1096
			1483	1096
			1482	1097
			1481	1097
			1480	1098
			1479	1098
			1478	1099
			1477	1099
			1476	1100
			1475	1100
			1474	1101
			1473	1102
			1472	1102
			1471	1103
			1470	1103
			1469	1104
			1468	1104
			1467	1105
			1466	1105
			1465	1106
			1464	1106
			1463	1107
			1462	1107
			1461	1108
			1460	1108
			1459	1109
			1458	1109
			1457	1109
			1456	1110
			1455	1110
			1454	1111
			1453	1111
			1453	1112
			1452	1112
			1451	1112
			1450	1113
			1449	1113
			1448	1114
			1447	1114
			1446	1115
			1445	1115
			1444	1115
			1443	1116
			1442	1116
			1441	1117
			1440	1117
			1439	1117
			1438	1118
			1437	1118
			1436	1118
			1436	1119
			1435	1119
			1434	1120
			1433	1120
			1432	1120
			1431	1121
			1430	1121
			1429	1121
			1428	1122
			1427	1122
			1426	1122
			1425	1123
			1424	1123
			1423	1123
			1422	1124
			1421	1124
			1420	1124
			1419	1125
			1418	1125
			1417	1125
			1416	1126
			1415	1126
			1414	1127
			1413	1127
			1412	1127
			1411	1127
			1410	1128
			1409	1128
			1408	1128
			1407	1129
			1406	1129
			1405	1129
			1404	1129
			1403	1130
			1402	1130
			1401	1130
			1400	1131
			1399	1131
			1398	1131
			1397	1131
			1396	1132
			1395	1132
			1394	1132
			1393	1132
			1392	1133
			1391	1133
			1390	1133
			1389	1133
			1388	1133
			1387	1134
			1386	1134
			1385	1134
			1384	1134
			1383	1134
			1382	1135
			1381	1135
			1380	1135
			1379	1135
			1378	1135
			1377	1136
			1376	1136
			1375	1136
			1374	1136
			1373	1136
			1372	1137
			1371	1137
			1370	1137
			1369	1137
			1368	1137
			1367	1137
			1366	1138
			1365	1138
			1364	1138
			1363	1138
			1362	1138
			1361	1138
			1360	1138
			1359	1138
			1359	1139
			1358	1139
			1357	1139
			1356	1139
			1355	1139
			1354	1139
			1353	1139
			1352	1139
			1351	1139
			1350	1140
			1349	1140
			1348	1140
			1347	1140
			1346	1140
			1345	1140
			1344	1140
			1343	1140
			1342	1140
			1341	1140
			1340	1140
			1339	1140
			1338	1140
			1337	1140
			1336	1140
			1335	1141
			1334	1141
			1333	1141
			1332	1141
			1331	1141
			1330	1141
			1329	1141
			1328	1141
			1327	1141
			1326	1141
			1325	1141
			1324	1141
			1323	1141
			1322	1141
			1321	1141
			1320	1141
			1319	1141
			1318	1141
			1317	1141
			1316	1141
			1315	1141
			1314	1141
			1313	1141
			1312	1141
			1311	1141
			1310	1140
			1309	1140
			1308	1140
			1307	1140
			1306	1140
			1305	1140
			1304	1140
			1303	1140
			1302	1140
			1301	1140
			1300	1140
			1299	1140
			1298	1140
			1297	1140
			1296	1140
			1295	1139
			1294	1139
			1293	1139
			1292	1139
			1291	1139
			1290	1139
			1289	1139
			1288	1139
			1287	1139
			1286	1138
			1285	1138
			1284	1138
			1283	1138
			1282	1138
			1281	1138
			1280	1138
			1279	1137
			1278	1137
			1277	1137
			1276	1137
			1275	1137
			1274	1137
			1273	1136
			1272	1136
			1271	1136
			1270	1136
			1269	1136
			1268	1136
			1267	1135
			1266	1135
			1265	1135
			1264	1135
			1263	1135
			1262	1134
			1261	1134
			1260	1134
			1259	1134
			1258	1133
			1257	1133
			1256	1133
			1255	1133
			1254	1133
			1253	1132
			1252	1132
			1251	1132
			1250	1132
			1249	1131
			1248	1131
			1247	1131
			1246	1131
			1245	1130
			1244	1130
			1243	1130
			1242	1130
			1241	1129
			1240	1129
			1239	1129
			1238	1128
			1237	1128
			1236	1128
			1235	1128
			1234	1127
			1233	1127
			1232	1127
			1231	1126
			1230	1126
			1229	1126
			1228	1125
			1227	1125
			1226	1125
			1225	1124
			1224	1124
			1223	1124
			1222	1123
			1221	1123
			1220	1122
			1219	1122
			1218	1122
			1217	1122
			1217	1121
			1216	1121
			1215	1121
			1214	1120
			1213	1120
			1212	1120
			1211	1119
			1210	1119
			1209	1118
			1208	1118
			1207	1118
			1206	1117
			1205	1117
			1204	1116
			1203	1116
			1202	1116
			1201	1115
			1200	1115
			1199	1114
			1198	1114
			1197	1113
			1196	1113
			1195	1113
			1194	1112
			1193	1112
			1192	1111
			1191	1111
			1190	1111
			1189	1110
			1188	1109
			1187	1109
			1186	1108
			1185	1108
			1184	1108
			1183	1107
			1182	1107
			1181	1106
			1180	1106
			1179	1105
			1178	1105
			1177	1104
			1176	1104
			1175	1103
			1174	1103
			1173	1102
			1172	1102
			1171	1101
			1170	1101
			1170	1100
			1169	1100
			1168	1100
			1167	1099
			1166	1099
			1165	1098
			1164	1098
			1163	1097
			1162	1096
			1161	1096
			1161	1095
			1160	1095
			1159	1094
			1158	1094
			1157	1093
			1157	1092
			1156	1092
			1155	1091
			1154	1091
			1153	1090
			1152	1089
			1151	1088
			1150	1088
			1149	1087
			1148	1086
			1147	1085
			1146	1085
			1145	1084
			1144	1083
			1143	1083
			1143	1082
			1142	1081
			1141	1080
			1140	1080
			1139	1079
			1138	1078
			1137	1077
			1136	1077
			1135	1076
			1134	1075
			1134	1074
			1133	1074
			1132	1073
			1131	1072
			1130	1072
			1129	1071
			1128	1070
			1128	1069
			1127	1069
			1126	1068
			1125	1067
			1124	1066
			1123	1066
			1122	1065
			1122	1064
			1121	1063
			1120	1062
			1119	1062
			1118	1061
			1117	1060
			1117	1059
			1116	1059
			1115	1058
			1114	1057
			1113	1056
			1112	1055
			1111	1054
			1110	1053
			1109	1052
			1108	1051
			1107	1050
			1106	1049
			1105	1048
			1104	1047
			1103	1046
			1102	1045
			1101	1044
			1100	1043
			1100	1042
			1099	1041
			1098	1040
			1097	1039
			1096	1039
			1095	1038
			1094	1037
			1093	1036
			1092	1035
			1092	1034
			1091	1033
			1090	1032
			1089	1031
			1088	1030
			1087	1029
			1086	1028
			1086	1027
			1085	1026
			1084	1025
			1083	1024
			1082	1023
			1082	1022
			1081	1021
			1080	1020
			1079	1019
			1078	1018
			1078	1017
			1077	1016
			1076	1015
			1075	1014
			1075	1013
			1074	1012
			1073	1011
			1073	1010
			1072	1010
			1072	1009
			1071	1008
			1071	1007
			1070	1007
			1070	1006
			1069	1005
			1069	1004
			1068	1004
			1067	1003
			1067	1002
			1066	1001
			1066	1000
			1065	1000
			1065	999
			1064	998
			1064	997
			1063	997
			1063	996
			1062	995
			1062	994
			1061	994
			1061	993
			1060	992
			1060	991
			1059	990
			1058	989
			1058	988
			1057	987
			1057	986
			1056	985
			1055	984
			1055	983
			1054	982
			1054	981
			1053	980
			1053	979
			1052	978
			1052	977
			1051	977
			1051	976
			1050	975
			1049	974
			1049	973
			1048	972
			1048	971
			1047	970
			1047	969
			1046	968
			1046	967
			1045	966
			1045	965
			1044	964
			1044	963
			1043	962
			1043	961
			1042	960
			1042	959
			1041	958
			1041	957
			1040	956
			1040	955
			1040	954
			1039	953
			1039	952
			1038	951
			1038	950
			1037	949
			1037	948
			1036	947
			1036	946
			1035	945
			1035	944
			1035	943
			1034	942
			1034	941
			1033	940
			1033	939
			1032	938
			1032	937
			1032	936
			1031	935
			1031	934
			1030	933
			1030	932
			1030	931
			1030	930
			1029	929
			1029	928
			1028	927
			1028	926
			1028	925
			1027	924
			1027	923
			1027	922
			1026	921
			1026	920
			1026	919
			1025	918
			1025	917
			1025	916
			1024	915
			1024	914
			1024	913
			1023	912
			1023	911
			1023	910
			1023	909
			1022	908
			1022	907
			1022	906
			1021	905
			1021	904
			1021	903
			1020	902
			1020	901
			1020	900
			1020	899
			1019	898
			1019	897
			1019	896
			1019	895
			1018	894
			1018	893
			1018	892
			1018	891
			1017	890
			1017	889
			1017	888
			1017	887
			1017	886
			1016	885
			1016	884
			1016	883
			1016	882
			1015	881
			1015	880
			1015	879
			1015	878
			1015	877
			1014	876
			1014	875
			1014	874
			1014	873
			1014	872
			1013	871
			1013	870
			1013	869
			1013	868
			1013	867
			1013	866
			1012	865
			1012	864
			1012	863
			1012	862
			1012	861
			1012	860
			1011	859
			1011	858
			1011	857
			1011	856
			1011	855
			1011	854
			1011	853
			1010	852
			1010	851
			1010	850
			1010	849
			1010	848
			1010	847
			1010	846
			1010	845
			1009	844
			1009	843
			1009	842
			1009	841
			1009	840
			1009	839
			1009	838
			1009	837
			1009	836
			1009	835
			1008	834
			1008	833
			1008	832
			1008	831
			1008	830
			1008	829
			1008	828
			1008	827
			1008	826
			1008	825
			1008	824
			1008	823
			1008	822
			1008	821
			1007	820
			1007	819
			1007	818
			1007	817
			1007	816
			1007	815
			1007	814
			1007	813
			1007	812
			1007	811
			1007	810
			1007	809
			1007	808
			1007	807
			1007	806
			1007	805
			1007	804
			1007	803
			1007	802
			1007	801
			1007	800
			1007	799
			1007	798
			1007	797
			1007	796
			1007	795
			1007	794
			1007	793
			1007	792
			1007	791
			1007	790
			1007	789
			1007	788
			1007	787
			1007	786
			1007	785
			1007	784
			1007	783
			1007	782
			1008	782
			1008	781
			1008	780
			1008	779
			1008	778
			1009	777
			1009	776
			1009	775
			1009	774
			1010	773
			1010	772
			1010	771
			1010	770
			1011	769
			1011	768
			1011	767
			1011	766
			1012	765
			1012	764
			1012	763
			1012	762
			1013	761
			1013	760
			1013	759
			1013	758
			1014	757
			1014	756
			1014	755
			1014	754
			1015	753
			1015	752
			1016	751
			1016	750
			1016	749
			1016	748
			1017	747
			1017	746
			1017	745
			1017	744
			1018	743
			1018	742
			1018	741
			1019	740
			1019	739
			1019	738
			1020	737
			1020	736
			1020	735
			1020	734
			1021	733
			1021	732
			1022	731
			1022	730
			1022	729
			1022	728
			1023	728
			1023	727
			1023	726
			1024	725
			1024	724
			1024	723
			1024	722
			1025	721
			1025	720
			1026	719
			1026	718
			1026	717
			1027	716
			1027	715
			1028	714
			1028	713
			1028	712
			1029	711
			1029	710
			1029	709
			1030	708
			1030	707
			1030	706
			1031	705
			1031	704
			1032	703
			1032	702
			1032	701
			1033	700
			1033	699
			1034	698
			1034	697
			1034	696
			1035	695
			1035	694
			1036	693
			1036	692
			1036	691
			1037	690
			1037	689
			1038	688
			1038	687
			1039	686
			1039	685
			1040	684
			1040	683
			1041	682
			1041	681
			1041	680
			1042	679
			1043	678
			1043	677
			1043	676
			1044	675
			1044	674
			1045	673
			1045	672
			1046	671
			1046	670
			1047	669
			1047	668
			1048	667
			1048	666
			1049	665
			1050	664
			1050	663
			1051	662
			1051	661
			1052	660
			1052	659
			1053	658
			1053	657
			1054	656
			1054	655
			1055	654
			1055	653
			1056	652
			1057	651
			1057	650
			1058	649
			1058	648
			1059	647
			1059	646
			1060	646
			1060	645
			1061	644
			1061	643
			1062	642
			1062	641
			1063	641
			1063	640
			1064	639
			1064	638
			1065	637
			1065	636
			1066	636
			1066	635
			1067	634
			1067	633
			1068	632
			1069	631
			1070	630
			1070	629
			1071	628
			1072	627
			1072	626
			1073	625
			1074	624
			1074	623
			1075	622
			1076	622
			1076	621
			1077	620
			1078	619
			1078	618
			1079	617
			1080	616
			1080	615
			1081	614
			1082	614
			1082	613
			1083	612
			1084	611
			1084	610
			1085	609
			1086	608
			1087	607
			1088	606
			1089	605
			1090	604
			1091	603
			1091	602
			1092	601
			1093	600
			1094	599
			1095	598
			1096	597
			1097	596
			1098	595
			1098	594
			1099	593
			1100	592
			1101	591
			1102	590
			1103	589
			1104	589
			1105	588
			1106	587
			1107	586
			1108	585
			1108	584
			1109	583
			1110	582
			1111	581
			1112	581
			1113	580
			1114	579
			1115	578
			1116	577
			1117	576
			1118	576
			1119	575
			1120	574
			1121	573
			1122	572
			1123	571
			1124	571
			1125	570
			1126	569
			1127	568
			1128	568
			1129	567
			1130	566
			1131	565
			1132	565
			1133	564
			1134	563
			1135	562
			1136	562
			1137	561
			1138	560
			1139	559
			1140	559
			1141	558
			1142	557
			1143	557
			1144	556
			1145	555
			1146	555
			1147	554
			1148	554
			1149	553
			1150	552
			1151	552
			1152	551
			1153	551
			1154	550
			1155	549
			1156	549
			1157	548
			1158	548
			1159	547
			1160	547
			1161	546
			1162	546
			1163	545
			1164	545
			1165	544
			1166	544
			1167	543
			1168	543
			1169	542
			1170	542
			1171	541
			1172	541
			1173	540
			1174	540
			1175	539
			1176	539
			1177	539
			1178	538
			1179	538
			1180	537
			1181	537
			1182	536
			1183	536
			1184	535
			1185	535
			1186	535
			1187	534
			1188	534
			1189	533
			1190	533
			1191	533
			1192	532
			1193	532
			1194	531
			1195	531
			1196	531
			1197	530
			1198	530
			1199	530
			1200	529
			1201	529
			1202	529
			1203	528
			1204	528
			1205	528
			1206	527
			1207	527
			1208	527
			1209	526
			1210	526
			1211	526
			1212	526
			1213	525
			1214	525
			1215	525
			1216	525
			1217	524
			1218	524
			1219	524
			1220	524
			1221	523
			1222	523
			1223	523
			1224	523
			1224	522
			1225	522
			1226	522
			1227	522
			1228	522
			1229	521
			1230	521
			1231	521
			1232	521
			1233	521
			1234	520
			1235	520
			1236	520
			1237	520
			1238	520
			1239	519
			1240	519
			1241	519
			1242	519
			1243	519
			1244	519
			1245	518
			1246	518
			1247	518
			1248	518
			1249	518
			1250	518
			1251	517
			1252	517
			1253	517
			1254	517
			1255	517
			1256	517
			1257	517
			1258	517
			1259	516
			1260	516
			1261	516
			1262	516
			1263	516
			1264	516
			1265	516
			1266	515
			1267	515
			1268	515
			1269	515
			1270	514
			1271	514
			1272	514
			1273	514
			1274	514
			1275	513
			1276	513
			1277	513
			1278	513
			1279	513
			1280	512
			1281	512
			1282	512
			1283	512
			1284	512
			1285	512
			1286	511
			1287	511
			1288	511
			1289	511
			1290	511
			1291	511
			1292	510
			1293	510
			1294	510
			1295	510
			1296	510
			1297	510
			1298	509
			1299	509
			1300	509
			1301	509
			1302	509
			1303	509
			1304	509
			1305	508
			1306	508
			1307	508
			1308	508
			1309	508
			1310	508
			1311	508
			1312	508
			1313	508
			1314	507
			1315	507
			1316	507
			1317	507
			1318	507
			1319	507
			1320	507
			1321	507
			1322	507
			1323	507
			1324	507
			1325	506
			1326	506
			1327	506
			1328	506
			1329	506
			1330	506
			1331	506
			1332	506
			1333	506
			1334	506
			1335	506
			1336	506
			1337	506
			1338	506
			1339	506
			1340	506
			1341	506
			1342	506
			1343	506
			1344	506
			1345	506
			1345	505
			1346	505
			1347	505
			1348	505
			1349	505
			1350	505
			1351	505
			1352	505
			1353	505
			1354	505
			1355	505
			1356	505
			1357	505
			1358	505
			1359	505
			1360	506
			1361	506
			1362	506
			1363	506
			1364	506
			1365	506
			1366	506
			1367	506
			1368	506
			1369	506
			1370	506
			1371	506
			1372	506
			1373	506
			1374	506
			1375	506
			1376	506
			1377	506
			1378	506
			1379	506
			1380	506
			1381	507
			1382	507
			1383	507
			1384	507
			1385	507
			1386	507
			1387	507
			1388	507
			1389	507
			1390	507
			1390	508
			1391	508
			1392	508
			1393	508
			1394	508
			1395	508
			1396	508
			1397	508
			1398	509
			1399	509
			1400	509
			1401	509
			1402	509
			1403	509
			1404	509
			1405	510
			1406	510
			1407	510
			1408	510
			1409	510
			1410	511
			1411	511
			1412	511
			1413	511
			1414	511
			1415	511
			1416	512
			1417	512
			1418	512
			1419	512
			1420	512
			1421	513
			1422	513
			1423	513
			1424	513
			1425	514
			1426	514
			1427	514
			1428	514
			1429	514
			1430	515
			1431	515
			1432	515
			1433	515
			1434	516
			1435	516
			1436	516
			1437	517
			1438	517
			1439	517
			1440	518
			1441	518
			1442	518
			1443	518
			1443	519
			1444	519
			1445	519
			1446	519
			1447	520
			1448	520
			1449	520
			1450	521
			1451	521
			1452	521
			1453	522
			1454	522
			1455	522
			1456	523
			1457	523
			1458	523
			1459	524
			1460	524
			1461	524
			1462	525
			1463	525
			1463	526
			1464	526
			1465	526
			1466	527
			1467	527
			1468	527
			1469	528
			1470	528
			1471	529
			1472	529
			1473	529
			1474	530
			1475	530
			1476	531
			1477	531
			1478	532
			1479	532
			1480	533
			1481	533
			1482	534
			1483	534
			1484	534
			1485	535
			1486	535
			1487	536
			1488	536
			1489	537
			1490	537
			1491	538
			1492	538
			1493	539
			1494	539
			1495	540
			1496	541
			1497	541
			1498	542
			1499	542
			1499	543
			1500	543
			1501	543
			1501	544
			1502	544
			1503	544
			1503	545
			1504	545
			1505	546
			1506	546
			1507	547
			1508	548
			1509	548
			1510	549
			1511	549
			1511	550
			1512	550
			1513	550
			1514	551
			1515	552
			1516	553
			1517	553
			1518	554
			1519	554
			1520	555
			1521	556
			1522	556
			1523	557
			1524	558
			1525	559
			1526	560
			1527	560
			1528	560
			1528	561
			1529	561
			1530	562
			1531	563
			1532	564
			1533	564
			1534	565
			1535	566
			1536	567
			1537	567
			1538	568
			1539	569
			1540	570
			1541	570
			1542	571
			1543	572
			1544	573
			1545	573
			1545	574
			1546	575
			1547	576
			1548	576
			1549	577
			1550	578
			1551	579
			1552	579
			1553	580
			1554	581
			1555	582
			1555	583
			1556	583
			1557	584
			1558	585
			1559	586
			1560	587
			1561	588
			1562	588
			1563	589
			1563	590
			1564	591
			1565	592
			1566	593
			1567	593
			1568	594
			1569	595
			1570	596
			1570	597
			1571	598
			1572	599
			1573	599
			1574	600
			1575	601
			1576	602
			1577	603
			1577	604
			1578	605
			1579	606
			1580	607
			1581	608
			1582	608
			1583	609
			1583	610
			1584	611
			1585	612
			1586	613
			1586	614
			1587	614
			1588	615
			1588	616
			1589	617
			1590	618
			1591	619
			1592	620
			1592	621
			1593	622
			1594	623
			1595	624
			1595	625
			1596	626
			1597	626
			1598	627
			1598	628
			1599	629
			1600	630
			1601	631
			1601	632
			1602	633
			1603	634
			1603	635
			1604	636
			1605	637
			1606	638
			1606	639
			1607	640
			1608	641
			1608	642
			1609	643
			1610	644
			1610	645
			1611	646
			1612	647
			1612	648
			1613	649
			1614	650
			1614	651
			1615	651
			1616	652
			1616	653
			1617	654
			1618	655
			1618	656
			1619	657
			1619	658
			1620	659
			1621	660
			1621	661
			1622	662
			1622	663
			1623	664
			1624	665
			1624	666
			1625	667
			1625	668
			1626	669
			1626	670
			1627	671
			1628	672
			1628	673
			1628	674
			1629	674
			1629	675
			1629	676
			1630	676
			1630	677
			1631	678
			1631	679
			1632	680
			1632	681
			1633	682
			1633	683
			1634	684
			1634	685
			1635	686
			1635	687
			1636	688
			1636	689
			1636	690
			1637	691
			1638	692
			1638	693
			1639	694
			1639	695
			1639	696
			1640	696
			1640	697
			1640	698
			1641	699
			1641	700
			1642	701
			1642	702
			1642	703
			1643	704
			1643	705
			1644	706
			1644	707
			1645	708
			1645	709
			1645	710
			1646	711
			1646	712
			1646	713
			1647	714
			1647	715
			1648	716
			1648	717
			1648	718
			1649	719
			1649	720
			1649	721
			1650	722
			1650	723
			1650	724
			1651	725
			1651	726
			1651	727
			1652	728
			1652	729
			1652	730
			1653	731
			1653	732
			1653	733
			1654	734
			1654	735
			1654	736
			1654	737
			1655	738
			1655	739
			1655	740
			1656	741
			1656	742
			1656	743
			1656	744
			1657	745
			1657	746
			1657	747
			1658	748
			1658	749
			1658	750
			1658	751
			1659	752
			1659	753
			1659	754
			1659	755
			1660	756
			1660	757
			1660	758
			1660	759
			1660	760
			1661	761
			1661	762
			1661	763
			1661	764
			1662	765
			1662	766
			1662	767
			1662	768
			1662	769
			1663	770
			1663	771
			1663	772
			1663	773
			1663	774
			1663	775
			1664	776
			1664	777
			1664	778
			1664	779
			1664	780
			1664	781
			1665	782
			1665	783
			1665	784
			1665	785
			1665	786
			1665	787
			1665	788
			1665	789
			1666	789
			1666	790
			1666	791
			1666	792
			1666	793
			1666	794
			1666	795
			1666	796
			1666	797
			1667	798
			1667	799
			1667	800
			1667	801
			1667	802
			1667	803
			1667	804
			1667	805
			1667	806
			1667	807
			1668	808
			1668	809
			1668	810
			1668	811
			1668	812
			1668	813
			1668	814
			1668	815
			1668	816
			1668	817
			1668	818
			1668	819
			1668	820
			1668	821
			1668	822
			1668	823
			1668	824
			1669	825
			1669	826
			1669	827
			1669	828
			1669	829
			1669	830
			1669	831
			1669	832
			1669	833
			1669	834
			1669	835
			1669	836
			1669	837
			1669	838
			1669	839
			1669	840
			1669	841
			1669	842
			1669	843
			1669	844
			1669	845
			1669	846
			1669	847
			1669	848
			1669	849
			1669	850
			1669	851
			1669	852
			1669	853
			1668	854
			1668	855
			1668	856
			1668	857
			1668	858
			1668	859
			1668	860
			1668	861
			1668	862
			1668	863
			1668	864
			1668	865
			1668	866
			1668	867
			1668	868
			1668	869
			1668	870
			1668	871
			1667	872
			1667	873
			1667	874
			1667	875
			1667	876
			1667	877
			1667	878
			1667	879
			1667	880
			1667	881
			1667	882
			1667	883
			1666	884
			1666	885
			1666	886
			1666	887
			1666	888
			1666	889
			1665	890
			1665	891
			1665	892
			1665	893
			1664	894
			1664	895
			1664	896
			1663	897
			1663	898
			1663	899
			1662	900
			1662	901
			1662	902
			1661	903
			1661	904
			1661	905
			1660	906
			1660	907
			1660	908
			1659	909
			1659	910
			1659	911
			1658	912
			1658	913
			1658	914
			1657	915
			1657	916
			1657	917
			1656	917
			1656	918
			1656	919
			1655	920
			1655	921
			1655	922
			1654	923
			1654	924
			1654	925
			1653	925
			1653	926
			1653	927
			1652	928
			1652	929
			1651	930
			1651	931
			1651	932
			1650	932
			1650	933
			1650	934
			1649	935
			1649	936
			1649	937
			1648	938
			1647	939
			1647	940
			1647	941
			1646	942
			1646	943
			1645	944
			1645	945
			1644	946
			1644	947
			1643	948
			1643	949
			1642	950
			1642	951
			1641	952
			1641	953
			1640	954
			1640	955
			1639	956
			1639	957
			1638	958
			1638	959
			1637	960
			1637	961
			1636	962
			1636	963
			1635	964
			1635	965
			1634	966
			1633	967
			1633	968
			1632	969
			1632	970
			1631	971
			1630	972
			1630	973
			1629	974
			1629	975
			1629	976
			1628	976
			1628	977
			1627	978
			1627	979
			1626	979
			1626	980
			1625	981
			1625	982
			1624	982
			1624	983
			1623	984
			1623	985
			1622	985
			1622	986
			1621	987
			1621	988
			1620	988
			1620	989
			1619	990
			1618	991
			1618	992
			1617	993
			1616	994
			1616	995
			1615	995
			1615	996
			1614	997
			1613	998
			1613	999
			1612	1000
			1611	1000
			1611	1001
			1610	1002
			1609	1003
			1609	1004
			1608	1005
			1607	1005
			1607	1006
			1606	1007
			1605	1008
			1605	1009
			1604	1009
			1603	1010
			1603	1011
			1602	1012
			1601	1012
			1601	1013
			1600	1014
			1599	1015
			1599	1016
			1598	1016
			1597	1017
			1597	1018
			1596	1019
			1595	1019
			1595	1020
			1594	1021
			1593	1021
			1592	1022
			1592	1023
			1591	1024
			1590	1024
			1590	1025
			1589	1026
			1588	1026
			1587	1027
			1587	1028
			1586	1029
			1585	1029
			1584	1030
			1584	1031
			1583	1031
			1582	1032
			1581	1033
			1580	1034
			1579	1035
			1578	1036
			1577	1036
			1576	1037
			1575	1038
			1574	1039
			1573	1040
			1572	1041
			1571	1042
			1570	1042
			1570	1043
			1569	1043
			1568	1044
			1567	1044
			1567	1045
			1566	1045
			1565	1046
			1564	1047
			1563	1048
			1562	1048
			1561	1049
			1560	1050
			1559	1050
			1558	1051
			1557	1051
			1557	1052
			1556	1053
			1555	1053
			1554	1054
			1553	1054
			1552	1055
			1551	1056
			1550	1056
			1550	1057
			1549	1057
			1548	1058
			1547	1058
			1546	1059
			1545	1059
			1544	1060
			1543	1060
			1542	1061
			1541	1062
			1540	1062
			1539	1063
			1538	1063
			1537	1064
			1536	1065
			1535	1065
			1534	1065
			1533	1066
			1532	1067
			1531	1067
			1530	1068
			1529	1068
			1528	1069
			1527	1069
			1526	1070
			1525	1070
			1524	1071
			1523	1071
		</Eye>
	</curves.pixel>
	<ruler.points type=matrix rownames=TRUE colnames=FALSE nrow=2 ncol=2 as.numeric=TRUE >
		Ruler point 1	2	1894
		Ruler point 2	104	1894
	</ruler.points>
</shapes>

