<shapes type=list>
	<scaling type=logical names=FALSE length=1 as.numeric=FALSE >NA</scaling>
	<landmarks.pixel type=matrix rownames=TRUE colnames=FALSE nrow=11 ncol=2 as.numeric=TRUE >
		LM1Forehead	1701	195
		LM2UJFront	2247	1418
		LM3UJBack	1610	1549
		LM4LacOrb	1597	962
		LM5QJoint	1563	1616
		LM6IOPL	1601	1753
		LM7IOPSOP	419	1751
		LM8A2A1	800	1217
		LM9A1A3	693	788
		LM10TopMuscR	565	559
		LM11TopMuscL	78	489
	</landmarks.pixel>
	<curves.control type=list>
		<Profile type=matrix rownames=FALSE colnames=FALSE nrow=7 ncol=2 as.numeric=TRUE >
			1701	195
			2073	400
			2288	767
			2532	1134
			2484	1298
			2320	1577
			2247	1418
		</Profile>
		<Eye type=matrix rownames=FALSE colnames=FALSE nrow=13 ncol=2 as.numeric=TRUE >
			1597	962
			1367	1114
			1124	1014
			876	945
			863	628
			898	368
			1106	251
			1419	160
			1636	360
			1775	511
			1762	693
			1710	862
			1597	962
		</Eye>
	</curves.control>
	<curves.pixel type=list>
		<Profile type=matrix rownames=FALSE colnames=FALSE nrow=1577 ncol=2 as.numeric=TRUE >
			1701	195
			1702	196
			1703	196
			1704	197
			1705	197
			1706	198
			1707	198
			1708	199
			1709	199
			1710	200
			1711	200
			1712	201
			1713	202
			1714	202
			1715	203
			1716	203
			1716	204
			1717	204
			1718	204
			1718	205
			1719	205
			1720	205
			1720	206
			1721	206
			1722	207
			1723	207
			1724	208
			1725	208
			1726	209
			1727	209
			1727	210
			1728	210
			1729	211
			1730	211
			1730	212
			1731	212
			1732	213
			1733	213
			1734	213
			1734	214
			1735	214
			1736	215
			1737	215
			1737	216
			1738	216
			1739	217
			1740	217
			1741	218
			1742	218
			1743	219
			1744	220
			1745	220
			1746	221
			1747	221
			1748	222
			1749	222
			1749	223
			1750	223
			1751	224
			1752	224
			1753	225
			1754	226
			1755	226
			1756	227
			1757	227
			1758	228
			1759	228
			1760	229
			1761	230
			1762	230
			1763	231
			1764	232
			1765	232
			1766	233
			1767	233
			1768	234
			1769	234
			1769	235
			1770	235
			1771	236
			1772	236
			1772	237
			1773	237
			1774	238
			1775	238
			1776	239
			1777	240
			1778	240
			1779	241
			1780	241
			1781	242
			1782	243
			1783	243
			1784	244
			1785	244
			1786	245
			1787	246
			1788	247
			1789	247
			1790	248
			1791	248
			1792	249
			1793	250
			1794	250
			1795	251
			1796	251
			1796	252
			1797	252
			1798	253
			1799	253
			1800	254
			1800	255
			1801	255
			1802	256
			1803	256
			1804	257
			1805	258
			1806	258
			1807	259
			1808	260
			1809	260
			1810	261
			1811	261
			1812	262
			1813	263
			1814	263
			1815	264
			1816	265
			1817	265
			1818	266
			1819	266
			1820	267
			1820	268
			1821	268
			1822	269
			1823	270
			1824	270
			1825	271
			1826	272
			1827	272
			1828	273
			1829	273
			1830	274
			1831	275
			1832	275
			1833	276
			1834	277
			1835	277
			1836	278
			1837	279
			1838	280
			1839	280
			1840	281
			1841	282
			1842	283
			1843	283
			1844	284
			1845	284
			1846	285
			1846	286
			1847	286
			1848	287
			1849	287
			1850	288
			1851	289
			1852	290
			1853	290
			1854	291
			1855	292
			1856	292
			1857	293
			1858	294
			1859	294
			1860	295
			1861	296
			1862	296
			1863	297
			1864	298
			1865	299
			1866	299
			1867	300
			1868	301
			1869	301
			1869	302
			1870	303
			1871	303
			1872	304
			1873	305
			1874	305
			1875	306
			1876	307
			1877	308
			1878	308
			1879	309
			1880	310
			1881	310
			1882	311
			1883	312
			1884	312
			1885	313
			1886	314
			1886	315
			1887	315
			1888	316
			1889	317
			1890	317
			1891	318
			1892	319
			1893	319
			1894	320
			1895	321
			1896	322
			1897	322
			1898	323
			1899	324
			1900	324
			1901	325
			1901	326
			1902	327
			1903	327
			1904	328
			1905	329
			1906	329
			1907	330
			1908	331
			1909	332
			1910	332
			1911	333
			1912	334
			1913	335
			1914	336
			1915	337
			1916	337
			1917	338
			1918	339
			1919	340
			1920	341
			1921	341
			1922	342
			1923	342
			1923	343
			1924	344
			1925	344
			1926	345
			1927	346
			1928	347
			1929	348
			1930	348
			1931	349
			1932	350
			1933	351
			1934	351
			1935	352
			1936	353
			1937	354
			1938	355
			1939	356
			1940	357
			1941	357
			1941	358
			1942	358
			1943	359
			1944	360
			1945	361
			1946	362
			1947	362
			1948	363
			1949	364
			1950	365
			1951	366
			1952	367
			1953	368
			1954	368
			1955	369
			1956	370
			1957	371
			1958	372
			1959	372
			1960	373
			1961	374
			1962	375
			1963	376
			1964	376
			1965	377
			1966	378
			1967	379
			1968	380
			1968	381
			1969	381
			1970	382
			1971	383
			1972	384
			1973	385
			1974	385
			1975	386
			1976	387
			1977	388
			1978	389
			1979	390
			1980	390
			1981	391
			1982	392
			1983	393
			1984	394
			1984	395
			1985	395
			1986	396
			1987	397
			1988	398
			1989	399
			1990	400
			1991	400
			1992	401
			1993	402
			1994	403
			1995	404
			1996	405
			1997	405
			1998	406
			1998	407
			1999	408
			2000	409
			2001	410
			2002	411
			2003	411
			2004	412
			2005	413
			2006	414
			2007	415
			2008	416
			2009	417
			2010	418
			2011	419
			2012	420
			2013	420
			2013	421
			2014	422
			2015	422
			2015	423
			2016	424
			2017	424
			2017	425
			2018	425
			2019	426
			2019	427
			2020	427
			2021	428
			2021	429
			2022	429
			2023	430
			2024	431
			2025	432
			2026	433
			2027	434
			2028	435
			2029	436
			2030	437
			2031	438
			2032	439
			2033	440
			2034	441
			2035	441
			2036	442
			2037	443
			2038	444
			2038	445
			2039	446
			2040	447
			2041	448
			2042	449
			2043	450
			2044	451
			2045	451
			2046	452
			2047	453
			2048	454
			2049	455
			2049	456
			2050	457
			2051	458
			2052	459
			2053	460
			2054	461
			2055	462
			2056	463
			2057	463
			2058	464
			2059	465
			2060	466
			2060	467
			2061	468
			2062	469
			2063	470
			2064	471
			2065	472
			2066	473
			2067	474
			2068	475
			2069	476
			2070	477
			2071	478
			2072	479
			2073	480
			2074	481
			2075	482
			2076	483
			2077	484
			2077	485
			2078	486
			2079	486
			2080	487
			2080	488
			2081	489
			2082	490
			2083	490
			2083	491
			2084	492
			2085	493
			2086	494
			2087	495
			2088	496
			2089	497
			2090	498
			2091	499
			2092	500
			2093	501
			2094	502
			2094	503
			2095	504
			2096	505
			2097	506
			2098	507
			2099	508
			2100	509
			2101	510
			2102	511
			2103	512
			2103	513
			2104	514
			2105	515
			2106	516
			2107	517
			2108	518
			2109	519
			2110	520
			2111	521
			2112	522
			2112	523
			2113	524
			2114	525
			2115	526
			2116	527
			2117	528
			2118	529
			2119	530
			2120	531
			2120	532
			2121	533
			2122	534
			2123	535
			2124	536
			2124	537
			2125	537
			2125	538
			2126	539
			2127	540
			2128	541
			2129	542
			2130	543
			2130	544
			2131	545
			2132	546
			2133	547
			2134	548
			2135	549
			2136	550
			2136	551
			2137	552
			2138	553
			2139	554
			2139	555
			2140	556
			2141	556
			2142	557
			2142	558
			2143	559
			2144	560
			2145	561
			2145	562
			2146	563
			2147	564
			2147	565
			2148	565
			2149	566
			2150	567
			2150	568
			2151	569
			2152	570
			2153	571
			2153	572
			2154	573
			2155	574
			2156	575
			2157	576
			2158	577
			2158	578
			2159	579
			2160	579
			2160	580
			2161	581
			2162	582
			2163	583
			2163	584
			2164	585
			2165	586
			2165	587
			2166	587
			2166	588
			2167	589
			2168	590
			2168	591
			2169	591
			2170	592
			2170	593
			2171	594
			2171	595
			2172	595
			2173	596
			2173	597
			2174	598
			2175	599
			2176	600
			2177	601
			2177	602
			2178	603
			2179	604
			2180	605
			2180	606
			2181	607
			2182	608
			2182	609
			2183	610
			2184	611
			2185	612
			2185	613
			2186	614
			2187	615
			2188	616
			2188	617
			2189	618
			2190	619
			2191	620
			2191	621
			2192	622
			2193	623
			2193	624
			2194	625
			2195	626
			2196	627
			2196	628
			2197	629
			2198	629
			2199	630
			2199	631
			2200	632
			2201	633
			2201	634
			2202	635
			2203	636
			2204	637
			2204	638
			2205	639
			2206	640
			2206	641
			2207	642
			2208	643
			2209	644
			2209	645
			2210	646
			2211	647
			2211	648
			2212	649
			2213	650
			2214	651
			2214	652
			2215	653
			2216	654
			2216	655
			2217	656
			2218	657
			2218	658
			2219	659
			2220	660
			2221	661
			2221	662
			2222	663
			2223	664
			2223	665
			2224	666
			2225	667
			2225	668
			2226	669
			2226	670
			2227	670
			2227	671
			2228	672
			2228	673
			2229	674
			2230	675
			2231	676
			2231	677
			2232	678
			2232	679
			2233	679
			2233	680
			2234	681
			2234	682
			2235	682
			2235	683
			2236	684
			2236	685
			2237	685
			2237	686
			2238	687
			2239	688
			2239	689
			2240	690
			2241	691
			2241	692
			2242	693
			2242	694
			2243	694
			2244	695
			2244	696
			2245	697
			2245	698
			2246	699
			2246	700
			2247	701
			2248	702
			2249	703
			2249	704
			2250	705
			2250	706
			2251	706
			2251	707
			2252	708
			2252	709
			2253	710
			2254	711
			2254	712
			2255	713
			2256	714
			2256	715
			2257	716
			2257	717
			2258	718
			2259	719
			2259	720
			2260	721
			2260	722
			2261	723
			2262	724
			2263	725
			2263	726
			2264	727
			2265	728
			2265	729
			2266	730
			2266	731
			2267	731
			2267	732
			2268	733
			2268	734
			2269	735
			2269	736
			2270	736
			2270	737
			2271	738
			2271	739
			2272	740
			2273	741
			2273	742
			2274	743
			2274	744
			2275	745
			2276	746
			2276	747
			2277	748
			2277	749
			2278	750
			2279	751
			2279	752
			2280	753
			2280	754
			2281	755
			2282	756
			2282	757
			2283	758
			2283	759
			2284	760
			2285	761
			2285	762
			2286	763
			2286	764
			2287	765
			2287	766
			2288	767
			2289	768
			2289	769
			2290	770
			2291	771
			2291	772
			2292	773
			2293	774
			2293	775
			2294	776
			2295	777
			2295	778
			2296	779
			2297	780
			2297	781
			2298	782
			2299	783
			2299	784
			2300	785
			2301	786
			2301	787
			2302	788
			2302	789
			2303	790
			2304	791
			2304	792
			2305	793
			2306	794
			2306	795
			2307	796
			2308	797
			2308	798
			2309	799
			2309	800
			2310	801
			2311	802
			2311	803
			2312	804
			2313	805
			2313	806
			2314	807
			2315	808
			2315	809
			2316	810
			2316	811
			2317	811
			2318	812
			2318	813
			2319	814
			2319	815
			2320	816
			2321	817
			2321	818
			2322	819
			2322	820
			2323	821
			2324	822
			2324	823
			2325	824
			2326	825
			2326	826
			2327	827
			2327	828
			2328	829
			2329	830
			2329	831
			2330	832
			2330	833
			2331	834
			2331	835
			2332	835
			2333	836
			2333	837
			2334	838
			2334	839
			2335	840
			2336	841
			2336	842
			2337	843
			2337	844
			2338	845
			2339	846
			2339	847
			2340	848
			2340	849
			2341	850
			2341	851
			2342	851
			2343	852
			2343	853
			2344	854
			2344	855
			2345	856
			2345	857
			2346	858
			2346	859
			2347	860
			2348	861
			2348	862
			2349	863
			2349	864
			2350	865
			2351	866
			2352	867
			2352	868
			2352	869
			2353	869
			2353	870
			2354	871
			2354	872
			2355	873
			2356	874
			2356	875
			2357	876
			2357	877
			2358	877
			2358	878
			2358	879
			2359	880
			2359	881
			2360	881
			2360	882
			2361	883
			2361	884
			2362	885
			2363	886
			2363	887
			2364	888
			2364	889
			2365	890
			2365	891
			2366	892
			2366	893
			2367	894
			2368	895
			2369	896
			2369	897
			2369	898
			2370	898
			2370	899
			2371	900
			2371	901
			2372	902
			2373	903
			2373	904
			2373	905
			2374	906
			2375	907
			2375	908
			2376	909
			2376	910
			2377	911
			2377	912
			2378	913
			2379	914
			2379	915
			2380	916
			2380	917
			2381	918
			2381	919
			2382	920
			2382	921
			2383	921
			2383	922
			2384	923
			2384	924
			2385	925
			2385	926
			2386	927
			2386	928
			2387	929
			2387	930
			2388	931
			2388	932
			2389	933
			2390	934
			2390	935
			2391	936
			2392	937
			2392	938
			2392	939
			2393	939
			2393	940
			2393	941
			2394	941
			2394	942
			2394	943
			2395	943
			2395	944
			2395	945
			2396	945
			2396	946
			2397	947
			2397	948
			2398	949
			2398	950
			2399	951
			2399	952
			2400	953
			2400	954
			2401	955
			2401	956
			2402	957
			2402	958
			2403	959
			2403	960
			2404	961
			2404	962
			2405	963
			2405	964
			2406	964
			2406	965
			2407	966
			2407	967
			2408	968
			2408	969
			2409	970
			2409	971
			2410	972
			2410	973
			2411	974
			2411	975
			2412	976
			2412	977
			2412	978
			2413	978
			2413	979
			2414	980
			2414	981
			2415	982
			2415	983
			2416	984
			2416	985
			2417	986
			2417	987
			2417	988
			2418	989
			2419	990
			2419	991
			2420	992
			2420	993
			2421	994
			2421	995
			2422	996
			2422	997
			2422	998
			2423	998
			2423	999
			2424	1000
			2424	1001
			2424	1002
			2425	1002
			2425	1003
			2425	1004
			2426	1005
			2426	1006
			2427	1007
			2427	1008
			2428	1009
			2428	1010
			2429	1011
			2429	1012
			2429	1013
			2430	1014
			2430	1015
			2431	1015
			2431	1016
			2432	1017
			2432	1018
			2432	1019
			2433	1020
			2433	1021
			2434	1022
			2434	1023
			2434	1024
			2435	1025
			2436	1026
			2436	1027
			2436	1028
			2437	1029
			2437	1030
			2438	1031
			2438	1032
			2439	1033
			2439	1034
			2440	1035
			2440	1036
			2440	1037
			2441	1038
			2441	1039
			2442	1040
			2442	1041
			2442	1042
			2443	1043
			2443	1044
			2444	1044
			2444	1045
			2444	1046
			2445	1047
			2445	1048
			2445	1049
			2446	1050
			2446	1051
			2447	1052
			2447	1053
			2447	1054
			2448	1054
			2448	1055
			2448	1056
			2449	1057
			2449	1058
			2450	1059
			2450	1060
			2450	1061
			2451	1062
			2451	1063
			2452	1064
			2452	1065
			2453	1066
			2453	1067
			2453	1068
			2454	1069
			2454	1070
			2454	1071
			2455	1072
			2455	1073
			2456	1074
			2456	1075
			2456	1076
			2457	1077
			2457	1078
			2457	1079
			2458	1080
			2458	1081
			2459	1082
			2459	1083
			2459	1084
			2460	1085
			2460	1086
			2460	1087
			2461	1088
			2461	1089
			2462	1090
			2462	1091
			2462	1092
			2463	1093
			2463	1094
			2463	1095
			2463	1096
			2464	1097
			2464	1098
			2465	1099
			2465	1100
			2465	1101
			2466	1102
			2466	1103
			2466	1104
			2467	1105
			2467	1106
			2467	1107
			2467	1108
			2468	1108
			2468	1109
			2468	1110
			2469	1111
			2469	1112
			2469	1113
			2470	1114
			2470	1115
			2470	1116
			2470	1117
			2471	1118
			2471	1119
			2471	1120
			2472	1120
			2472	1121
			2472	1122
			2472	1123
			2473	1124
			2473	1125
			2473	1126
			2474	1127
			2474	1128
			2474	1129
			2474	1130
			2475	1130
			2475	1131
			2475	1132
			2475	1133
			2476	1134
			2476	1135
			2476	1136
			2476	1137
			2477	1138
			2477	1139
			2477	1140
			2478	1141
			2478	1142
			2478	1143
			2478	1144
			2478	1145
			2479	1145
			2479	1146
			2479	1147
			2479	1148
			2480	1149
			2480	1150
			2480	1151
			2480	1152
			2480	1153
			2481	1153
			2481	1154
			2481	1155
			2481	1156
			2482	1157
			2482	1158
			2482	1159
			2482	1160
			2482	1161
			2483	1162
			2483	1163
			2483	1164
			2483	1165
			2484	1166
			2484	1167
			2484	1168
			2484	1169
			2484	1170
			2485	1171
			2485	1172
			2485	1173
			2485	1174
			2485	1175
			2486	1176
			2486	1177
			2486	1178
			2486	1179
			2486	1180
			2486	1181
			2487	1182
			2487	1183
			2487	1184
			2487	1185
			2487	1186
			2488	1187
			2488	1188
			2488	1189
			2488	1190
			2488	1191
			2488	1192
			2488	1193
			2489	1194
			2489	1195
			2489	1196
			2489	1197
			2489	1198
			2489	1199
			2489	1200
			2489	1201
			2490	1201
			2490	1202
			2490	1203
			2490	1204
			2490	1205
			2490	1206
			2490	1207
			2490	1208
			2490	1209
			2490	1210
			2491	1211
			2491	1212
			2491	1213
			2491	1214
			2491	1215
			2491	1216
			2491	1217
			2491	1218
			2491	1219
			2491	1220
			2491	1221
			2491	1222
			2491	1223
			2491	1224
			2492	1224
			2492	1225
			2492	1226
			2492	1227
			2492	1228
			2492	1229
			2492	1230
			2492	1231
			2492	1232
			2492	1233
			2492	1234
			2492	1235
			2492	1236
			2492	1237
			2492	1238
			2492	1239
			2492	1240
			2492	1241
			2492	1242
			2492	1243
			2492	1244
			2492	1245
			2492	1246
			2492	1247
			2492	1248
			2492	1249
			2492	1250
			2492	1251
			2492	1252
			2491	1253
			2491	1254
			2491	1255
			2491	1256
			2491	1257
			2491	1258
			2491	1259
			2491	1260
			2491	1261
			2491	1262
			2491	1263
			2491	1264
			2490	1265
			2490	1266
			2490	1267
			2490	1268
			2490	1269
			2490	1270
			2490	1271
			2490	1272
			2489	1273
			2489	1274
			2489	1275
			2489	1276
			2489	1277
			2489	1278
			2489	1279
			2488	1280
			2488	1281
			2488	1282
			2488	1283
			2488	1284
			2487	1284
			2487	1285
			2487	1286
			2487	1287
			2487	1288
			2486	1289
			2486	1290
			2486	1291
			2486	1292
			2485	1293
			2485	1294
			2485	1295
			2485	1296
			2484	1297
			2484	1298
			2484	1299
			2483	1300
			2482	1301
			2482	1302
			2481	1303
			2481	1304
			2480	1305
			2479	1306
			2479	1307
			2478	1307
			2478	1308
			2477	1309
			2477	1310
			2476	1311
			2476	1312
			2475	1313
			2475	1314
			2474	1314
			2474	1315
			2473	1316
			2473	1317
			2472	1318
			2472	1319
			2471	1320
			2470	1321
			2469	1322
			2469	1323
			2468	1324
			2467	1325
			2467	1326
			2466	1327
			2466	1328
			2465	1329
			2464	1330
			2464	1331
			2463	1332
			2463	1333
			2462	1334
			2461	1335
			2461	1336
			2460	1337
			2459	1338
			2459	1339
			2458	1340
			2458	1341
			2457	1342
			2456	1343
			2456	1344
			2455	1345
			2455	1346
			2454	1347
			2453	1348
			2452	1349
			2452	1350
			2451	1351
			2450	1352
			2449	1353
			2449	1354
			2448	1355
			2448	1356
			2447	1356
			2447	1357
			2446	1358
			2446	1359
			2445	1360
			2444	1361
			2444	1362
			2443	1363
			2442	1364
			2442	1365
			2441	1366
			2440	1367
			2439	1368
			2439	1369
			2438	1370
			2438	1371
			2437	1371
			2437	1372
			2436	1373
			2435	1374
			2435	1375
			2434	1376
			2433	1377
			2433	1378
			2432	1378
			2432	1379
			2431	1380
			2431	1381
			2430	1381
			2430	1382
			2429	1383
			2428	1383
			2428	1384
			2427	1385
			2427	1386
			2426	1386
			2426	1387
			2425	1388
			2424	1389
			2423	1390
			2423	1391
			2422	1392
			2421	1393
			2421	1394
			2420	1394
			2420	1395
			2419	1396
			2418	1397
			2418	1398
			2417	1398
			2417	1399
			2416	1400
			2415	1401
			2414	1402
			2413	1403
			2413	1404
			2412	1405
			2411	1406
			2411	1407
			2410	1407
			2409	1408
			2408	1409
			2408	1410
			2407	1411
			2406	1412
			2406	1413
			2405	1413
			2404	1414
			2403	1415
			2403	1416
			2402	1417
			2401	1418
			2400	1419
			2399	1420
			2398	1421
			2397	1422
			2397	1423
			2396	1424
			2395	1425
			2394	1426
			2393	1427
			2392	1427
			2392	1428
			2391	1429
			2390	1430
			2389	1431
			2388	1432
			2388	1433
			2387	1433
			2386	1434
			2385	1435
			2384	1436
			2383	1437
			2382	1438
			2381	1439
			2380	1440
			2379	1441
			2378	1442
			2377	1443
			2376	1444
			2375	1444
			2374	1445
			2373	1446
			2372	1447
			2371	1448
			2370	1449
			2369	1450
			2368	1451
			2367	1451
			2367	1452
			2366	1452
			2365	1453
			2364	1454
			2363	1455
			2362	1455
			2361	1456
			2360	1457
			2359	1457
			2359	1458
			2358	1458
			2357	1459
			2356	1459
			2356	1460
			2355	1460
			2354	1461
			2353	1461
			2352	1462
			2351	1463
			2350	1463
			2349	1464
			2348	1465
			2347	1465
			2346	1466
			2345	1466
			2345	1467
			2344	1467
			2343	1467
			2342	1468
			2341	1468
			2340	1469
			2339	1469
			2338	1470
			2337	1470
			2336	1471
			2335	1471
			2334	1472
			2333	1472
			2332	1472
			2331	1473
			2330	1473
			2329	1473
			2328	1473
			2327	1474
			2326	1474
			2325	1474
			2324	1474
			2323	1474
			2323	1475
			2322	1475
			2321	1475
			2320	1475
			2319	1475
			2318	1475
			2317	1475
			2316	1476
			2315	1476
			2314	1476
			2313	1476
			2312	1476
			2311	1476
			2310	1476
			2309	1476
			2308	1476
			2307	1475
			2306	1475
			2305	1475
			2304	1475
			2303	1475
			2302	1475
			2301	1475
			2300	1474
			2299	1474
			2298	1474
			2297	1473
			2296	1473
			2295	1473
			2294	1472
			2293	1472
			2292	1471
			2291	1471
			2290	1470
			2289	1470
			2288	1469
			2287	1469
			2286	1469
			2286	1468
			2285	1468
			2284	1467
			2283	1467
			2283	1466
			2282	1466
			2281	1465
			2280	1464
			2279	1463
			2278	1463
			2277	1462
			2276	1461
			2275	1460
			2274	1459
			2273	1458
			2272	1457
			2271	1456
			2270	1455
			2270	1454
			2269	1454
			2268	1453
			2268	1452
			2267	1451
			2266	1450
			2265	1449
			2265	1448
			2264	1447
			2263	1446
			2262	1445
			2262	1444
			2261	1443
			2260	1442
			2260	1441
			2259	1440
			2258	1439
			2258	1438
			2257	1437
			2256	1436
			2256	1435
			2255	1434
			2254	1433
			2254	1432
			2254	1431
			2253	1430
			2252	1429
			2252	1428
			2251	1427
			2251	1426
			2250	1425
			2250	1424
			2249	1423
			2249	1422
			2249	1421
			2248	1420
			2248	1419
			2247	1418
		</Profile>
		<Eye type=matrix rownames=FALSE colnames=FALSE nrow=2567 ncol=2 as.numeric=TRUE >
			1597	962
			1596	963
			1595	963
			1594	964
			1593	965
			1592	965
			1591	966
			1590	967
			1589	967
			1588	968
			1587	969
			1586	969
			1585	970
			1584	971
			1583	971
			1582	972
			1581	972
			1580	973
			1579	974
			1578	974
			1577	975
			1576	976
			1575	976
			1574	977
			1573	977
			1572	978
			1571	979
			1570	979
			1569	980
			1568	980
			1567	981
			1566	982
			1565	982
			1564	982
			1564	983
			1563	983
			1562	983
			1562	984
			1561	984
			1560	985
			1559	985
			1558	986
			1557	987
			1556	987
			1555	987
			1555	988
			1554	988
			1553	989
			1552	989
			1551	990
			1550	990
			1549	991
			1548	991
			1547	992
			1546	993
			1545	993
			1544	994
			1543	994
			1542	995
			1541	995
			1540	996
			1539	996
			1538	997
			1537	997
			1536	998
			1535	998
			1534	999
			1533	999
			1532	1000
			1531	1000
			1530	1001
			1529	1001
			1528	1002
			1527	1002
			1526	1003
			1525	1003
			1524	1004
			1523	1004
			1522	1005
			1521	1005
			1520	1006
			1519	1006
			1518	1007
			1517	1007
			1516	1007
			1515	1008
			1514	1008
			1513	1009
			1512	1009
			1511	1010
			1510	1010
			1509	1011
			1508	1011
			1507	1012
			1506	1012
			1505	1012
			1505	1013
			1504	1013
			1503	1013
			1502	1014
			1501	1014
			1500	1015
			1499	1015
			1498	1015
			1497	1016
			1496	1016
			1496	1017
			1495	1017
			1494	1017
			1493	1018
			1492	1018
			1491	1018
			1491	1019
			1490	1019
			1489	1019
			1488	1020
			1487	1020
			1486	1021
			1485	1021
			1484	1021
			1483	1022
			1482	1022
			1481	1022
			1480	1023
			1479	1023
			1478	1024
			1477	1024
			1476	1024
			1475	1025
			1474	1025
			1473	1025
			1472	1026
			1471	1026
			1470	1026
			1469	1027
			1468	1027
			1467	1027
			1466	1028
			1465	1028
			1464	1028
			1463	1029
			1462	1029
			1461	1030
			1460	1030
			1459	1030
			1458	1030
			1457	1031
			1456	1031
			1455	1031
			1454	1032
			1453	1032
			1452	1032
			1451	1033
			1450	1033
			1449	1033
			1448	1034
			1447	1034
			1446	1034
			1445	1035
			1444	1035
			1443	1035
			1442	1035
			1441	1036
			1440	1036
			1439	1036
			1438	1037
			1437	1037
			1436	1037
			1435	1037
			1434	1038
			1433	1038
			1432	1038
			1431	1038
			1430	1039
			1429	1039
			1428	1039
			1427	1039
			1426	1040
			1425	1040
			1424	1040
			1423	1040
			1422	1041
			1421	1041
			1420	1041
			1419	1041
			1418	1042
			1417	1042
			1416	1042
			1415	1042
			1414	1043
			1413	1043
			1412	1043
			1411	1043
			1410	1043
			1409	1044
			1408	1044
			1407	1044
			1406	1044
			1405	1045
			1404	1045
			1403	1045
			1402	1045
			1401	1045
			1400	1045
			1399	1046
			1398	1046
			1397	1046
			1396	1046
			1395	1046
			1394	1047
			1393	1047
			1392	1047
			1391	1047
			1390	1047
			1389	1047
			1388	1048
			1387	1048
			1386	1048
			1385	1048
			1384	1048
			1383	1048
			1382	1049
			1381	1049
			1380	1049
			1379	1049
			1378	1049
			1377	1049
			1376	1049
			1375	1050
			1374	1050
			1373	1050
			1372	1050
			1371	1050
			1370	1050
			1369	1050
			1368	1051
			1367	1051
			1366	1051
			1365	1051
			1364	1051
			1363	1051
			1362	1051
			1361	1051
			1360	1051
			1359	1051
			1358	1052
			1357	1052
			1356	1052
			1355	1052
			1354	1052
			1353	1052
			1352	1052
			1351	1052
			1350	1052
			1349	1052
			1348	1052
			1347	1053
			1346	1053
			1345	1053
			1344	1053
			1343	1053
			1342	1053
			1341	1053
			1340	1053
			1339	1053
			1338	1053
			1337	1053
			1336	1053
			1335	1053
			1334	1053
			1333	1053
			1332	1053
			1331	1053
			1330	1053
			1329	1053
			1328	1053
			1327	1054
			1326	1054
			1325	1054
			1324	1054
			1323	1054
			1322	1054
			1321	1054
			1320	1054
			1319	1054
			1318	1054
			1317	1054
			1316	1054
			1315	1054
			1314	1054
			1313	1054
			1312	1054
			1311	1054
			1310	1054
			1309	1054
			1308	1054
			1307	1054
			1306	1054
			1305	1054
			1304	1054
			1303	1054
			1302	1053
			1301	1053
			1300	1053
			1299	1053
			1298	1053
			1297	1053
			1296	1053
			1295	1053
			1294	1053
			1293	1053
			1292	1053
			1291	1053
			1290	1053
			1289	1053
			1288	1053
			1287	1053
			1286	1053
			1285	1053
			1284	1053
			1283	1053
			1282	1052
			1281	1052
			1280	1052
			1279	1052
			1278	1052
			1277	1052
			1276	1052
			1275	1052
			1274	1052
			1273	1052
			1272	1052
			1271	1052
			1270	1051
			1269	1051
			1268	1051
			1267	1051
			1266	1051
			1265	1051
			1264	1051
			1263	1051
			1262	1051
			1261	1051
			1261	1050
			1260	1050
			1259	1050
			1258	1050
			1257	1050
			1256	1050
			1255	1050
			1254	1050
			1253	1049
			1252	1049
			1251	1049
			1250	1049
			1249	1049
			1248	1049
			1247	1049
			1246	1048
			1245	1048
			1244	1048
			1243	1048
			1242	1048
			1241	1048
			1240	1047
			1239	1047
			1238	1047
			1237	1047
			1236	1047
			1235	1047
			1234	1047
			1233	1046
			1232	1046
			1231	1046
			1230	1046
			1229	1046
			1229	1045
			1228	1045
			1227	1045
			1226	1045
			1225	1045
			1224	1045
			1223	1044
			1222	1044
			1221	1044
			1220	1044
			1219	1044
			1218	1043
			1217	1043
			1216	1043
			1215	1043
			1214	1043
			1213	1042
			1212	1042
			1211	1042
			1210	1042
			1210	1041
			1209	1041
			1208	1041
			1207	1041
			1206	1041
			1205	1040
			1204	1040
			1203	1040
			1202	1040
			1201	1039
			1200	1039
			1199	1039
			1198	1039
			1197	1038
			1196	1038
			1195	1038
			1194	1038
			1193	1037
			1192	1037
			1191	1037
			1190	1036
			1189	1036
			1188	1036
			1187	1036
			1186	1035
			1185	1035
			1184	1035
			1183	1035
			1182	1034
			1181	1034
			1180	1034
			1179	1033
			1178	1033
			1177	1033
			1176	1033
			1175	1032
			1174	1032
			1173	1032
			1172	1031
			1171	1031
			1170	1031
			1169	1030
			1168	1030
			1167	1030
			1166	1029
			1165	1029
			1164	1029
			1163	1028
			1162	1028
			1161	1028
			1160	1027
			1159	1027
			1158	1027
			1157	1026
			1156	1026
			1155	1026
			1154	1025
			1153	1025
			1152	1025
			1151	1024
			1150	1024
			1149	1024
			1148	1023
			1147	1023
			1146	1023
			1145	1022
			1144	1022
			1143	1022
			1142	1021
			1141	1021
			1140	1020
			1139	1020
			1138	1020
			1137	1019
			1136	1019
			1135	1018
			1134	1018
			1133	1018
			1132	1017
			1131	1017
			1130	1017
			1129	1016
			1128	1016
			1127	1015
			1126	1015
			1125	1015
			1124	1014
			1123	1014
			1122	1014
			1121	1013
			1120	1013
			1119	1013
			1118	1012
			1117	1012
			1116	1012
			1115	1011
			1114	1011
			1113	1011
			1112	1011
			1111	1010
			1110	1010
			1109	1010
			1108	1009
			1107	1009
			1106	1009
			1105	1008
			1104	1008
			1103	1008
			1102	1007
			1101	1007
			1100	1006
			1099	1006
			1098	1006
			1097	1006
			1096	1005
			1095	1005
			1094	1004
			1093	1004
			1092	1004
			1091	1003
			1090	1003
			1089	1003
			1088	1002
			1087	1002
			1086	1001
			1085	1001
			1084	1001
			1083	1000
			1082	1000
			1081	999
			1080	999
			1079	999
			1078	998
			1077	998
			1076	998
			1075	997
			1074	997
			1073	996
			1072	996
			1072	995
			1071	995
			1070	995
			1069	994
			1068	994
			1067	993
			1066	993
			1065	993
			1064	992
			1063	992
			1062	991
			1061	991
			1060	990
			1059	990
			1058	989
			1057	989
			1056	988
			1055	988
			1054	987
			1053	987
			1052	986
			1051	986
			1050	985
			1049	985
			1048	984
			1047	984
			1046	983
			1045	983
			1044	982
			1043	982
			1042	981
			1041	980
			1040	980
			1039	979
			1038	979
			1038	978
			1037	978
			1036	978
			1036	977
			1035	977
			1034	977
			1034	976
			1033	976
			1033	975
			1032	975
			1031	975
			1031	974
			1030	974
			1029	974
			1029	973
			1028	973
			1027	972
			1026	972
			1025	971
			1024	970
			1023	969
			1022	969
			1021	968
			1020	968
			1020	967
			1019	967
			1018	966
			1017	966
			1017	965
			1016	965
			1015	964
			1014	963
			1013	963
			1012	962
			1011	962
			1010	961
			1010	960
			1009	960
			1008	959
			1007	959
			1006	958
			1005	957
			1004	956
			1003	955
			1002	954
			1001	954
			1000	953
			999	952
			998	951
			997	951
			996	950
			995	949
			994	948
			993	947
			992	947
			991	946
			990	945
			989	944
			988	943
			987	943
			986	942
			985	941
			984	940
			984	939
			983	938
			982	938
			981	937
			980	936
			979	935
			978	934
			977	933
			976	933
			975	932
			974	931
			974	930
			973	929
			972	928
			971	927
			970	926
			969	925
			968	925
			967	924
			967	923
			966	922
			965	921
			964	920
			963	919
			962	918
			962	917
			961	916
			960	915
			959	914
			958	914
			957	913
			957	912
			956	911
			955	910
			954	909
			953	908
			953	907
			952	906
			951	905
			950	904
			949	903
			949	902
			948	901
			947	900
			946	899
			946	898
			945	897
			944	896
			943	895
			943	894
			942	893
			941	892
			940	891
			940	890
			939	889
			938	888
			937	887
			937	886
			936	885
			935	884
			934	883
			934	882
			933	881
			933	880
			932	880
			932	879
			932	878
			931	878
			931	877
			930	876
			930	875
			929	874
			928	873
			928	872
			927	871
			926	870
			926	869
			925	868
			925	867
			924	866
			923	865
			923	864
			922	863
			922	862
			921	861
			921	860
			920	859
			920	858
			919	857
			918	856
			918	855
			917	854
			917	853
			916	852
			916	851
			915	850
			915	849
			914	848
			914	847
			913	846
			913	845
			912	844
			912	843
			911	842
			911	841
			910	840
			910	839
			909	838
			909	837
			908	836
			908	835
			907	834
			907	833
			906	832
			906	831
			905	830
			905	829
			904	828
			904	827
			904	826
			903	825
			903	824
			902	823
			902	822
			901	821
			901	820
			901	819
			900	818
			900	817
			899	816
			899	815
			899	814
			898	813
			898	812
			898	811
			897	810
			897	809
			896	808
			896	807
			895	806
			895	805
			895	804
			895	803
			894	803
			894	802
			894	801
			893	800
			893	799
			893	798
			892	797
			892	796
			892	795
			891	794
			891	793
			891	792
			890	791
			890	790
			889	789
			889	788
			889	787
			889	786
			888	785
			888	784
			888	783
			887	782
			887	781
			887	780
			886	779
			886	778
			886	777
			886	776
			885	775
			885	774
			885	773
			885	772
			884	772
			884	771
			884	770
			884	769
			883	768
			883	767
			883	766
			883	765
			882	764
			882	763
			882	762
			882	761
			881	760
			881	759
			881	758
			881	757
			880	756
			880	755
			880	754
			879	753
			879	752
			879	751
			879	750
			878	749
			878	748
			878	747
			878	746
			878	745
			878	744
			877	744
			877	743
			877	742
			877	741
			877	740
			876	739
			876	738
			876	737
			876	736
			875	735
			875	734
			875	733
			875	732
			875	731
			874	730
			874	729
			874	728
			874	727
			874	726
			873	725
			873	724
			873	723
			873	722
			873	721
			873	720
			873	719
			872	718
			872	717
			872	716
			872	715
			872	714
			871	713
			871	712
			871	711
			871	710
			871	709
			871	708
			871	707
			870	707
			870	706
			870	705
			870	704
			870	703
			870	702
			870	701
			869	700
			869	699
			869	698
			869	697
			869	696
			869	695
			869	694
			868	693
			868	692
			868	691
			868	690
			868	689
			868	688
			868	687
			868	686
			867	685
			867	684
			867	683
			867	682
			867	681
			867	680
			867	679
			867	678
			867	677
			866	676
			866	675
			866	674
			866	673
			866	672
			866	671
			866	670
			866	669
			866	668
			866	667
			865	666
			865	665
			865	664
			865	663
			865	662
			865	661
			865	660
			865	659
			865	658
			865	657
			865	656
			865	655
			864	654
			864	653
			864	652
			864	651
			864	650
			864	649
			864	648
			864	647
			864	646
			864	645
			864	644
			864	643
			864	642
			864	641
			864	640
			864	639
			863	638
			863	637
			863	636
			863	635
			863	634
			863	633
			863	632
			863	631
			863	630
			863	629
			863	628
			863	627
			863	626
			863	625
			864	624
			864	623
			864	622
			864	621
			864	620
			864	619
			864	618
			865	617
			865	616
			865	615
			865	614
			865	613
			865	612
			866	611
			866	610
			866	609
			866	608
			866	607
			866	606
			866	605
			867	604
			867	603
			867	602
			867	601
			867	600
			868	599
			868	598
			868	597
			868	596
			868	595
			868	594
			869	593
			869	592
			869	591
			869	590
			869	589
			870	588
			870	587
			870	586
			870	585
			870	584
			871	583
			871	582
			871	581
			871	580
			871	579
			872	578
			872	577
			872	576
			872	575
			872	574
			873	573
			873	572
			873	571
			873	570
			874	569
			874	568
			874	567
			874	566
			874	565
			875	564
			875	563
			875	562
			875	561
			876	561
			876	560
			876	559
			876	558
			876	557
			877	556
			877	555
			877	554
			877	553
			878	552
			878	551
			878	550
			878	549
			879	548
			879	547
			879	546
			880	545
			880	544
			880	543
			880	542
			881	542
			881	541
			881	540
			881	539
			882	538
			882	537
			882	536
			882	535
			883	534
			883	533
			883	532
			884	531
			884	530
			884	529
			884	528
			885	527
			885	526
			885	525
			886	524
			886	523
			886	522
			887	521
			887	520
			887	519
			888	518
			888	517
			888	516
			889	515
			889	514
			889	513
			889	512
			890	512
			890	511
			890	510
			891	509
			891	508
			891	507
			892	506
			892	505
			892	504
			893	503
			893	502
			893	501
			894	500
			894	499
			894	498
			895	497
			895	496
			896	495
			896	494
			896	493
			897	493
			897	492
			897	491
			898	490
			898	489
			898	488
			899	487
			899	486
			899	485
			900	485
			900	484
			900	483
			901	482
			901	481
			902	480
			902	479
			902	478
			903	477
			903	476
			904	475
			904	474
			904	473
			905	472
			905	471
			906	471
			906	470
			906	469
			907	468
			907	467
			908	466
			908	465
			908	464
			909	463
			909	462
			910	461
			910	460
			911	460
			911	459
			911	458
			912	457
			912	456
			913	455
			913	454
			914	453
			914	452
			914	451
			915	450
			916	449
			916	448
			917	447
			917	446
			917	445
			918	445
			918	444
			918	443
			919	443
			919	442
			919	441
			920	441
			920	440
			920	439
			921	439
			921	438
			922	437
			922	436
			923	435
			923	434
			924	433
			924	432
			925	431
			925	430
			926	429
			926	428
			927	427
			928	426
			929	425
			929	424
			930	423
			930	422
			931	421
			931	420
			932	419
			932	418
			933	417
			934	416
			934	415
			935	414
			935	413
			936	412
			936	411
			937	410
			938	410
			938	409
			939	408
			939	407
			940	406
			940	405
			941	404
			942	403
			942	402
			943	402
			943	401
			944	400
			944	399
			945	398
			946	397
			946	396
			947	395
			948	394
			949	393
			949	392
			950	391
			951	390
			952	389
			952	388
			952	387
			953	387
			953	386
			954	385
			955	384
			955	383
			956	382
			957	381
			958	380
			958	379
			959	378
			960	377
			961	376
			961	375
			962	374
			963	373
			964	372
			965	371
			966	370
			966	369
			967	368
			968	367
			969	366
			970	365
			970	364
			971	363
			972	362
			973	361
			974	360
			975	359
			975	358
			976	357
			977	356
			978	355
			979	354
			980	353
			981	352
			981	351
			982	350
			983	349
			984	348
			985	347
			986	346
			987	345
			987	344
			988	343
			989	342
			990	341
			991	340
			992	339
			993	338
			994	337
			995	336
			996	335
			996	334
			997	333
			998	333
			999	332
			1000	331
			1001	330
			1002	329
			1003	328
			1004	327
			1005	326
			1006	325
			1007	324
			1008	323
			1009	322
			1010	322
			1010	321
			1011	320
			1012	319
			1013	318
			1014	317
			1015	316
			1016	315
			1017	314
			1018	314
			1019	313
			1020	312
			1021	311
			1022	310
			1023	309
			1024	308
			1025	307
			1026	307
			1027	306
			1028	305
			1029	304
			1030	303
			1031	302
			1032	301
			1033	301
			1034	300
			1035	299
			1036	298
			1037	297
			1038	296
			1039	296
			1040	295
			1041	294
			1042	294
			1042	293
			1043	293
			1044	292
			1045	291
			1046	290
			1047	289
			1048	289
			1049	288
			1050	288
			1051	287
			1051	286
			1052	286
			1053	285
			1054	285
			1054	284
			1055	284
			1056	283
			1057	282
			1058	282
			1058	281
			1059	281
			1060	280
			1061	280
			1061	279
			1062	279
			1063	278
			1064	277
			1065	277
			1065	276
			1066	276
			1067	275
			1068	275
			1069	274
			1070	274
			1070	273
			1071	272
			1072	272
			1073	271
			1074	271
			1074	270
			1075	270
			1076	269
			1077	269
			1078	268
			1079	268
			1079	267
			1080	267
			1081	266
			1082	265
			1083	265
			1083	264
			1084	264
			1085	263
			1086	263
			1087	262
			1088	262
			1089	261
			1090	260
			1091	260
			1092	259
			1093	258
			1094	258
			1095	257
			1096	257
			1097	256
			1098	255
			1099	255
			1100	254
			1101	254
			1102	253
			1103	253
			1104	252
			1105	251
			1106	251
			1107	251
			1108	250
			1109	250
			1110	250
			1111	250
			1111	249
			1112	249
			1113	249
			1114	249
			1115	248
			1116	248
			1117	248
			1118	248
			1119	247
			1120	247
			1121	247
			1122	246
			1123	246
			1124	246
			1125	246
			1126	245
			1127	245
			1128	245
			1129	245
			1130	244
			1131	244
			1132	244
			1133	244
			1134	243
			1135	243
			1136	243
			1137	243
			1138	242
			1139	242
			1140	242
			1141	242
			1142	242
			1143	241
			1144	241
			1145	241
			1146	240
			1147	240
			1148	240
			1149	240
			1150	239
			1151	239
			1152	239
			1153	239
			1154	239
			1155	238
			1156	238
			1157	238
			1158	238
			1159	237
			1160	237
			1161	237
			1162	237
			1163	237
			1164	236
			1165	236
			1166	236
			1167	236
			1168	236
			1169	235
			1170	235
			1171	235
			1172	235
			1173	235
			1174	234
			1175	234
			1176	234
			1177	234
			1178	234
			1179	233
			1180	233
			1181	233
			1182	233
			1183	233
			1184	233
			1185	232
			1186	232
			1187	232
			1188	232
			1189	232
			1190	232
			1191	231
			1192	231
			1193	231
			1194	231
			1195	231
			1196	231
			1197	230
			1198	230
			1199	230
			1200	230
			1201	230
			1202	230
			1203	229
			1204	229
			1205	229
			1206	229
			1207	229
			1208	229
			1209	229
			1210	228
			1211	228
			1212	228
			1213	228
			1214	228
			1215	228
			1216	228
			1217	227
			1218	227
			1219	227
			1220	227
			1221	227
			1222	227
			1223	227
			1224	227
			1225	226
			1226	226
			1227	226
			1228	226
			1229	226
			1230	226
			1231	226
			1232	226
			1233	226
			1234	226
			1235	225
			1236	225
			1237	225
			1238	225
			1239	225
			1240	225
			1241	225
			1242	225
			1243	225
			1244	225
			1245	225
			1246	224
			1247	224
			1248	224
			1249	224
			1250	224
			1251	224
			1252	224
			1253	224
			1254	224
			1255	224
			1256	224
			1257	224
			1258	224
			1259	224
			1260	223
			1261	223
			1262	223
			1263	223
			1264	223
			1265	223
			1266	223
			1267	223
			1268	223
			1269	223
			1270	223
			1271	223
			1272	223
			1273	223
			1274	223
			1275	223
			1276	223
			1277	223
			1278	223
			1279	223
			1280	223
			1281	223
			1282	223
			1283	223
			1284	223
			1285	223
			1286	223
			1287	223
			1288	223
			1289	223
			1290	223
			1291	223
			1292	223
			1293	223
			1294	223
			1295	223
			1296	223
			1297	223
			1298	223
			1299	223
			1300	223
			1301	223
			1302	223
			1303	223
			1304	223
			1305	223
			1306	223
			1307	223
			1308	223
			1309	223
			1310	223
			1311	223
			1312	223
			1313	223
			1314	223
			1315	223
			1316	223
			1317	223
			1318	223
			1319	223
			1320	223
			1321	223
			1322	223
			1323	223
			1324	223
			1325	224
			1326	224
			1327	224
			1328	224
			1329	224
			1330	224
			1331	224
			1332	224
			1333	224
			1334	224
			1335	224
			1336	224
			1337	224
			1338	225
			1339	225
			1340	225
			1341	225
			1342	225
			1343	225
			1344	225
			1345	225
			1346	225
			1347	225
			1348	225
			1349	226
			1350	226
			1351	226
			1352	226
			1353	226
			1354	226
			1355	226
			1356	226
			1357	226
			1358	227
			1359	227
			1360	227
			1361	227
			1362	227
			1363	227
			1364	227
			1365	228
			1366	228
			1367	228
			1368	228
			1369	228
			1370	228
			1371	228
			1372	229
			1373	229
			1374	229
			1375	229
			1376	229
			1377	229
			1378	230
			1379	230
			1380	230
			1381	230
			1382	230
			1383	230
			1383	231
			1384	231
			1385	231
			1386	231
			1387	231
			1388	231
			1389	232
			1390	232
			1391	232
			1392	232
			1393	232
			1394	233
			1395	233
			1396	233
			1397	233
			1398	233
			1399	234
			1400	234
			1401	234
			1402	234
			1403	234
			1404	235
			1405	235
			1406	235
			1407	235
			1408	236
			1409	236
			1410	236
			1411	236
			1412	236
			1412	237
			1413	237
			1414	237
			1415	237
			1416	238
			1417	238
			1418	238
			1419	238
			1420	238
			1420	239
			1421	239
			1422	239
			1423	239
			1424	240
			1425	240
			1426	240
			1427	241
			1428	241
			1429	241
			1430	241
			1431	242
			1432	242
			1433	242
			1434	243
			1435	243
			1436	243
			1437	243
			1438	244
			1439	244
			1440	244
			1441	245
			1442	245
			1443	245
			1444	245
			1445	246
			1446	246
			1447	246
			1448	247
			1449	247
			1450	247
			1450	248
			1451	248
			1452	248
			1453	249
			1454	249
			1455	249
			1456	250
			1457	250
			1458	250
			1459	251
			1460	251
			1461	251
			1462	252
			1463	252
			1464	252
			1465	253
			1466	253
			1467	253
			1468	254
			1469	254
			1470	255
			1471	255
			1472	256
			1473	256
			1474	256
			1475	257
			1476	257
			1477	258
			1478	258
			1479	258
			1480	259
			1481	259
			1482	260
			1483	260
			1484	260
			1485	261
			1486	261
			1487	262
			1488	262
			1489	263
			1490	263
			1491	263
			1492	264
			1493	264
			1494	265
			1495	265
			1496	266
			1497	266
			1498	266
			1499	267
			1500	268
			1501	268
			1502	268
			1503	269
			1504	269
			1505	270
			1506	270
			1507	271
			1508	271
			1509	272
			1510	272
			1511	273
			1512	273
			1513	274
			1514	274
			1515	275
			1516	275
			1517	276
			1518	276
			1519	277
			1520	277
			1521	278
			1522	278
			1523	279
			1524	279
			1525	280
			1526	281
			1527	281
			1528	282
			1529	282
			1530	283
			1531	283
			1532	284
			1533	284
			1534	285
			1535	285
			1536	286
			1537	286
			1537	287
			1538	288
			1539	288
			1540	289
			1541	289
			1542	290
			1543	290
			1544	291
			1545	292
			1546	292
			1547	293
			1548	293
			1549	294
			1550	294
			1551	295
			1552	296
			1553	296
			1554	297
			1555	297
			1556	298
			1557	299
			1558	299
			1558	300
			1559	300
			1560	301
			1561	302
			1562	302
			1563	303
			1564	303
			1565	304
			1566	305
			1567	305
			1568	306
			1569	307
			1570	307
			1571	308
			1572	309
			1573	309
			1573	310
			1574	310
			1575	311
			1576	312
			1577	312
			1578	313
			1579	314
			1580	314
			1581	315
			1582	316
			1583	316
			1584	317
			1585	318
			1586	318
			1586	319
			1587	320
			1588	320
			1589	321
			1590	322
			1591	322
			1592	323
			1593	324
			1594	325
			1595	325
			1596	326
			1597	327
			1598	328
			1599	329
			1600	329
			1601	330
			1602	331
			1603	332
			1604	333
			1605	333
			1606	334
			1607	335
			1608	336
			1609	337
			1610	337
			1611	338
			1612	339
			1613	340
			1614	340
			1615	341
			1616	342
			1617	343
			1617	344
			1618	344
			1619	345
			1620	346
			1621	347
			1622	348
			1623	348
			1624	349
			1625	350
			1626	351
			1627	352
			1628	352
			1629	353
			1629	354
			1630	355
			1631	356
			1632	357
			1633	357
			1634	358
			1635	359
			1636	360
			1636	361
			1637	361
			1638	362
			1639	363
			1640	364
			1641	365
			1641	366
			1642	367
			1643	367
			1643	368
			1644	369
			1645	370
			1646	371
			1647	372
			1648	373
			1648	374
			1649	375
			1650	376
			1651	377
			1652	378
			1652	379
			1653	380
			1654	380
			1655	381
			1656	382
			1656	383
			1657	384
			1658	385
			1659	386
			1659	387
			1660	388
			1661	389
			1662	390
			1662	391
			1663	392
			1664	393
			1665	393
			1665	394
			1666	395
			1667	396
			1668	397
			1668	398
			1669	399
			1670	400
			1670	401
			1671	402
			1672	403
			1673	404
			1673	405
			1674	406
			1675	407
			1675	408
			1676	408
			1677	409
			1677	410
			1678	411
			1679	412
			1680	413
			1680	414
			1681	415
			1682	416
			1682	417
			1683	418
			1684	419
			1684	420
			1685	421
			1686	422
			1686	423
			1687	424
			1688	425
			1689	426
			1689	427
			1690	428
			1690	429
			1691	429
			1691	430
			1692	431
			1692	432
			1693	433
			1694	434
			1694	435
			1695	436
			1695	437
			1696	437
			1697	438
			1697	439
			1698	440
			1698	441
			1699	442
			1700	443
			1700	444
			1701	445
			1701	446
			1702	447
			1703	448
			1703	449
			1704	450
			1704	451
			1705	452
			1706	453
			1706	454
			1707	455
			1707	456
			1708	457
			1709	458
			1709	459
			1710	460
			1710	461
			1711	462
			1711	463
			1712	464
			1712	465
			1713	466
			1714	467
			1714	468
			1715	469
			1715	470
			1716	471
			1716	472
			1717	473
			1717	474
			1718	475
			1718	476
			1719	477
			1719	478
			1719	479
			1720	480
			1721	481
			1721	482
			1721	483
			1722	484
			1722	485
			1723	485
			1723	486
			1724	487
			1724	488
			1724	489
			1725	490
			1725	491
			1726	492
			1726	493
			1727	494
			1727	495
			1728	496
			1728	497
			1728	498
			1729	498
			1729	499
			1729	500
			1730	500
			1730	501
			1730	502
			1731	503
			1731	504
			1732	505
			1732	506
			1732	507
			1733	508
			1733	509
			1734	510
			1734	511
			1734	512
			1735	513
			1735	514
			1735	515
			1736	516
			1736	517
			1737	518
			1737	519
			1738	520
			1738	521
			1738	522
			1739	523
			1739	524
			1739	525
			1740	526
			1740	527
			1740	528
			1741	528
			1741	529
			1741	530
			1741	531
			1742	532
			1742	533
			1742	534
			1743	535
			1743	536
			1743	537
			1744	538
			1744	539
			1744	540
			1745	541
			1745	542
			1745	543
			1746	544
			1746	545
			1746	546
			1747	547
			1747	548
			1747	549
			1747	550
			1748	551
			1748	552
			1748	553
			1748	554
			1749	555
			1749	556
			1749	557
			1750	558
			1750	559
			1750	560
			1750	561
			1751	562
			1751	563
			1751	564
			1751	565
			1752	566
			1752	567
			1752	568
			1752	569
			1753	570
			1753	571
			1753	572
			1753	573
			1753	574
			1754	575
			1754	576
			1754	577
			1754	578
			1755	579
			1755	580
			1755	581
			1755	582
			1755	583
			1756	584
			1756	585
			1756	586
			1756	587
			1756	588
			1757	589
			1757	590
			1757	591
			1757	592
			1757	593
			1757	594
			1758	595
			1758	596
			1758	597
			1758	598
			1758	599
			1758	600
			1759	601
			1759	602
			1759	603
			1759	604
			1759	605
			1759	606
			1759	607
			1760	608
			1760	609
			1760	610
			1760	611
			1760	612
			1760	613
			1760	614
			1760	615
			1761	616
			1761	617
			1761	618
			1761	619
			1761	620
			1761	621
			1761	622
			1761	623
			1761	624
			1761	625
			1762	626
			1762	627
			1762	628
			1762	629
			1762	630
			1762	631
			1762	632
			1762	633
			1762	634
			1762	635
			1762	636
			1762	637
			1762	638
			1762	639
			1763	640
			1763	641
			1763	642
			1763	643
			1763	644
			1763	645
			1763	646
			1763	647
			1763	648
			1763	649
			1763	650
			1763	651
			1763	652
			1763	653
			1763	654
			1763	655
			1763	656
			1763	657
			1763	658
			1763	659
			1763	660
			1763	661
			1763	662
			1763	663
			1763	664
			1763	665
			1763	666
			1763	667
			1763	668
			1763	669
			1763	670
			1763	671
			1763	672
			1763	673
			1763	674
			1763	675
			1763	676
			1763	677
			1763	678
			1763	679
			1763	680
			1763	681
			1763	682
			1763	683
			1763	684
			1762	685
			1762	686
			1762	687
			1762	688
			1762	689
			1762	690
			1762	691
			1762	692
			1762	693
			1762	694
			1761	695
			1761	696
			1761	697
			1760	698
			1760	699
			1760	700
			1760	701
			1759	701
			1759	702
			1759	703
			1759	704
			1758	705
			1758	706
			1758	707
			1757	708
			1757	709
			1757	710
			1756	711
			1756	712
			1756	713
			1755	714
			1755	715
			1755	716
			1754	717
			1754	718
			1753	719
			1753	720
			1753	721
			1753	722
			1752	722
			1752	723
			1752	724
			1751	725
			1751	726
			1751	727
			1750	728
			1750	729
			1749	730
			1749	731
			1749	732
			1748	733
			1748	734
			1748	735
			1747	736
			1747	737
			1747	738
			1746	739
			1746	740
			1746	741
			1745	741
			1745	742
			1745	743
			1744	744
			1744	745
			1744	746
			1743	747
			1743	748
			1742	749
			1742	750
			1742	751
			1741	752
			1741	753
			1740	754
			1740	755
			1740	756
			1739	756
			1739	757
			1739	758
			1738	759
			1738	760
			1737	761
			1737	762
			1737	763
			1736	763
			1736	764
			1736	765
			1735	766
			1735	767
			1734	768
			1734	769
			1734	770
			1733	771
			1733	772
			1732	773
			1732	774
			1732	775
			1731	775
			1731	776
			1730	777
			1730	778
			1730	779
			1729	780
			1729	781
			1728	782
			1728	783
			1727	784
			1727	785
			1726	786
			1726	787
			1725	788
			1725	789
			1725	790
			1724	790
			1724	791
			1724	792
			1723	792
			1723	793
			1723	794
			1722	794
			1722	795
			1721	796
			1721	797
			1720	798
			1720	799
			1720	800
			1719	800
			1719	801
			1719	802
			1718	803
			1717	804
			1717	805
			1717	806
			1716	807
			1716	808
			1715	809
			1715	810
			1714	810
			1714	811
			1713	812
			1713	813
			1712	814
			1712	815
			1711	816
			1711	817
			1710	818
			1709	819
			1709	820
			1708	821
			1708	822
			1708	823
			1707	823
			1707	824
			1707	825
			1706	825
			1706	826
			1705	827
			1705	828
			1704	829
			1703	830
			1703	831
			1702	832
			1702	833
			1701	834
			1700	835
			1700	836
			1699	837
			1699	838
			1698	839
			1698	840
			1697	840
			1697	841
			1696	842
			1696	843
			1695	844
			1695	845
			1694	846
			1694	847
			1693	847
			1693	848
			1692	849
			1691	850
			1691	851
			1690	852
			1690	853
			1689	853
			1689	854
			1688	855
			1688	856
			1687	857
			1687	858
			1686	859
			1685	859
			1685	860
			1684	861
			1684	862
			1683	863
			1683	864
			1682	865
			1681	865
			1681	866
			1680	867
			1680	868
			1679	869
			1679	870
			1678	870
			1677	871
			1677	872
			1676	873
			1676	874
			1675	874
			1675	875
			1674	876
			1673	877
			1673	878
			1672	879
			1671	880
			1670	881
			1670	882
			1669	883
			1668	884
			1668	885
			1667	886
			1666	887
			1665	888
			1665	889
			1664	890
			1663	891
			1663	892
			1662	893
			1661	894
			1660	895
			1659	896
			1658	897
			1658	898
			1657	898
			1657	899
			1656	900
			1655	901
			1654	902
			1653	903
			1653	904
			1652	905
			1651	906
			1650	907
			1649	908
			1649	909
			1648	910
			1647	911
			1646	912
			1645	913
			1645	914
			1644	915
			1643	916
			1642	917
			1641	917
			1641	918
			1640	919
			1639	920
			1638	921
			1637	922
			1636	923
			1636	924
			1635	925
			1634	926
			1633	927
			1632	927
			1631	928
			1631	929
			1630	930
			1629	931
			1628	932
			1627	933
			1626	934
			1626	935
			1625	935
			1624	936
			1623	937
			1622	938
			1621	939
			1621	940
			1620	941
			1619	942
			1618	942
			1617	943
			1616	944
			1615	945
			1614	946
			1614	947
			1613	947
			1612	948
			1611	949
			1610	950
			1609	951
			1608	952
			1607	953
			1606	954
			1605	955
			1604	956
			1603	956
			1603	957
			1602	958
			1601	958
			1601	959
			1600	959
			1599	960
			1598	961
			1597	962
		</Eye>
	</curves.pixel>
	<ruler.points type=matrix rownames=TRUE colnames=FALSE nrow=2 ncol=2 as.numeric=TRUE >
		Ruler point 1	2	1894
		Ruler point 2	104	1894
	</ruler.points>
</shapes>

