<shapes type=list>
	<scaling type=logical names=FALSE length=1 as.numeric=FALSE >NA</scaling>
	<landmarks.pixel type=matrix rownames=TRUE colnames=FALSE nrow=11 ncol=2 as.numeric=TRUE >
		LM1Forehead	1753	581
		LM2UJFront	2072	1522
		LM3UJBack	1599	1595
		LM4LacOrb	1649	1162
		LM5QJoint	1550	1632
		LM6IOPL	1502	1736
		LM7IOPSOP	603	1657
		LM8A2A1	948	1299
		LM9A1A3	936	986
		LM10TopMuscR	823	798
		LM11TopMuscL	451	682
	</landmarks.pixel>
	<curves.control type=list>
		<Profile type=matrix rownames=FALSE colnames=FALSE nrow=7 ncol=2 as.numeric=TRUE >
			1753	581
			2000	819
			2126	1058
			2321	1339
			2235	1456
			2152	1617
			2072	1522
		</Profile>
		<Eye type=matrix rownames=FALSE colnames=FALSE nrow=13 ncol=2 as.numeric=TRUE >
			1649	1162
			1523	1261
			1328	1227
			1145	1179
			1067	1006
			1046	771
			1154	654
			1345	498
			1566	607
			1766	680
			1783	893
			1779	1071
			1649	1162
		</Eye>
	</curves.control>
	<curves.pixel type=list>
		<Profile type=matrix rownames=FALSE colnames=FALSE nrow=1116 ncol=2 as.numeric=TRUE >
			1753	581
			1754	582
			1755	583
			1756	584
			1757	585
			1758	586
			1759	587
			1760	588
			1761	588
			1761	589
			1762	590
			1763	591
			1764	592
			1765	592
			1766	593
			1766	594
			1767	595
			1768	596
			1769	597
			1770	597
			1771	598
			1771	599
			1772	600
			1773	601
			1774	601
			1775	602
			1776	603
			1776	604
			1777	605
			1778	605
			1779	606
			1780	607
			1781	608
			1781	609
			1782	610
			1783	610
			1784	611
			1785	612
			1785	613
			1786	614
			1787	614
			1788	615
			1789	616
			1789	617
			1790	618
			1791	618
			1792	619
			1793	620
			1794	621
			1794	622
			1795	622
			1796	623
			1797	624
			1798	625
			1798	626
			1799	627
			1800	627
			1801	628
			1802	629
			1802	630
			1803	631
			1804	631
			1805	632
			1806	633
			1806	634
			1807	635
			1808	635
			1809	636
			1810	637
			1810	638
			1811	639
			1812	640
			1813	640
			1814	641
			1814	642
			1815	643
			1816	644
			1817	644
			1817	645
			1818	646
			1819	647
			1820	648
			1821	648
			1821	649
			1822	650
			1823	651
			1824	652
			1824	653
			1825	653
			1826	654
			1827	655
			1828	656
			1828	657
			1829	657
			1830	658
			1831	659
			1831	660
			1832	661
			1833	661
			1834	662
			1835	663
			1835	664
			1836	665
			1837	666
			1838	666
			1838	667
			1839	668
			1840	669
			1841	670
			1842	671
			1843	672
			1844	673
			1845	674
			1846	675
			1847	676
			1848	677
			1849	678
			1850	679
			1850	680
			1851	681
			1852	682
			1853	683
			1854	684
			1855	685
			1856	686
			1857	687
			1858	688
			1859	689
			1860	690
			1860	691
			1861	692
			1862	693
			1863	694
			1864	695
			1865	696
			1866	697
			1867	698
			1868	699
			1868	700
			1869	700
			1870	701
			1871	702
			1872	703
			1873	704
			1874	705
			1875	706
			1875	707
			1876	708
			1877	709
			1878	710
			1879	711
			1880	712
			1881	713
			1882	714
			1883	715
			1883	716
			1884	717
			1885	718
			1886	719
			1887	720
			1888	721
			1889	722
			1889	723
			1890	724
			1891	725
			1892	726
			1893	727
			1894	728
			1895	729
			1895	730
			1896	731
			1897	732
			1898	733
			1899	734
			1900	735
			1901	736
			1901	737
			1902	738
			1903	739
			1904	739
			1905	740
			1906	741
			1907	742
			1907	743
			1908	744
			1909	745
			1910	746
			1911	747
			1912	748
			1912	749
			1913	750
			1914	751
			1915	752
			1916	753
			1917	754
			1917	755
			1918	756
			1919	757
			1920	758
			1921	759
			1922	760
			1922	761
			1923	762
			1924	763
			1925	764
			1926	765
			1926	766
			1927	767
			1928	768
			1929	769
			1930	770
			1931	771
			1931	772
			1932	773
			1933	774
			1934	775
			1935	776
			1935	777
			1936	778
			1937	779
			1938	779
			1939	780
			1939	781
			1940	782
			1941	783
			1942	784
			1943	785
			1943	786
			1944	787
			1945	788
			1946	789
			1947	790
			1947	791
			1948	792
			1949	793
			1950	794
			1951	795
			1951	796
			1952	797
			1953	798
			1954	799
			1954	800
			1955	801
			1956	802
			1957	803
			1958	804
			1958	805
			1959	806
			1960	807
			1961	808
			1961	809
			1962	810
			1963	811
			1964	812
			1965	813
			1965	814
			1966	815
			1967	816
			1968	817
			1968	818
			1969	819
			1970	820
			1971	820
			1971	821
			1972	822
			1973	823
			1974	824
			1975	825
			1975	826
			1976	827
			1977	828
			1978	829
			1978	830
			1979	831
			1980	832
			1981	833
			1981	834
			1982	835
			1983	836
			1984	837
			1984	838
			1985	839
			1986	840
			1986	841
			1987	842
			1988	843
			1989	844
			1989	845
			1990	846
			1991	847
			1992	848
			1992	849
			1993	850
			1994	851
			1995	852
			1995	853
			1996	854
			1997	855
			1997	856
			1998	857
			1999	858
			2000	859
			2000	860
			2001	861
			2002	861
			2003	862
			2003	863
			2004	864
			2005	865
			2005	866
			2006	867
			2007	868
			2008	869
			2008	870
			2009	871
			2010	872
			2010	873
			2011	874
			2012	875
			2013	876
			2013	877
			2014	878
			2015	879
			2015	880
			2016	881
			2017	882
			2017	883
			2018	884
			2019	885
			2019	886
			2020	887
			2021	888
			2022	889
			2022	890
			2023	891
			2024	892
			2024	893
			2025	894
			2026	895
			2026	896
			2027	897
			2028	898
			2028	899
			2029	900
			2030	901
			2030	902
			2031	903
			2032	903
			2032	904
			2033	905
			2034	906
			2035	907
			2035	908
			2036	909
			2037	910
			2037	911
			2038	912
			2039	913
			2039	914
			2040	915
			2041	916
			2041	917
			2042	918
			2043	919
			2043	920
			2044	921
			2044	922
			2045	923
			2046	924
			2046	925
			2047	926
			2048	927
			2048	928
			2049	929
			2050	930
			2050	931
			2051	932
			2052	933
			2052	934
			2053	935
			2054	936
			2054	937
			2055	938
			2055	939
			2056	940
			2057	941
			2057	942
			2058	943
			2059	944
			2059	945
			2060	945
			2061	946
			2061	947
			2062	948
			2062	949
			2063	950
			2064	951
			2064	952
			2065	953
			2066	954
			2066	955
			2067	956
			2067	957
			2068	958
			2069	959
			2069	960
			2070	961
			2071	962
			2071	963
			2072	964
			2072	965
			2073	966
			2074	967
			2074	968
			2075	969
			2075	970
			2076	971
			2077	972
			2077	973
			2078	974
			2078	975
			2079	976
			2080	977
			2080	978
			2081	979
			2081	980
			2082	981
			2083	982
			2083	983
			2084	984
			2084	985
			2085	986
			2086	987
			2086	988
			2087	989
			2088	990
			2088	991
			2089	992
			2089	993
			2090	993
			2090	994
			2090	995
			2091	995
			2091	996
			2092	997
			2093	998
			2093	999
			2094	1000
			2094	1001
			2095	1002
			2096	1003
			2096	1004
			2097	1005
			2097	1006
			2098	1007
			2099	1008
			2099	1009
			2100	1010
			2100	1011
			2101	1012
			2101	1013
			2102	1014
			2103	1015
			2103	1016
			2104	1017
			2104	1018
			2105	1019
			2105	1020
			2106	1021
			2106	1022
			2107	1023
			2108	1024
			2108	1025
			2108	1026
			2109	1027
			2110	1028
			2111	1029
			2111	1030
			2111	1031
			2112	1032
			2112	1033
			2113	1034
			2113	1035
			2114	1036
			2115	1037
			2115	1038
			2116	1039
			2116	1040
			2117	1041
			2117	1042
			2118	1043
			2119	1044
			2119	1045
			2120	1046
			2120	1047
			2120	1048
			2121	1048
			2121	1049
			2122	1050
			2122	1051
			2123	1052
			2123	1053
			2124	1054
			2124	1055
			2125	1056
			2125	1057
			2126	1058
			2126	1059
			2127	1060
			2128	1061
			2129	1062
			2129	1063
			2130	1064
			2131	1065
			2131	1066
			2132	1067
			2133	1068
			2134	1069
			2134	1070
			2135	1071
			2136	1072
			2137	1073
			2137	1074
			2138	1075
			2139	1076
			2139	1077
			2139	1078
			2140	1078
			2140	1079
			2141	1080
			2142	1081
			2142	1082
			2143	1083
			2144	1084
			2144	1085
			2145	1086
			2146	1087
			2146	1088
			2147	1089
			2148	1090
			2148	1091
			2149	1092
			2150	1093
			2151	1094
			2151	1095
			2152	1096
			2152	1097
			2153	1098
			2154	1099
			2154	1100
			2155	1101
			2155	1102
			2156	1102
			2156	1103
			2157	1104
			2157	1105
			2158	1105
			2158	1106
			2159	1107
			2159	1108
			2160	1108
			2160	1109
			2161	1110
			2161	1111
			2162	1112
			2163	1113
			2163	1114
			2164	1115
			2164	1116
			2165	1117
			2165	1118
			2166	1118
			2166	1119
			2167	1120
			2168	1121
			2168	1122
			2169	1123
			2169	1124
			2170	1125
			2170	1126
			2171	1126
			2171	1127
			2172	1128
			2172	1129
			2173	1130
			2174	1131
			2174	1132
			2175	1133
			2175	1134
			2176	1134
			2176	1135
			2177	1136
			2177	1137
			2178	1138
			2178	1139
			2179	1140
			2179	1141
			2180	1141
			2180	1142
			2181	1143
			2181	1144
			2182	1145
			2182	1146
			2183	1147
			2184	1148
			2184	1149
			2185	1150
			2186	1151
			2186	1152
			2187	1153
			2187	1154
			2188	1155
			2188	1156
			2189	1157
			2190	1158
			2190	1159
			2191	1160
			2191	1161
			2192	1162
			2192	1163
			2193	1164
			2193	1165
			2194	1166
			2195	1167
			2195	1168
			2196	1169
			2196	1170
			2197	1171
			2197	1172
			2198	1173
			2198	1174
			2199	1175
			2200	1176
			2200	1177
			2200	1178
			2201	1179
			2202	1180
			2202	1181
			2203	1182
			2203	1183
			2204	1184
			2204	1185
			2205	1186
			2206	1187
			2206	1188
			2206	1189
			2207	1190
			2207	1191
			2208	1192
			2208	1193
			2209	1194
			2209	1195
			2210	1195
			2210	1196
			2210	1197
			2211	1198
			2211	1199
			2212	1200
			2212	1201
			2213	1202
			2213	1203
			2214	1203
			2214	1204
			2215	1205
			2215	1206
			2215	1207
			2216	1208
			2216	1209
			2217	1210
			2217	1211
			2218	1211
			2218	1212
			2218	1213
			2219	1214
			2219	1215
			2220	1216
			2220	1217
			2220	1218
			2221	1218
			2221	1219
			2222	1220
			2222	1221
			2222	1222
			2223	1223
			2223	1224
			2224	1225
			2224	1226
			2225	1227
			2225	1228
			2226	1229
			2226	1230
			2227	1231
			2227	1232
			2228	1233
			2228	1234
			2228	1235
			2229	1236
			2229	1237
			2229	1238
			2230	1238
			2230	1239
			2230	1240
			2231	1241
			2231	1242
			2232	1243
			2232	1244
			2232	1245
			2233	1246
			2233	1247
			2234	1248
			2234	1249
			2235	1250
			2235	1251
			2235	1252
			2236	1253
			2236	1254
			2236	1255
			2237	1255
			2237	1256
			2237	1257
			2238	1258
			2238	1259
			2238	1260
			2239	1260
			2239	1261
			2239	1262
			2239	1263
			2240	1264
			2240	1265
			2241	1266
			2241	1267
			2241	1268
			2242	1269
			2242	1270
			2242	1271
			2243	1272
			2243	1273
			2243	1274
			2244	1275
			2244	1276
			2244	1277
			2245	1278
			2245	1279
			2245	1280
			2246	1281
			2246	1282
			2246	1283
			2247	1284
			2247	1285
			2247	1286
			2248	1287
			2248	1288
			2248	1289
			2248	1290
			2249	1291
			2249	1292
			2249	1293
			2250	1294
			2250	1295
			2250	1296
			2250	1297
			2251	1298
			2251	1299
			2251	1300
			2252	1301
			2252	1302
			2252	1303
			2252	1304
			2253	1305
			2253	1306
			2253	1307
			2253	1308
			2254	1309
			2254	1310
			2254	1311
			2254	1312
			2254	1313
			2255	1314
			2255	1315
			2255	1316
			2255	1317
			2256	1318
			2256	1319
			2256	1320
			2256	1321
			2256	1322
			2257	1323
			2257	1324
			2257	1325
			2257	1326
			2257	1327
			2258	1328
			2258	1329
			2258	1330
			2258	1331
			2258	1332
			2258	1333
			2259	1334
			2259	1335
			2259	1336
			2259	1337
			2259	1338
			2259	1339
			2259	1340
			2260	1341
			2260	1342
			2260	1343
			2260	1344
			2260	1345
			2260	1346
			2260	1347
			2260	1348
			2260	1349
			2260	1350
			2261	1351
			2261	1352
			2261	1353
			2261	1354
			2261	1355
			2261	1356
			2261	1357
			2261	1358
			2261	1359
			2261	1360
			2261	1361
			2261	1362
			2261	1363
			2261	1364
			2261	1365
			2261	1366
			2261	1367
			2261	1368
			2261	1369
			2261	1370
			2261	1371
			2261	1372
			2261	1373
			2261	1374
			2261	1375
			2261	1376
			2261	1377
			2261	1378
			2261	1379
			2261	1380
			2261	1381
			2261	1382
			2261	1383
			2261	1384
			2261	1385
			2261	1386
			2260	1387
			2260	1388
			2260	1389
			2260	1390
			2260	1391
			2260	1392
			2260	1393
			2260	1394
			2259	1395
			2259	1396
			2259	1397
			2259	1398
			2259	1399
			2259	1400
			2258	1401
			2258	1402
			2258	1403
			2258	1404
			2258	1405
			2258	1406
			2257	1407
			2257	1408
			2257	1409
			2256	1410
			2256	1411
			2256	1412
			2256	1413
			2255	1414
			2255	1415
			2255	1416
			2254	1417
			2254	1418
			2254	1419
			2253	1420
			2253	1421
			2253	1422
			2252	1423
			2252	1424
			2252	1425
			2251	1426
			2251	1427
			2251	1428
			2250	1429
			2250	1430
			2249	1431
			2249	1432
			2249	1433
			2248	1434
			2248	1435
			2247	1436
			2247	1437
			2246	1437
			2246	1438
			2245	1439
			2245	1440
			2244	1441
			2244	1442
			2243	1443
			2243	1444
			2242	1445
			2241	1446
			2241	1447
			2240	1448
			2239	1449
			2239	1450
			2238	1451
			2238	1452
			2237	1453
			2236	1454
			2235	1455
			2235	1456
			2234	1457
			2234	1458
			2233	1459
			2233	1460
			2232	1461
			2232	1462
			2231	1463
			2231	1464
			2230	1465
			2230	1466
			2229	1467
			2228	1468
			2228	1469
			2227	1470
			2227	1471
			2226	1472
			2226	1473
			2225	1474
			2225	1475
			2224	1476
			2223	1477
			2223	1478
			2222	1479
			2222	1480
			2221	1481
			2221	1482
			2220	1482
			2220	1483
			2219	1484
			2219	1485
			2218	1486
			2218	1487
			2217	1488
			2216	1489
			2216	1490
			2215	1491
			2214	1492
			2214	1493
			2213	1494
			2212	1495
			2212	1496
			2211	1497
			2211	1498
			2210	1499
			2209	1500
			2209	1501
			2208	1502
			2207	1503
			2206	1504
			2205	1505
			2205	1506
			2204	1507
			2203	1508
			2202	1509
			2202	1510
			2201	1511
			2200	1512
			2199	1513
			2199	1514
			2198	1515
			2197	1516
			2196	1517
			2196	1518
			2195	1519
			2194	1520
			2193	1521
			2193	1522
			2192	1523
			2191	1523
			2190	1524
			2190	1525
			2189	1526
			2188	1527
			2187	1527
			2187	1528
			2186	1529
			2185	1530
			2185	1531
			2184	1531
			2183	1532
			2182	1533
			2181	1534
			2180	1535
			2179	1536
			2178	1537
			2177	1537
			2176	1538
			2175	1539
			2175	1540
			2174	1540
			2173	1541
			2172	1542
			2171	1542
			2170	1543
			2169	1544
			2168	1544
			2167	1545
			2167	1546
			2166	1546
			2165	1547
			2164	1547
			2163	1548
			2162	1548
			2161	1549
			2160	1549
			2159	1550
			2158	1550
			2158	1551
			2157	1551
			2156	1552
			2155	1552
			2154	1552
			2153	1553
			2152	1553
			2151	1554
			2150	1554
			2149	1555
			2148	1555
			2147	1555
			2146	1555
			2145	1556
			2144	1556
			2143	1556
			2142	1556
			2141	1556
			2140	1557
			2139	1557
			2138	1557
			2137	1557
			2136	1557
			2135	1557
			2134	1557
			2133	1557
			2132	1557
			2131	1557
			2130	1557
			2129	1557
			2128	1557
			2127	1557
			2126	1557
			2125	1557
			2124	1557
			2123	1556
			2122	1556
			2121	1556
			2120	1556
			2119	1556
			2118	1555
			2117	1555
			2116	1555
			2115	1555
			2114	1554
			2113	1554
			2112	1554
			2111	1553
			2110	1552
			2109	1552
			2108	1552
			2107	1551
			2106	1550
			2105	1550
			2104	1550
			2103	1549
			2102	1549
			2101	1548
			2100	1547
			2099	1547
			2098	1546
			2097	1545
			2096	1545
			2095	1544
			2094	1543
			2093	1542
			2092	1542
			2091	1541
			2090	1540
			2089	1539
			2088	1538
			2087	1538
			2086	1537
			2085	1536
			2084	1535
			2083	1534
			2082	1533
			2081	1532
			2080	1531
			2079	1530
			2078	1529
			2077	1528
			2076	1527
			2075	1526
			2074	1525
			2073	1524
			2073	1523
			2072	1522
		</Profile>
		<Eye type=matrix rownames=FALSE colnames=FALSE nrow=2068 ncol=2 as.numeric=TRUE >
			1649	1162
			1648	1163
			1647	1164
			1646	1165
			1645	1165
			1644	1166
			1643	1167
			1642	1167
			1641	1168
			1640	1169
			1639	1170
			1638	1171
			1637	1171
			1636	1172
			1635	1173
			1634	1173
			1633	1174
			1632	1175
			1631	1176
			1630	1176
			1629	1177
			1628	1177
			1627	1178
			1626	1179
			1625	1180
			1624	1180
			1623	1181
			1622	1181
			1621	1182
			1620	1183
			1619	1183
			1618	1184
			1617	1184
			1616	1185
			1615	1185
			1614	1186
			1613	1187
			1612	1187
			1611	1188
			1610	1189
			1609	1189
			1608	1190
			1607	1190
			1606	1191
			1605	1191
			1605	1192
			1604	1192
			1603	1192
			1602	1193
			1601	1193
			1601	1194
			1600	1194
			1599	1195
			1598	1195
			1597	1196
			1596	1196
			1595	1197
			1594	1197
			1593	1198
			1592	1198
			1591	1199
			1590	1199
			1589	1200
			1588	1200
			1587	1201
			1586	1201
			1585	1202
			1584	1202
			1583	1203
			1582	1203
			1581	1204
			1580	1204
			1579	1204
			1578	1205
			1577	1205
			1576	1206
			1575	1206
			1574	1207
			1573	1207
			1572	1208
			1571	1208
			1570	1208
			1569	1209
			1568	1209
			1567	1210
			1566	1210
			1565	1210
			1564	1211
			1563	1211
			1562	1211
			1561	1212
			1560	1212
			1559	1213
			1558	1213
			1557	1213
			1557	1214
			1556	1214
			1555	1214
			1554	1214
			1553	1215
			1552	1215
			1551	1215
			1550	1216
			1549	1216
			1548	1216
			1547	1217
			1546	1217
			1545	1218
			1544	1218
			1543	1218
			1542	1218
			1542	1219
			1541	1219
			1540	1219
			1539	1219
			1538	1220
			1537	1220
			1536	1220
			1535	1221
			1534	1221
			1533	1221
			1532	1221
			1531	1222
			1530	1222
			1529	1222
			1528	1223
			1527	1223
			1526	1223
			1525	1223
			1524	1224
			1523	1224
			1522	1224
			1521	1224
			1520	1225
			1519	1225
			1518	1225
			1517	1225
			1516	1226
			1515	1226
			1514	1226
			1513	1226
			1512	1226
			1511	1227
			1510	1227
			1509	1227
			1508	1227
			1507	1227
			1506	1228
			1505	1228
			1504	1228
			1503	1228
			1502	1228
			1501	1229
			1500	1229
			1499	1229
			1498	1229
			1497	1229
			1496	1230
			1495	1230
			1494	1230
			1493	1230
			1492	1230
			1491	1230
			1490	1231
			1489	1231
			1488	1231
			1487	1231
			1486	1231
			1485	1231
			1484	1232
			1483	1232
			1482	1232
			1481	1232
			1480	1232
			1479	1232
			1478	1232
			1477	1232
			1476	1233
			1475	1233
			1474	1233
			1473	1233
			1472	1233
			1471	1233
			1470	1233
			1469	1233
			1468	1233
			1468	1234
			1467	1234
			1466	1234
			1465	1234
			1464	1234
			1463	1234
			1462	1234
			1461	1234
			1460	1234
			1459	1234
			1458	1234
			1457	1234
			1456	1234
			1456	1235
			1455	1235
			1454	1235
			1453	1235
			1452	1235
			1451	1235
			1450	1235
			1449	1235
			1448	1235
			1447	1235
			1446	1235
			1445	1235
			1444	1235
			1443	1235
			1442	1235
			1441	1235
			1440	1235
			1439	1235
			1438	1235
			1437	1235
			1436	1236
			1435	1236
			1434	1236
			1433	1236
			1432	1236
			1431	1236
			1430	1236
			1429	1236
			1428	1236
			1427	1236
			1426	1236
			1425	1236
			1424	1236
			1423	1236
			1422	1236
			1421	1236
			1420	1236
			1419	1236
			1418	1236
			1417	1236
			1416	1236
			1415	1236
			1414	1236
			1413	1236
			1412	1236
			1411	1236
			1410	1236
			1409	1235
			1408	1235
			1407	1235
			1406	1235
			1405	1235
			1404	1235
			1403	1235
			1402	1235
			1401	1235
			1400	1235
			1399	1235
			1398	1235
			1397	1235
			1396	1235
			1395	1235
			1394	1235
			1393	1235
			1392	1235
			1391	1235
			1390	1235
			1389	1235
			1388	1234
			1387	1234
			1386	1234
			1385	1234
			1384	1234
			1383	1234
			1382	1234
			1381	1234
			1380	1234
			1379	1234
			1378	1234
			1377	1234
			1376	1233
			1375	1233
			1374	1233
			1373	1233
			1372	1233
			1371	1233
			1370	1233
			1369	1233
			1368	1233
			1367	1233
			1366	1232
			1365	1232
			1364	1232
			1363	1232
			1362	1232
			1361	1232
			1360	1232
			1359	1232
			1358	1231
			1357	1231
			1356	1231
			1355	1231
			1354	1231
			1353	1231
			1352	1231
			1351	1231
			1350	1230
			1349	1230
			1348	1230
			1347	1230
			1346	1230
			1345	1230
			1344	1230
			1343	1229
			1342	1229
			1341	1229
			1340	1229
			1339	1229
			1338	1229
			1337	1228
			1336	1228
			1335	1228
			1334	1228
			1333	1228
			1332	1228
			1331	1227
			1330	1227
			1329	1227
			1328	1227
			1327	1227
			1326	1226
			1325	1226
			1324	1226
			1323	1226
			1322	1225
			1321	1225
			1320	1225
			1319	1225
			1318	1224
			1317	1224
			1316	1224
			1315	1223
			1314	1223
			1313	1223
			1312	1222
			1311	1222
			1310	1222
			1309	1222
			1308	1221
			1307	1221
			1306	1221
			1305	1220
			1304	1220
			1303	1220
			1302	1219
			1301	1219
			1300	1219
			1299	1218
			1298	1218
			1297	1218
			1296	1217
			1295	1217
			1294	1217
			1293	1216
			1292	1216
			1291	1216
			1290	1215
			1289	1215
			1288	1215
			1287	1214
			1286	1214
			1285	1213
			1284	1213
			1283	1213
			1282	1212
			1281	1212
			1280	1212
			1279	1211
			1278	1211
			1277	1211
			1276	1210
			1275	1209
			1274	1209
			1273	1209
			1272	1208
			1271	1208
			1270	1207
			1269	1207
			1268	1207
			1267	1206
			1266	1206
			1265	1205
			1264	1205
			1263	1205
			1262	1204
			1261	1204
			1260	1203
			1259	1203
			1258	1202
			1257	1202
			1256	1202
			1255	1201
			1254	1201
			1253	1200
			1252	1200
			1252	1199
			1251	1199
			1250	1198
			1249	1198
			1248	1198
			1247	1197
			1246	1197
			1245	1196
			1244	1196
			1243	1195
			1242	1195
			1241	1194
			1240	1193
			1239	1193
			1238	1193
			1237	1192
			1236	1191
			1235	1191
			1234	1190
			1233	1190
			1232	1190
			1232	1189
			1231	1189
			1230	1188
			1229	1188
			1228	1187
			1227	1187
			1226	1186
			1225	1185
			1224	1185
			1223	1184
			1222	1184
			1221	1183
			1220	1182
			1219	1182
			1218	1181
			1217	1181
			1216	1180
			1215	1179
			1214	1179
			1213	1178
			1212	1178
			1211	1177
			1210	1176
			1209	1176
			1208	1175
			1207	1174
			1206	1174
			1205	1173
			1204	1173
			1204	1172
			1203	1171
			1202	1171
			1201	1170
			1200	1170
			1199	1169
			1198	1168
			1197	1168
			1196	1167
			1195	1166
			1194	1165
			1193	1164
			1192	1164
			1191	1163
			1190	1163
			1190	1162
			1189	1162
			1188	1161
			1187	1160
			1186	1160
			1185	1159
			1184	1158
			1183	1157
			1182	1157
			1182	1156
			1181	1156
			1180	1155
			1179	1154
			1178	1153
			1177	1153
			1176	1152
			1175	1151
			1175	1150
			1174	1150
			1173	1149
			1172	1148
			1171	1148
			1170	1147
			1169	1146
			1169	1145
			1168	1145
			1167	1144
			1166	1143
			1165	1143
			1164	1142
			1164	1141
			1163	1140
			1162	1140
			1161	1139
			1160	1138
			1159	1137
			1158	1136
			1157	1135
			1156	1134
			1155	1133
			1154	1132
			1153	1131
			1152	1130
			1151	1129
			1150	1128
			1149	1127
			1148	1126
			1147	1126
			1146	1125
			1145	1124
			1144	1123
			1144	1122
			1143	1121
			1142	1120
			1141	1119
			1140	1118
			1139	1117
			1138	1116
			1137	1115
			1136	1114
			1135	1113
			1134	1112
			1134	1111
			1133	1110
			1132	1109
			1131	1108
			1130	1107
			1129	1106
			1128	1105
			1127	1104
			1126	1103
			1126	1102
			1125	1101
			1124	1100
			1123	1099
			1123	1098
			1122	1097
			1122	1096
			1121	1096
			1120	1095
			1120	1094
			1119	1093
			1118	1092
			1117	1091
			1116	1090
			1116	1089
			1115	1088
			1114	1087
			1114	1086
			1113	1085
			1112	1084
			1112	1083
			1111	1082
			1110	1081
			1109	1080
			1109	1079
			1108	1078
			1107	1077
			1107	1076
			1106	1075
			1105	1075
			1105	1074
			1104	1073
			1103	1072
			1103	1071
			1102	1070
			1101	1069
			1101	1068
			1100	1067
			1099	1066
			1099	1065
			1098	1064
			1098	1063
			1097	1063
			1097	1062
			1097	1061
			1096	1061
			1096	1060
			1095	1059
			1094	1058
			1094	1057
			1093	1056
			1093	1055
			1092	1054
			1091	1053
			1091	1052
			1090	1051
			1090	1050
			1089	1049
			1089	1048
			1088	1047
			1088	1046
			1087	1045
			1086	1044
			1086	1043
			1085	1042
			1085	1041
			1084	1040
			1083	1039
			1083	1038
			1082	1037
			1082	1036
			1081	1035
			1081	1034
			1080	1033
			1080	1032
			1079	1031
			1079	1030
			1078	1029
			1077	1028
			1077	1027
			1076	1026
			1076	1025
			1075	1024
			1075	1023
			1074	1022
			1074	1021
			1073	1020
			1073	1019
			1072	1018
			1072	1017
			1071	1016
			1071	1015
			1071	1014
			1070	1013
			1070	1012
			1069	1011
			1069	1010
			1068	1009
			1068	1008
			1067	1007
			1067	1006
			1067	1005
			1067	1004
			1067	1003
			1067	1002
			1067	1001
			1066	1000
			1066	999
			1066	998
			1066	997
			1066	996
			1066	995
			1066	994
			1066	993
			1066	992
			1066	991
			1066	990
			1066	989
			1066	988
			1065	987
			1065	986
			1065	985
			1065	984
			1065	983
			1065	982
			1065	981
			1065	980
			1065	979
			1065	978
			1065	977
			1065	976
			1065	975
			1065	974
			1065	973
			1065	972
			1065	971
			1065	970
			1064	969
			1064	968
			1064	967
			1064	966
			1064	965
			1064	964
			1064	963
			1064	962
			1064	961
			1064	960
			1064	959
			1064	958
			1064	957
			1064	956
			1064	955
			1064	954
			1064	953
			1064	952
			1064	951
			1064	950
			1064	949
			1064	948
			1064	947
			1064	946
			1064	945
			1064	944
			1064	943
			1064	942
			1064	941
			1064	940
			1064	939
			1064	938
			1064	937
			1064	936
			1064	935
			1064	934
			1064	933
			1064	932
			1064	931
			1064	930
			1064	929
			1064	928
			1064	927
			1064	926
			1064	925
			1064	924
			1064	923
			1064	922
			1064	921
			1064	920
			1064	919
			1064	918
			1064	917
			1064	916
			1064	915
			1064	914
			1064	913
			1064	912
			1064	911
			1064	910
			1064	909
			1064	908
			1064	907
			1064	906
			1064	905
			1064	904
			1064	903
			1064	902
			1064	901
			1064	900
			1064	899
			1064	898
			1064	897
			1065	896
			1065	895
			1065	894
			1065	893
			1065	892
			1065	891
			1065	890
			1065	889
			1065	888
			1065	887
			1065	886
			1065	885
			1065	884
			1065	883
			1065	882
			1066	882
			1066	881
			1066	880
			1066	879
			1066	878
			1066	877
			1066	876
			1066	875
			1066	874
			1066	873
			1066	872
			1066	871
			1067	870
			1067	869
			1067	868
			1067	867
			1067	866
			1067	865
			1067	864
			1067	863
			1067	862
			1067	861
			1068	860
			1068	859
			1068	858
			1068	857
			1068	856
			1068	855
			1068	854
			1069	853
			1069	852
			1069	851
			1069	850
			1069	849
			1069	848
			1069	847
			1069	846
			1070	845
			1070	844
			1070	843
			1070	842
			1070	841
			1070	840
			1070	839
			1071	838
			1071	837
			1071	836
			1071	835
			1071	834
			1071	833
			1072	833
			1072	832
			1072	831
			1072	830
			1072	829
			1072	828
			1073	827
			1073	826
			1073	825
			1073	824
			1073	823
			1073	822
			1074	821
			1074	820
			1074	819
			1074	818
			1075	817
			1075	816
			1075	815
			1075	814
			1075	813
			1076	812
			1076	811
			1076	810
			1076	809
			1076	808
			1077	807
			1077	806
			1077	805
			1077	804
			1078	803
			1078	802
			1078	801
			1078	800
			1079	799
			1079	798
			1079	797
			1079	796
			1080	795
			1080	794
			1080	793
			1080	792
			1081	791
			1081	790
			1081	789
			1082	788
			1082	787
			1082	786
			1082	785
			1083	784
			1083	783
			1083	782
			1084	781
			1084	780
			1084	779
			1084	778
			1085	778
			1085	777
			1085	776
			1085	775
			1086	774
			1086	773
			1086	772
			1087	771
			1087	770
			1087	769
			1088	768
			1088	767
			1088	766
			1089	765
			1089	764
			1089	763
			1090	762
			1090	761
			1091	760
			1091	759
			1091	758
			1092	757
			1092	756
			1092	755
			1093	754
			1093	753
			1094	752
			1094	751
			1094	750
			1095	749
			1095	748
			1095	747
			1096	746
			1096	745
			1097	744
			1097	743
			1098	742
			1098	741
			1098	740
			1099	740
			1099	739
			1099	738
			1100	738
			1100	737
			1100	736
			1101	735
			1101	734
			1102	733
			1102	732
			1103	731
			1103	730
			1104	729
			1104	728
			1104	727
			1105	726
			1105	725
			1106	724
			1106	723
			1107	723
			1107	722
			1108	721
			1108	720
			1109	719
			1109	718
			1109	717
			1110	716
			1110	715
			1111	715
			1111	714
			1112	713
			1112	712
			1113	711
			1113	710
			1114	709
			1115	708
			1115	707
			1116	706
			1116	705
			1117	704
			1118	703
			1118	702
			1119	701
			1119	700
			1120	699
			1121	698
			1121	697
			1122	696
			1123	695
			1123	694
			1124	693
			1125	692
			1125	691
			1126	690
			1126	689
			1127	688
			1128	687
			1128	686
			1129	685
			1130	684
			1130	683
			1131	682
			1132	681
			1132	680
			1133	679
			1134	678
			1134	677
			1135	677
			1136	676
			1137	675
			1137	674
			1138	673
			1139	672
			1139	671
			1140	670
			1141	669
			1142	668
			1142	667
			1143	667
			1144	666
			1145	665
			1145	664
			1146	663
			1147	662
			1147	661
			1148	660
			1149	660
			1150	659
			1151	658
			1151	657
			1152	656
			1153	655
			1154	654
			1155	653
			1156	652
			1157	651
			1158	651
			1159	650
			1160	649
			1161	649
			1162	648
			1162	647
			1163	647
			1164	646
			1165	645
			1166	645
			1167	644
			1167	643
			1168	643
			1169	642
			1170	641
			1171	641
			1172	640
			1173	639
			1174	638
			1175	638
			1176	637
			1177	636
			1178	635
			1179	635
			1180	634
			1181	633
			1182	632
			1183	632
			1184	631
			1185	630
			1186	630
			1187	629
			1188	628
			1189	628
			1190	627
			1191	626
			1192	626
			1193	625
			1194	624
			1195	624
			1196	623
			1197	622
			1198	622
			1199	621
			1200	620
			1201	620
			1202	619
			1203	619
			1204	618
			1205	617
			1206	617
			1207	616
			1208	615
			1209	615
			1210	615
			1210	614
			1211	614
			1212	613
			1213	612
			1214	612
			1215	611
			1216	611
			1217	610
			1218	610
			1218	609
			1219	609
			1220	608
			1221	608
			1222	607
			1223	607
			1224	606
			1225	606
			1226	605
			1227	604
			1228	604
			1229	603
			1230	603
			1231	603
			1231	602
			1232	602
			1233	602
			1233	601
			1234	601
			1235	601
			1235	600
			1236	600
			1237	599
			1238	599
			1239	598
			1240	598
			1241	598
			1241	597
			1242	597
			1243	596
			1244	596
			1245	596
			1245	595
			1246	595
			1247	595
			1248	594
			1249	594
			1250	593
			1251	593
			1252	592
			1253	592
			1254	591
			1255	591
			1256	591
			1257	590
			1258	589
			1259	589
			1260	589
			1261	588
			1262	588
			1263	587
			1264	587
			1265	587
			1266	586
			1267	586
			1268	585
			1269	585
			1270	585
			1271	584
			1272	584
			1273	584
			1274	583
			1275	583
			1276	583
			1277	582
			1278	582
			1279	581
			1280	581
			1281	581
			1282	580
			1283	580
			1284	580
			1285	579
			1286	579
			1287	579
			1288	578
			1289	578
			1290	578
			1291	578
			1291	577
			1292	577
			1293	577
			1294	576
			1295	576
			1296	576
			1297	575
			1298	575
			1299	575
			1300	575
			1301	574
			1302	574
			1303	574
			1304	574
			1305	573
			1306	573
			1307	573
			1308	572
			1309	572
			1310	572
			1311	572
			1312	571
			1313	571
			1314	571
			1315	571
			1316	571
			1317	570
			1318	570
			1319	570
			1320	570
			1321	569
			1322	569
			1323	569
			1324	569
			1325	569
			1326	568
			1327	568
			1328	568
			1329	568
			1330	568
			1331	567
			1332	567
			1333	567
			1334	567
			1335	567
			1336	567
			1337	566
			1338	566
			1339	566
			1340	566
			1341	566
			1342	566
			1343	566
			1344	565
			1345	565
			1346	565
			1347	565
			1348	565
			1349	565
			1350	565
			1351	564
			1352	564
			1353	564
			1354	564
			1355	564
			1356	564
			1357	564
			1358	564
			1359	564
			1360	564
			1361	563
			1362	563
			1363	563
			1364	563
			1365	563
			1366	563
			1367	563
			1368	563
			1369	563
			1370	563
			1371	563
			1372	563
			1373	563
			1374	563
			1375	562
			1376	562
			1377	562
			1378	562
			1379	562
			1380	562
			1381	562
			1382	562
			1383	562
			1384	562
			1385	562
			1386	562
			1387	562
			1388	562
			1389	562
			1390	562
			1391	562
			1392	562
			1393	562
			1394	562
			1395	562
			1396	562
			1397	562
			1398	562
			1399	562
			1400	562
			1401	562
			1402	562
			1403	562
			1404	562
			1405	563
			1406	563
			1407	563
			1408	563
			1409	563
			1410	563
			1411	563
			1412	563
			1413	563
			1414	563
			1415	563
			1416	563
			1417	563
			1418	563
			1419	564
			1420	564
			1421	564
			1422	564
			1423	564
			1424	564
			1425	564
			1426	564
			1427	564
			1428	564
			1429	565
			1430	565
			1431	565
			1432	565
			1433	565
			1434	565
			1435	565
			1436	565
			1437	566
			1438	566
			1439	566
			1440	566
			1441	566
			1442	566
			1443	567
			1444	567
			1445	567
			1446	567
			1447	567
			1448	567
			1449	567
			1450	568
			1451	568
			1452	568
			1453	568
			1454	568
			1455	569
			1456	569
			1457	569
			1458	569
			1459	569
			1460	570
			1461	570
			1462	570
			1463	570
			1464	570
			1465	571
			1466	571
			1467	571
			1468	571
			1469	572
			1470	572
			1471	572
			1472	572
			1473	572
			1473	573
			1474	573
			1475	573
			1476	573
			1477	574
			1478	574
			1479	574
			1480	574
			1481	575
			1482	575
			1483	575
			1484	575
			1485	576
			1486	576
			1487	576
			1488	577
			1489	577
			1490	577
			1491	577
			1492	578
			1493	578
			1494	578
			1495	579
			1496	579
			1497	579
			1498	580
			1499	580
			1500	580
			1501	581
			1502	581
			1503	581
			1504	581
			1505	582
			1506	582
			1507	582
			1508	583
			1509	583
			1510	583
			1511	584
			1512	584
			1513	584
			1514	585
			1515	585
			1516	586
			1517	586
			1518	586
			1519	587
			1520	587
			1521	587
			1522	588
			1523	588
			1524	588
			1525	589
			1526	589
			1527	590
			1528	590
			1529	590
			1529	591
			1530	591
			1531	592
			1532	592
			1533	592
			1534	593
			1535	593
			1536	594
			1537	594
			1538	594
			1539	595
			1540	595
			1541	596
			1542	596
			1543	596
			1544	597
			1545	597
			1546	598
			1547	598
			1548	599
			1549	599
			1550	600
			1551	600
			1552	600
			1553	601
			1554	601
			1555	602
			1556	602
			1557	603
			1558	603
			1559	604
			1560	604
			1561	605
			1562	605
			1563	606
			1564	606
			1565	607
			1566	607
			1567	607
			1568	608
			1569	608
			1570	608
			1570	609
			1571	609
			1572	609
			1573	610
			1574	610
			1575	610
			1576	611
			1577	611
			1578	611
			1578	612
			1579	612
			1580	612
			1581	613
			1582	613
			1583	613
			1584	614
			1585	615
			1586	615
			1587	615
			1588	616
			1589	616
			1590	617
			1591	617
			1592	618
			1593	618
			1594	619
			1595	619
			1596	619
			1597	620
			1598	620
			1599	621
			1600	621
			1601	622
			1602	622
			1603	623
			1604	623
			1605	624
			1606	624
			1607	625
			1608	625
			1609	625
			1610	626
			1611	626
			1612	627
			1613	627
			1614	628
			1615	628
			1616	629
			1617	629
			1618	630
			1619	630
			1620	631
			1621	631
			1622	632
			1623	633
			1624	633
			1625	634
			1626	634
			1627	635
			1628	636
			1629	636
			1630	636
			1631	637
			1632	638
			1633	638
			1634	639
			1635	639
			1636	640
			1637	641
			1638	641
			1639	642
			1640	643
			1641	644
			1642	644
			1643	644
			1643	645
			1644	645
			1645	646
			1646	646
			1647	647
			1648	648
			1649	648
			1650	649
			1651	650
			1652	650
			1653	651
			1654	652
			1655	652
			1656	653
			1656	654
			1657	654
			1658	655
			1659	655
			1660	656
			1661	657
			1662	657
			1663	658
			1663	659
			1664	659
			1665	660
			1666	661
			1667	661
			1668	662
			1669	663
			1670	664
			1671	665
			1672	666
			1673	666
			1674	667
			1675	668
			1676	669
			1677	670
			1678	670
			1679	671
			1680	672
			1681	673
			1682	674
			1683	675
			1684	675
			1685	676
			1686	677
			1687	678
			1688	679
			1689	680
			1689	681
			1690	682
			1691	682
			1692	683
			1693	684
			1694	685
			1695	686
			1696	687
			1697	688
			1698	689
			1698	690
			1699	690
			1700	691
			1701	692
			1702	693
			1703	694
			1704	695
			1704	696
			1705	697
			1706	698
			1707	699
			1708	700
			1709	701
			1709	702
			1710	702
			1711	703
			1712	704
			1713	705
			1713	706
			1714	707
			1715	708
			1716	709
			1717	710
			1717	711
			1718	712
			1719	713
			1720	714
			1720	715
			1721	716
			1722	717
			1723	718
			1723	719
			1724	720
			1725	721
			1726	722
			1726	723
			1727	724
			1728	725
			1728	726
			1729	727
			1730	728
			1730	729
			1731	730
			1732	731
			1732	732
			1733	733
			1733	734
			1734	735
			1735	736
			1735	737
			1736	738
			1737	739
			1737	740
			1738	741
			1738	742
			1739	743
			1739	744
			1740	745
			1740	746
			1741	747
			1742	748
			1743	749
			1743	750
			1743	751
			1744	752
			1744	753
			1745	754
			1746	755
			1746	756
			1747	757
			1747	758
			1748	759
			1748	760
			1749	761
			1749	762
			1750	763
			1750	764
			1751	765
			1751	766
			1751	767
			1752	767
			1752	768
			1752	769
			1753	769
			1753	770
			1753	771
			1754	772
			1754	773
			1755	774
			1755	775
			1756	776
			1756	777
			1756	778
			1757	779
			1757	780
			1758	781
			1758	782
			1758	783
			1759	784
			1759	785
			1760	786
			1760	787
			1760	788
			1761	789
			1761	790
			1762	791
			1762	792
			1762	793
			1762	794
			1763	794
			1763	795
			1763	796
			1764	797
			1764	798
			1764	799
			1765	800
			1765	801
			1765	802
			1766	803
			1766	804
			1766	805
			1767	806
			1767	807
			1767	808
			1768	809
			1768	810
			1768	811
			1769	812
			1769	813
			1769	814
			1769	815
			1770	816
			1770	817
			1770	818
			1771	819
			1771	820
			1771	821
			1771	822
			1772	823
			1772	824
			1772	825
			1772	826
			1772	827
			1773	828
			1773	829
			1773	830
			1773	831
			1774	831
			1774	832
			1774	833
			1774	834
			1774	835
			1775	836
			1775	837
			1775	838
			1775	839
			1775	840
			1776	841
			1776	842
			1776	843
			1776	844
			1776	845
			1777	846
			1777	847
			1777	848
			1777	849
			1777	850
			1778	851
			1778	852
			1778	853
			1778	854
			1778	855
			1779	856
			1779	857
			1779	858
			1779	859
			1779	860
			1779	861
			1779	862
			1780	863
			1780	864
			1780	865
			1780	866
			1780	867
			1780	868
			1781	869
			1781	870
			1781	871
			1781	872
			1781	873
			1781	874
			1781	875
			1781	876
			1781	877
			1782	878
			1782	879
			1782	880
			1782	881
			1782	882
			1782	883
			1782	884
			1782	885
			1782	886
			1782	887
			1783	888
			1783	889
			1783	890
			1783	891
			1783	892
			1783	893
			1783	894
			1783	895
			1783	896
			1783	897
			1783	898
			1783	899
			1783	900
			1783	901
			1783	902
			1783	903
			1783	904
			1783	905
			1783	906
			1782	907
			1782	908
			1782	909
			1782	910
			1782	911
			1782	912
			1782	913
			1782	914
			1782	915
			1782	916
			1782	917
			1782	918
			1782	919
			1782	920
			1782	921
			1781	922
			1781	923
			1781	924
			1781	925
			1781	926
			1781	927
			1781	928
			1781	929
			1781	930
			1781	931
			1781	932
			1780	933
			1780	934
			1780	935
			1780	936
			1780	937
			1780	938
			1780	939
			1780	940
			1779	941
			1779	942
			1779	943
			1779	944
			1779	945
			1779	946
			1779	947
			1778	948
			1778	949
			1778	950
			1778	951
			1778	952
			1778	953
			1778	954
			1777	955
			1777	956
			1777	957
			1777	958
			1777	959
			1776	960
			1776	961
			1776	962
			1776	963
			1776	964
			1776	965
			1775	966
			1775	967
			1775	968
			1775	969
			1775	970
			1774	971
			1774	972
			1774	973
			1774	974
			1774	975
			1773	976
			1773	977
			1773	978
			1773	979
			1772	980
			1772	981
			1772	982
			1772	983
			1771	984
			1771	985
			1771	986
			1771	987
			1770	988
			1770	989
			1770	990
			1770	991
			1769	992
			1769	993
			1769	994
			1768	995
			1768	996
			1768	997
			1768	998
			1767	998
			1767	999
			1767	1000
			1767	1001
			1766	1002
			1766	1003
			1766	1004
			1765	1005
			1765	1006
			1765	1007
			1765	1008
			1764	1009
			1764	1010
			1763	1011
			1763	1012
			1763	1013
			1762	1014
			1762	1015
			1762	1016
			1761	1017
			1761	1018
			1761	1019
			1760	1019
			1760	1020
			1760	1021
			1760	1022
			1759	1023
			1759	1024
			1758	1025
			1758	1026
			1758	1027
			1757	1028
			1757	1029
			1756	1030
			1756	1031
			1755	1032
			1755	1033
			1755	1034
			1754	1035
			1754	1036
			1753	1037
			1753	1038
			1752	1039
			1752	1040
			1751	1041
			1751	1042
			1751	1043
			1750	1044
			1750	1045
			1749	1046
			1749	1047
			1748	1048
			1747	1049
			1747	1050
			1746	1051
			1746	1052
			1746	1053
			1745	1053
			1745	1054
			1745	1055
			1744	1055
			1744	1056
			1744	1057
			1743	1057
			1743	1058
			1742	1059
			1742	1060
			1741	1061
			1741	1062
			1740	1063
			1740	1064
			1739	1065
			1739	1066
			1738	1067
			1737	1068
			1737	1069
			1736	1069
			1736	1070
			1735	1071
			1735	1072
			1734	1073
			1734	1074
			1733	1075
			1733	1076
			1732	1076
			1732	1077
			1731	1078
			1730	1079
			1730	1080
			1729	1081
			1729	1082
			1728	1082
			1728	1083
			1727	1084
			1726	1085
			1726	1086
			1725	1087
			1725	1088
			1724	1088
			1723	1089
			1723	1090
			1722	1091
			1722	1092
			1721	1093
			1720	1093
			1720	1094
			1719	1095
			1719	1096
			1718	1097
			1717	1097
			1717	1098
			1716	1099
			1715	1100
			1715	1101
			1714	1102
			1713	1102
			1713	1103
			1712	1104
			1711	1105
			1711	1106
			1710	1106
			1710	1107
			1709	1108
			1708	1109
			1707	1110
			1706	1111
			1705	1112
			1704	1113
			1704	1114
			1703	1115
			1702	1116
			1701	1117
			1700	1118
			1699	1119
			1698	1119
			1698	1120
			1697	1121
			1696	1122
			1695	1123
			1694	1124
			1693	1125
			1692	1126
			1691	1127
			1691	1128
			1690	1128
			1689	1129
			1688	1130
			1687	1131
			1686	1132
			1685	1133
			1684	1134
			1683	1134
			1682	1135
			1681	1136
			1680	1137
			1680	1138
			1679	1139
			1678	1140
			1677	1140
			1676	1141
			1675	1142
			1674	1143
			1673	1144
			1672	1145
			1671	1145
			1670	1146
			1669	1147
			1668	1148
			1667	1149
			1666	1149
			1665	1150
			1664	1151
			1663	1152
			1662	1153
			1661	1153
			1660	1154
			1659	1155
			1658	1156
			1657	1157
			1656	1157
			1655	1158
			1654	1158
			1654	1159
			1653	1159
			1652	1160
			1651	1161
			1650	1161
			1649	1162
		</Eye>
	</curves.pixel>
	<ruler.points type=matrix rownames=TRUE colnames=FALSE nrow=2 ncol=2 as.numeric=TRUE >
		Ruler point 1	2	1894
		Ruler point 2	104	1894
	</ruler.points>
</shapes>

