<shapes type=list>
	<scaling.units type=vector names=FALSE length=1 as.numeric=FALSE >um</scaling.units>
	<scaling type=logical names=FALSE length=1 as.numeric=FALSE >NA</scaling>
	<landmarks.pixel type=matrix rownames=TRUE colnames=FALSE nrow=11 ncol=2 as.numeric=TRUE >
		LM1Forehead	1740	303
		LM2UJFront	2204	1461
		LM3UJBack	1623	1549
		LM4LacOrb	1636	1071
		LM5QJoint	1584	1657
		LM6IOPL	1560	1762
		LM7IOPSOP	445	1766
		LM8A2A1	843	1231
		LM9A1A3	751	831
		LM10TopMuscR	619	643
		LM11TopMuscL	161	522
	</landmarks.pixel>
	<curves.control type=list>
		<Profile type=matrix rownames=FALSE colnames=FALSE nrow=7 ncol=2 as.numeric=TRUE >
			1740	303
			2000	459
			2252	784
			2556	1240
			2395	1400
			2265	1573
			2204	1461
		</Profile>
		<Eye type=matrix rownames=FALSE colnames=FALSE nrow=13 ncol=2 as.numeric=TRUE >
			1636	1071
			1415	1188
			1185	1118
			963	1014
			911	771
			929	494
			1080	381
			1345	221
			1614	377
			1809	533
			1818	806
			1749	967
			1636	1071
		</Eye>
	</curves.control>
	<curves.pixel type=list>
		<Profile type=matrix rownames=FALSE colnames=FALSE nrow=1454 ncol=2 as.numeric=TRUE >
			1740	303
			1741	304
			1742	304
			1743	305
			1744	305
			1745	306
			1746	306
			1747	307
			1748	308
			1749	308
			1750	309
			1751	310
			1752	310
			1753	311
			1754	311
			1754	312
			1755	312
			1756	312
			1756	313
			1757	313
			1758	314
			1759	315
			1760	315
			1761	316
			1762	317
			1763	317
			1764	318
			1765	319
			1766	319
			1767	320
			1768	320
			1769	321
			1770	322
			1771	322
			1772	323
			1773	324
			1774	324
			1775	325
			1776	326
			1777	326
			1778	327
			1779	327
			1780	328
			1781	329
			1782	329
			1783	330
			1784	331
			1785	331
			1786	332
			1787	333
			1788	333
			1789	334
			1790	335
			1791	335
			1792	336
			1793	337
			1794	337
			1795	338
			1796	339
			1797	339
			1798	340
			1799	341
			1800	341
			1801	342
			1802	343
			1803	343
			1804	344
			1805	345
			1806	345
			1807	346
			1808	347
			1809	347
			1810	348
			1811	349
			1812	349
			1813	350
			1814	351
			1815	351
			1816	352
			1817	353
			1818	353
			1819	354
			1820	355
			1821	356
			1822	356
			1823	357
			1824	358
			1825	358
			1825	359
			1826	360
			1827	360
			1828	361
			1829	362
			1830	363
			1831	363
			1832	364
			1833	365
			1834	365
			1835	366
			1836	367
			1837	368
			1838	368
			1839	369
			1840	370
			1841	370
			1842	371
			1843	372
			1844	373
			1845	373
			1846	374
			1847	375
			1848	375
			1849	376
			1850	377
			1851	378
			1852	378
			1853	379
			1854	380
			1855	381
			1856	381
			1857	382
			1858	383
			1859	384
			1860	384
			1861	385
			1862	386
			1863	386
			1864	387
			1865	388
			1866	389
			1867	389
			1868	390
			1869	391
			1870	392
			1871	393
			1872	393
			1873	394
			1874	395
			1875	396
			1876	396
			1877	397
			1878	398
			1879	399
			1880	399
			1881	400
			1882	401
			1883	402
			1884	403
			1885	404
			1886	404
			1887	405
			1888	406
			1889	407
			1890	408
			1891	408
			1892	409
			1893	410
			1894	411
			1895	412
			1896	413
			1897	413
			1898	414
			1899	415
			1900	416
			1901	417
			1902	418
			1903	418
			1904	419
			1905	420
			1906	420
			1906	421
			1907	421
			1908	422
			1909	423
			1910	424
			1911	425
			1912	426
			1913	426
			1914	427
			1915	428
			1916	429
			1917	430
			1918	430
			1919	431
			1920	432
			1921	433
			1922	434
			1923	435
			1924	436
			1925	436
			1926	437
			1927	438
			1928	439
			1929	440
			1930	440
			1931	441
			1931	442
			1932	442
			1933	443
			1934	444
			1935	445
			1936	446
			1937	446
			1938	447
			1939	448
			1940	449
			1941	449
			1941	450
			1942	451
			1943	452
			1944	453
			1945	453
			1946	454
			1947	455
			1948	456
			1949	457
			1950	457
			1951	458
			1951	459
			1952	460
			1953	461
			1954	461
			1955	462
			1956	463
			1957	464
			1958	465
			1959	465
			1960	466
			1961	467
			1961	468
			1962	469
			1963	469
			1964	470
			1965	471
			1966	472
			1967	473
			1968	473
			1969	474
			1970	475
			1970	476
			1971	477
			1972	478
			1973	478
			1974	479
			1975	480
			1976	481
			1977	482
			1978	482
			1979	483
			1980	484
			1980	485
			1981	486
			1982	487
			1983	487
			1984	488
			1985	489
			1986	490
			1987	491
			1988	492
			1989	492
			1990	493
			1990	494
			1991	495
			1992	496
			1993	497
			1994	498
			1995	498
			1996	499
			1997	500
			1998	501
			1999	502
			1999	503
			2000	503
			2001	504
			2002	505
			2003	506
			2004	507
			2005	508
			2006	509
			2007	509
			2008	510
			2009	511
			2009	512
			2010	513
			2011	514
			2012	515
			2013	516
			2014	516
			2015	517
			2016	518
			2017	519
			2018	520
			2018	521
			2019	522
			2020	523
			2021	523
			2022	524
			2023	525
			2024	526
			2025	527
			2026	528
			2027	529
			2027	530
			2028	530
			2029	531
			2030	532
			2031	533
			2032	534
			2033	535
			2034	536
			2035	537
			2036	538
			2037	538
			2037	539
			2038	540
			2039	541
			2040	542
			2041	543
			2042	544
			2043	545
			2044	546
			2045	547
			2046	547
			2046	548
			2047	549
			2048	550
			2049	551
			2050	552
			2051	553
			2052	554
			2053	555
			2054	556
			2055	557
			2056	558
			2057	559
			2058	560
			2059	561
			2060	562
			2061	563
			2062	564
			2063	565
			2064	566
			2064	567
			2065	567
			2066	568
			2067	569
			2068	570
			2068	571
			2069	572
			2070	572
			2071	573
			2071	574
			2072	575
			2073	576
			2074	576
			2075	577
			2075	578
			2076	579
			2077	580
			2078	580
			2078	581
			2079	582
			2080	583
			2081	584
			2082	585
			2083	586
			2084	587
			2085	588
			2086	589
			2087	590
			2088	591
			2089	592
			2090	593
			2091	594
			2092	595
			2092	596
			2093	597
			2094	598
			2095	599
			2096	600
			2097	601
			2098	602
			2099	603
			2100	604
			2101	605
			2102	606
			2103	607
			2104	608
			2105	609
			2106	610
			2106	611
			2107	612
			2108	613
			2109	614
			2110	615
			2111	616
			2112	617
			2113	618
			2114	619
			2115	620
			2116	621
			2117	622
			2118	623
			2119	624
			2120	625
			2120	626
			2121	627
			2122	628
			2122	629
			2123	629
			2124	630
			2124	631
			2125	631
			2125	632
			2126	632
			2126	633
			2127	634
			2128	634
			2128	635
			2129	636
			2130	637
			2131	638
			2132	639
			2133	640
			2133	641
			2134	642
			2135	642
			2135	643
			2136	644
			2137	645
			2138	646
			2139	647
			2140	648
			2140	649
			2141	650
			2142	651
			2143	652
			2144	652
			2144	653
			2145	654
			2146	655
			2147	656
			2148	657
			2148	658
			2149	659
			2150	660
			2151	661
			2152	662
			2152	663
			2153	664
			2154	664
			2155	665
			2156	666
			2156	667
			2157	668
			2158	669
			2159	670
			2160	671
			2161	672
			2161	673
			2162	674
			2163	675
			2164	676
			2165	677
			2166	678
			2167	679
			2167	680
			2168	680
			2168	681
			2169	682
			2170	682
			2170	683
			2171	684
			2171	685
			2172	685
			2172	686
			2173	687
			2174	687
			2174	688
			2175	689
			2176	690
			2177	691
			2178	692
			2178	693
			2179	694
			2180	695
			2181	695
			2181	696
			2182	697
			2183	698
			2183	699
			2184	700
			2185	700
			2185	701
			2186	702
			2187	703
			2187	704
			2188	705
			2189	705
			2190	706
			2190	707
			2191	708
			2192	709
			2192	710
			2193	710
			2194	711
			2194	712
			2195	713
			2196	714
			2196	715
			2197	715
			2198	716
			2199	717
			2199	718
			2200	719
			2201	720
			2202	721
			2203	722
			2204	723
			2205	724
			2205	725
			2206	726
			2207	727
			2208	728
			2209	729
			2209	730
			2210	731
			2211	732
			2212	733
			2212	734
			2213	734
			2213	735
			2214	736
			2215	737
			2216	738
			2217	739
			2218	740
			2218	741
			2219	742
			2219	743
			2220	743
			2221	744
			2221	745
			2222	746
			2223	747
			2224	748
			2224	749
			2225	750
			2226	751
			2227	752
			2227	753
			2228	753
			2229	754
			2229	755
			2230	756
			2231	757
			2232	758
			2232	759
			2233	760
			2234	761
			2234	762
			2235	762
			2236	763
			2237	764
			2237	765
			2238	766
			2239	767
			2239	768
			2240	769
			2241	770
			2242	771
			2242	772
			2243	772
			2244	773
			2244	774
			2245	775
			2246	776
			2247	777
			2247	778
			2248	779
			2249	780
			2249	781
			2250	782
			2251	783
			2252	783
			2252	784
			2253	785
			2253	786
			2254	786
			2254	787
			2255	788
			2255	789
			2256	789
			2256	790
			2257	791
			2257	792
			2258	793
			2259	794
			2259	795
			2260	796
			2261	797
			2261	798
			2262	799
			2262	800
			2263	801
			2264	801
			2264	802
			2265	803
			2265	804
			2266	805
			2267	806
			2267	807
			2268	808
			2268	809
			2269	810
			2270	811
			2270	812
			2271	812
			2271	813
			2272	814
			2272	815
			2273	816
			2274	817
			2274	818
			2275	819
			2275	820
			2276	821
			2277	822
			2278	823
			2278	824
			2279	825
			2279	826
			2280	826
			2280	827
			2281	828
			2281	829
			2282	830
			2283	831
			2283	832
			2284	833
			2285	834
			2285	835
			2286	836
			2286	837
			2287	838
			2288	839
			2288	840
			2289	841
			2289	842
			2290	843
			2291	844
			2291	845
			2292	846
			2293	847
			2294	848
			2294	849
			2295	850
			2295	851
			2295	852
			2296	852
			2296	853
			2297	854
			2297	855
			2298	856
			2299	857
			2300	858
			2300	859
			2301	860
			2301	861
			2302	862
			2302	863
			2303	864
			2304	865
			2304	866
			2305	867
			2306	868
			2306	869
			2307	870
			2307	871
			2308	872
			2309	873
			2309	874
			2310	875
			2310	876
			2311	877
			2312	878
			2312	879
			2313	880
			2313	881
			2314	882
			2315	883
			2315	884
			2316	885
			2316	886
			2317	887
			2317	888
			2318	889
			2319	890
			2319	891
			2320	892
			2320	893
			2321	893
			2321	894
			2322	895
			2322	896
			2323	897
			2324	898
			2324	899
			2325	900
			2325	901
			2326	902
			2326	903
			2327	904
			2327	905
			2328	906
			2329	907
			2329	908
			2330	909
			2330	910
			2331	911
			2332	912
			2332	913
			2333	914
			2333	915
			2334	916
			2335	917
			2335	918
			2335	919
			2336	920
			2337	921
			2337	922
			2338	923
			2338	924
			2339	925
			2339	926
			2340	927
			2341	928
			2341	929
			2342	930
			2342	931
			2343	932
			2343	933
			2344	934
			2344	935
			2345	936
			2345	937
			2346	938
			2346	939
			2347	939
			2347	940
			2348	941
			2348	942
			2349	943
			2349	944
			2350	945
			2350	946
			2351	947
			2351	948
			2352	949
			2352	950
			2353	951
			2354	952
			2354	953
			2355	954
			2355	955
			2356	956
			2356	957
			2357	958
			2357	959
			2358	960
			2358	961
			2359	962
			2360	963
			2360	964
			2360	965
			2361	966
			2362	967
			2362	968
			2363	969
			2363	970
			2364	971
			2364	972
			2365	973
			2365	974
			2366	975
			2366	976
			2367	977
			2367	978
			2368	979
			2368	980
			2368	981
			2369	981
			2369	982
			2370	983
			2370	984
			2371	985
			2371	986
			2372	987
			2372	988
			2373	989
			2373	990
			2374	991
			2374	992
			2375	993
			2375	994
			2375	995
			2376	996
			2376	997
			2377	997
			2377	998
			2378	999
			2378	1000
			2379	1001
			2379	1002
			2380	1003
			2380	1004
			2380	1005
			2381	1006
			2381	1007
			2382	1008
			2382	1009
			2383	1009
			2383	1010
			2384	1011
			2384	1012
			2384	1013
			2385	1014
			2385	1015
			2386	1016
			2386	1017
			2387	1018
			2387	1019
			2387	1020
			2388	1020
			2388	1021
			2389	1022
			2389	1023
			2389	1024
			2390	1025
			2390	1026
			2391	1027
			2391	1028
			2391	1029
			2392	1029
			2392	1030
			2393	1031
			2393	1032
			2393	1033
			2394	1034
			2394	1035
			2395	1036
			2395	1037
			2395	1038
			2396	1038
			2396	1039
			2397	1040
			2397	1041
			2397	1042
			2398	1043
			2398	1044
			2399	1045
			2399	1046
			2400	1047
			2400	1048
			2401	1049
			2401	1050
			2401	1051
			2402	1052
			2402	1053
			2403	1054
			2403	1055
			2403	1056
			2404	1057
			2404	1058
			2405	1059
			2405	1060
			2405	1061
			2406	1062
			2406	1063
			2407	1064
			2407	1065
			2408	1066
			2408	1067
			2408	1068
			2409	1069
			2409	1070
			2409	1071
			2410	1072
			2410	1073
			2411	1074
			2411	1075
			2411	1076
			2412	1077
			2412	1078
			2412	1079
			2413	1080
			2413	1081
			2414	1082
			2414	1083
			2415	1084
			2415	1085
			2415	1086
			2416	1087
			2416	1088
			2416	1089
			2417	1090
			2417	1091
			2417	1092
			2418	1093
			2418	1094
			2419	1095
			2419	1096
			2419	1097
			2420	1098
			2420	1099
			2420	1100
			2420	1101
			2421	1101
			2421	1102
			2421	1103
			2422	1104
			2422	1105
			2422	1106
			2423	1107
			2423	1108
			2423	1109
			2424	1110
			2424	1111
			2424	1112
			2425	1112
			2425	1113
			2425	1114
			2425	1115
			2426	1116
			2426	1117
			2426	1118
			2427	1119
			2427	1120
			2427	1121
			2428	1122
			2428	1123
			2428	1124
			2429	1125
			2429	1126
			2429	1127
			2430	1128
			2430	1129
			2430	1130
			2430	1131
			2431	1131
			2431	1132
			2431	1133
			2431	1134
			2432	1135
			2432	1136
			2432	1137
			2432	1138
			2433	1139
			2433	1140
			2433	1141
			2433	1142
			2434	1142
			2434	1143
			2434	1144
			2434	1145
			2435	1146
			2435	1147
			2435	1148
			2435	1149
			2436	1150
			2436	1151
			2436	1152
			2437	1153
			2437	1154
			2437	1155
			2437	1156
			2438	1157
			2438	1158
			2438	1159
			2438	1160
			2438	1161
			2439	1161
			2439	1162
			2439	1163
			2439	1164
			2440	1165
			2440	1166
			2440	1167
			2440	1168
			2440	1169
			2441	1170
			2441	1171
			2441	1172
			2441	1173
			2441	1174
			2442	1174
			2442	1175
			2442	1176
			2442	1177
			2442	1178
			2443	1179
			2443	1180
			2443	1181
			2443	1182
			2443	1183
			2444	1184
			2444	1185
			2444	1186
			2444	1187
			2444	1188
			2445	1189
			2445	1190
			2445	1191
			2445	1192
			2445	1193
			2445	1194
			2446	1195
			2446	1196
			2446	1197
			2446	1198
			2446	1199
			2446	1200
			2447	1201
			2447	1202
			2447	1203
			2447	1204
			2447	1205
			2447	1206
			2447	1207
			2448	1208
			2448	1209
			2448	1210
			2448	1211
			2448	1212
			2448	1213
			2448	1214
			2448	1215
			2449	1216
			2449	1217
			2449	1218
			2449	1219
			2449	1220
			2449	1221
			2449	1222
			2449	1223
			2449	1224
			2449	1225
			2450	1226
			2450	1227
			2450	1228
			2450	1229
			2450	1230
			2450	1231
			2450	1232
			2450	1233
			2450	1234
			2450	1235
			2450	1236
			2450	1237
			2450	1238
			2450	1239
			2450	1240
			2450	1241
			2451	1242
			2451	1243
			2451	1244
			2451	1245
			2451	1246
			2451	1247
			2451	1248
			2451	1249
			2451	1250
			2451	1251
			2451	1252
			2451	1253
			2451	1254
			2451	1255
			2451	1256
			2451	1257
			2451	1258
			2451	1259
			2451	1260
			2451	1261
			2451	1262
			2451	1263
			2451	1264
			2451	1265
			2450	1266
			2450	1267
			2450	1268
			2450	1269
			2450	1270
			2450	1271
			2450	1272
			2450	1273
			2450	1274
			2450	1275
			2450	1276
			2450	1277
			2450	1278
			2450	1279
			2450	1280
			2449	1280
			2449	1281
			2449	1282
			2449	1283
			2449	1284
			2449	1285
			2449	1286
			2449	1287
			2449	1288
			2448	1289
			2448	1290
			2448	1291
			2448	1292
			2448	1293
			2448	1294
			2448	1295
			2447	1296
			2447	1297
			2447	1298
			2447	1299
			2447	1300
			2447	1301
			2446	1302
			2446	1303
			2446	1304
			2446	1305
			2446	1306
			2445	1307
			2445	1308
			2445	1309
			2445	1310
			2444	1311
			2444	1312
			2444	1313
			2444	1314
			2443	1315
			2443	1316
			2443	1317
			2443	1318
			2442	1319
			2442	1320
			2442	1321
			2441	1322
			2441	1323
			2441	1324
			2441	1325
			2440	1325
			2440	1326
			2440	1327
			2440	1328
			2439	1329
			2439	1330
			2439	1331
			2438	1332
			2438	1333
			2437	1334
			2437	1335
			2437	1336
			2436	1337
			2436	1338
			2435	1339
			2435	1340
			2435	1341
			2434	1342
			2434	1343
			2433	1344
			2433	1345
			2432	1346
			2432	1347
			2432	1348
			2431	1349
			2431	1350
			2430	1350
			2430	1351
			2430	1352
			2429	1353
			2429	1354
			2428	1355
			2427	1356
			2427	1357
			2426	1358
			2426	1359
			2425	1360
			2425	1361
			2424	1362
			2424	1363
			2423	1364
			2423	1365
			2422	1366
			2421	1367
			2421	1368
			2420	1369
			2420	1370
			2419	1371
			2418	1372
			2418	1373
			2417	1374
			2416	1374
			2416	1375
			2415	1376
			2415	1377
			2414	1378
			2413	1379
			2413	1380
			2412	1381
			2411	1382
			2410	1383
			2409	1384
			2408	1385
			2407	1386
			2407	1387
			2406	1388
			2405	1389
			2404	1390
			2403	1391
			2402	1392
			2402	1393
			2401	1394
			2400	1395
			2399	1396
			2398	1397
			2397	1398
			2396	1399
			2395	1400
			2394	1401
			2394	1402
			2393	1403
			2392	1404
			2391	1405
			2390	1406
			2389	1407
			2389	1408
			2388	1409
			2388	1410
			2387	1410
			2387	1411
			2386	1412
			2385	1413
			2384	1414
			2383	1415
			2382	1416
			2382	1417
			2381	1418
			2381	1419
			2380	1419
			2379	1420
			2379	1421
			2378	1421
			2378	1422
			2377	1423
			2376	1424
			2375	1425
			2375	1426
			2374	1427
			2373	1427
			2373	1428
			2372	1429
			2371	1430
			2371	1431
			2370	1431
			2369	1432
			2369	1433
			2368	1434
			2367	1435
			2366	1436
			2365	1437
			2364	1438
			2364	1439
			2363	1440
			2362	1441
			2361	1441
			2360	1442
			2360	1443
			2359	1444
			2358	1445
			2357	1446
			2357	1447
			2356	1447
			2355	1448
			2354	1449
			2353	1450
			2353	1451
			2352	1452
			2351	1452
			2350	1453
			2350	1454
			2349	1455
			2348	1455
			2347	1456
			2347	1457
			2346	1458
			2345	1459
			2344	1459
			2344	1460
			2343	1461
			2342	1461
			2341	1462
			2341	1463
			2340	1464
			2339	1464
			2338	1465
			2338	1466
			2337	1466
			2336	1467
			2335	1468
			2334	1469
			2333	1470
			2332	1471
			2331	1471
			2330	1472
			2330	1473
			2329	1474
			2328	1474
			2327	1475
			2326	1476
			2325	1477
			2324	1477
			2323	1478
			2323	1479
			2322	1479
			2321	1480
			2320	1481
			2319	1481
			2318	1482
			2318	1483
			2317	1483
			2316	1484
			2315	1484
			2314	1485
			2313	1486
			2312	1487
			2311	1487
			2310	1488
			2309	1489
			2308	1489
			2307	1490
			2306	1491
			2305	1491
			2304	1492
			2303	1492
			2302	1493
			2301	1493
			2300	1494
			2299	1494
			2298	1495
			2297	1495
			2296	1496
			2295	1496
			2294	1497
			2293	1497
			2293	1498
			2292	1498
			2291	1499
			2290	1499
			2289	1499
			2288	1500
			2287	1500
			2286	1500
			2285	1501
			2284	1501
			2283	1501
			2282	1502
			2281	1502
			2280	1503
			2279	1503
			2278	1503
			2277	1503
			2276	1503
			2275	1504
			2274	1504
			2273	1504
			2272	1504
			2271	1504
			2270	1505
			2269	1505
			2268	1505
			2267	1505
			2266	1505
			2265	1505
			2264	1505
			2263	1505
			2262	1505
			2261	1505
			2260	1505
			2259	1505
			2258	1505
			2257	1505
			2256	1505
			2255	1504
			2254	1504
			2253	1504
			2252	1504
			2251	1504
			2250	1503
			2249	1503
			2248	1503
			2247	1503
			2246	1502
			2245	1502
			2244	1502
			2243	1501
			2242	1501
			2241	1500
			2240	1500
			2239	1499
			2238	1499
			2238	1498
			2237	1498
			2236	1497
			2235	1497
			2234	1496
			2233	1496
			2232	1495
			2231	1494
			2230	1494
			2230	1493
			2229	1492
			2228	1492
			2227	1491
			2226	1490
			2225	1490
			2224	1489
			2224	1488
			2223	1487
			2222	1486
			2221	1485
			2220	1485
			2220	1484
			2219	1483
			2218	1482
			2217	1481
			2216	1480
			2216	1479
			2215	1478
			2214	1477
			2213	1476
			2212	1475
			2212	1474
			2211	1473
			2211	1472
			2210	1472
			2210	1471
			2209	1470
			2209	1469
			2208	1468
			2207	1467
			2207	1466
			2206	1465
			2206	1464
			2205	1463
			2205	1462
			2204	1461
		</Profile>
		<Eye type=matrix rownames=FALSE colnames=FALSE nrow=2561 ncol=2 as.numeric=TRUE >
			1636	1071
			1635	1072
			1634	1072
			1633	1073
			1632	1073
			1631	1074
			1630	1074
			1629	1075
			1628	1075
			1627	1076
			1626	1076
			1625	1077
			1624	1077
			1623	1078
			1622	1078
			1621	1078
			1621	1079
			1620	1079
			1619	1080
			1618	1080
			1617	1081
			1616	1081
			1615	1082
			1614	1082
			1613	1083
			1612	1083
			1611	1084
			1610	1084
			1609	1085
			1608	1085
			1607	1086
			1606	1086
			1605	1086
			1604	1087
			1603	1087
			1602	1088
			1601	1088
			1600	1089
			1599	1089
			1598	1090
			1597	1090
			1596	1090
			1595	1091
			1594	1091
			1593	1092
			1592	1092
			1591	1093
			1590	1093
			1589	1094
			1588	1094
			1587	1095
			1586	1095
			1585	1095
			1585	1096
			1584	1096
			1583	1096
			1582	1097
			1581	1097
			1580	1098
			1579	1098
			1578	1098
			1577	1099
			1576	1099
			1575	1100
			1574	1100
			1573	1101
			1572	1101
			1571	1101
			1570	1102
			1569	1102
			1568	1103
			1567	1103
			1566	1103
			1565	1104
			1564	1104
			1563	1105
			1562	1105
			1561	1105
			1560	1106
			1559	1106
			1558	1107
			1557	1107
			1556	1107
			1555	1108
			1554	1108
			1553	1108
			1552	1109
			1551	1109
			1550	1109
			1549	1110
			1548	1110
			1547	1110
			1546	1111
			1545	1111
			1544	1112
			1543	1112
			1542	1112
			1541	1112
			1540	1113
			1539	1113
			1538	1114
			1537	1114
			1536	1114
			1535	1115
			1534	1115
			1533	1115
			1532	1115
			1532	1116
			1531	1116
			1530	1116
			1529	1116
			1528	1117
			1527	1117
			1526	1118
			1525	1118
			1524	1118
			1523	1118
			1522	1119
			1521	1119
			1520	1119
			1519	1120
			1518	1120
			1517	1120
			1516	1120
			1516	1121
			1515	1121
			1514	1121
			1513	1121
			1512	1122
			1511	1122
			1510	1122
			1509	1123
			1508	1123
			1507	1123
			1506	1123
			1506	1124
			1505	1124
			1504	1124
			1503	1124
			1502	1125
			1501	1125
			1500	1125
			1499	1125
			1498	1126
			1497	1126
			1496	1126
			1495	1126
			1494	1127
			1493	1127
			1492	1127
			1491	1127
			1490	1128
			1489	1128
			1488	1128
			1487	1128
			1486	1129
			1485	1129
			1484	1129
			1483	1129
			1482	1130
			1481	1130
			1480	1130
			1479	1130
			1478	1130
			1477	1131
			1476	1131
			1475	1131
			1474	1131
			1473	1132
			1472	1132
			1471	1132
			1470	1132
			1469	1132
			1468	1133
			1467	1133
			1466	1133
			1465	1133
			1464	1134
			1463	1134
			1462	1134
			1461	1134
			1460	1134
			1459	1134
			1458	1135
			1457	1135
			1456	1135
			1455	1135
			1454	1135
			1453	1136
			1452	1136
			1451	1136
			1450	1136
			1449	1136
			1448	1136
			1447	1137
			1446	1137
			1445	1137
			1444	1137
			1443	1137
			1442	1137
			1441	1138
			1440	1138
			1439	1138
			1438	1138
			1437	1138
			1436	1138
			1435	1138
			1434	1139
			1433	1139
			1432	1139
			1431	1139
			1430	1139
			1429	1139
			1428	1139
			1427	1140
			1426	1140
			1425	1140
			1424	1140
			1423	1140
			1422	1140
			1421	1140
			1420	1140
			1419	1141
			1418	1141
			1417	1141
			1416	1141
			1415	1141
			1414	1141
			1413	1141
			1412	1141
			1411	1141
			1410	1142
			1409	1142
			1408	1142
			1407	1142
			1406	1142
			1405	1142
			1404	1142
			1403	1142
			1402	1142
			1401	1142
			1400	1142
			1399	1142
			1399	1143
			1398	1143
			1397	1143
			1396	1143
			1395	1143
			1394	1143
			1393	1143
			1392	1143
			1391	1143
			1390	1143
			1389	1143
			1388	1143
			1387	1143
			1386	1143
			1385	1143
			1384	1143
			1384	1144
			1383	1144
			1382	1144
			1381	1144
			1380	1144
			1379	1144
			1378	1144
			1377	1144
			1376	1144
			1375	1144
			1374	1144
			1373	1144
			1372	1144
			1371	1144
			1370	1144
			1369	1144
			1368	1144
			1367	1144
			1366	1144
			1365	1144
			1364	1144
			1363	1144
			1362	1144
			1361	1144
			1360	1144
			1359	1144
			1358	1144
			1357	1144
			1356	1144
			1355	1144
			1354	1144
			1353	1144
			1352	1144
			1351	1144
			1350	1144
			1349	1144
			1348	1144
			1347	1144
			1346	1144
			1345	1144
			1344	1144
			1343	1144
			1342	1144
			1341	1144
			1340	1144
			1339	1144
			1338	1144
			1337	1144
			1336	1144
			1335	1144
			1334	1144
			1333	1144
			1332	1144
			1331	1144
			1330	1144
			1329	1144
			1328	1143
			1327	1143
			1326	1143
			1325	1143
			1324	1143
			1323	1143
			1322	1143
			1321	1143
			1320	1143
			1319	1143
			1318	1143
			1317	1143
			1316	1143
			1315	1143
			1314	1143
			1313	1143
			1312	1142
			1311	1142
			1310	1142
			1309	1142
			1308	1142
			1307	1142
			1306	1142
			1305	1142
			1304	1142
			1303	1142
			1302	1142
			1301	1141
			1300	1141
			1299	1141
			1298	1141
			1297	1141
			1296	1141
			1295	1141
			1294	1141
			1293	1141
			1292	1140
			1291	1140
			1290	1140
			1289	1140
			1288	1140
			1287	1140
			1286	1140
			1285	1140
			1284	1140
			1283	1139
			1282	1139
			1281	1139
			1280	1139
			1279	1139
			1278	1139
			1277	1139
			1276	1138
			1275	1138
			1274	1138
			1273	1138
			1272	1138
			1271	1138
			1270	1138
			1269	1137
			1268	1137
			1267	1137
			1266	1137
			1265	1137
			1264	1137
			1263	1136
			1262	1136
			1261	1136
			1260	1136
			1259	1136
			1258	1136
			1257	1135
			1256	1135
			1255	1135
			1254	1135
			1253	1135
			1252	1134
			1251	1134
			1250	1134
			1249	1134
			1248	1134
			1247	1134
			1246	1133
			1245	1133
			1244	1133
			1243	1133
			1242	1133
			1241	1132
			1240	1132
			1239	1132
			1238	1132
			1237	1131
			1236	1131
			1235	1131
			1234	1131
			1233	1131
			1232	1130
			1231	1130
			1230	1130
			1229	1130
			1228	1130
			1227	1129
			1226	1129
			1225	1129
			1224	1129
			1223	1128
			1222	1128
			1221	1128
			1220	1128
			1219	1127
			1218	1127
			1217	1127
			1216	1127
			1215	1126
			1214	1126
			1213	1126
			1212	1126
			1211	1125
			1210	1125
			1209	1125
			1208	1125
			1207	1124
			1206	1124
			1205	1124
			1204	1124
			1203	1123
			1202	1123
			1201	1123
			1200	1122
			1199	1122
			1198	1122
			1197	1122
			1196	1121
			1195	1121
			1194	1121
			1193	1120
			1192	1120
			1191	1120
			1190	1120
			1189	1119
			1188	1119
			1187	1119
			1186	1118
			1185	1118
			1184	1118
			1183	1117
			1182	1117
			1181	1116
			1180	1116
			1179	1115
			1178	1115
			1177	1114
			1176	1114
			1175	1113
			1174	1113
			1173	1112
			1172	1112
			1172	1111
			1171	1111
			1170	1111
			1170	1110
			1169	1110
			1168	1110
			1167	1109
			1166	1109
			1165	1108
			1164	1108
			1163	1107
			1162	1107
			1162	1106
			1161	1106
			1160	1106
			1159	1105
			1158	1105
			1158	1104
			1157	1104
			1156	1103
			1155	1103
			1154	1103
			1154	1102
			1153	1102
			1152	1101
			1151	1101
			1150	1100
			1149	1100
			1148	1099
			1147	1098
			1146	1098
			1145	1097
			1144	1097
			1143	1096
			1142	1096
			1141	1095
			1140	1094
			1139	1094
			1138	1093
			1137	1093
			1136	1092
			1135	1091
			1134	1091
			1133	1090
			1132	1090
			1131	1089
			1130	1088
			1129	1088
			1128	1087
			1127	1087
			1126	1086
			1125	1086
			1124	1085
			1123	1084
			1122	1083
			1121	1083
			1120	1082
			1119	1082
			1119	1081
			1118	1081
			1117	1080
			1116	1080
			1115	1079
			1114	1078
			1113	1078
			1112	1077
			1111	1077
			1111	1076
			1110	1076
			1109	1075
			1108	1075
			1108	1074
			1107	1074
			1106	1073
			1105	1072
			1104	1071
			1103	1071
			1102	1070
			1101	1069
			1100	1069
			1099	1068
			1098	1068
			1097	1067
			1097	1066
			1096	1066
			1095	1065
			1094	1064
			1093	1064
			1092	1063
			1091	1062
			1090	1062
			1089	1061
			1089	1060
			1088	1060
			1087	1059
			1086	1058
			1085	1058
			1084	1057
			1083	1056
			1082	1056
			1082	1055
			1081	1054
			1080	1054
			1079	1053
			1078	1052
			1077	1051
			1076	1051
			1076	1050
			1075	1049
			1074	1049
			1073	1048
			1072	1047
			1071	1047
			1070	1046
			1070	1045
			1069	1045
			1068	1044
			1067	1043
			1066	1042
			1065	1042
			1065	1041
			1064	1040
			1063	1040
			1062	1039
			1061	1038
			1061	1037
			1060	1037
			1059	1036
			1058	1035
			1057	1034
			1056	1034
			1056	1033
			1055	1032
			1054	1032
			1053	1031
			1052	1030
			1052	1029
			1051	1029
			1050	1028
			1049	1027
			1049	1026
			1048	1026
			1047	1025
			1046	1024
			1045	1023
			1044	1022
			1043	1021
			1042	1020
			1041	1019
			1040	1018
			1039	1017
			1038	1016
			1037	1015
			1036	1014
			1035	1013
			1034	1012
			1033	1011
			1032	1010
			1031	1009
			1030	1008
			1029	1007
			1029	1006
			1028	1006
			1027	1005
			1026	1004
			1026	1003
			1025	1002
			1024	1001
			1023	1001
			1023	1000
			1022	999
			1021	998
			1020	997
			1020	996
			1019	996
			1018	995
			1018	994
			1017	993
			1016	992
			1015	991
			1015	990
			1014	990
			1013	989
			1013	988
			1012	987
			1011	986
			1010	985
			1010	984
			1009	984
			1008	983
			1008	982
			1007	981
			1006	980
			1006	979
			1005	978
			1004	978
			1003	977
			1003	976
			1002	975
			1001	974
			1001	973
			1000	972
			999	971
			999	970
			998	970
			997	969
			997	968
			996	967
			995	966
			995	965
			994	964
			993	963
			993	962
			992	961
			991	961
			991	960
			990	959
			990	958
			989	957
			988	956
			988	955
			987	954
			986	953
			986	952
			985	951
			985	950
			984	949
			983	949
			983	948
			982	947
			981	946
			981	945
			980	944
			980	943
			979	942
			978	941
			978	940
			977	939
			977	938
			976	937
			975	936
			975	935
			974	934
			974	933
			973	932
			973	931
			972	930
			971	929
			970	928
			970	927
			969	926
			969	925
			968	924
			967	923
			967	922
			966	921
			966	920
			965	919
			965	918
			965	917
			964	917
			964	916
			963	915
			963	914
			962	913
			962	912
			961	911
			960	910
			960	909
			959	908
			959	907
			958	906
			958	905
			957	904
			957	903
			956	902
			956	901
			955	900
			955	899
			954	898
			954	897
			953	896
			953	895
			953	894
			952	893
			952	892
			951	891
			950	890
			950	889
			950	888
			949	888
			949	887
			949	886
			948	886
			948	885
			948	884
			947	883
			947	882
			946	881
			946	880
			946	879
			945	878
			945	877
			944	877
			944	876
			944	875
			943	874
			943	873
			943	872
			942	872
			942	871
			942	870
			941	869
			941	868
			940	867
			940	866
			939	865
			939	864
			939	863
			938	862
			938	861
			937	860
			937	859
			937	858
			936	857
			936	856
			935	855
			935	854
			935	853
			934	852
			934	851
			934	850
			933	849
			933	848
			933	847
			932	846
			932	845
			932	844
			931	843
			931	842
			931	841
			930	840
			930	839
			930	838
			929	838
			929	837
			929	836
			928	835
			928	834
			928	833
			927	832
			927	831
			927	830
			927	829
			926	829
			926	828
			926	827
			925	826
			925	825
			925	824
			925	823
			924	822
			924	821
			924	820
			923	819
			923	818
			923	817
			922	816
			922	815
			922	814
			922	813
			921	812
			921	811
			921	810
			920	809
			920	808
			920	807
			919	806
			919	805
			919	804
			919	803
			918	802
			918	801
			918	800
			918	799
			917	798
			917	797
			917	796
			917	795
			916	794
			916	793
			916	792
			916	791
			915	790
			915	789
			915	788
			915	787
			914	786
			914	785
			914	784
			914	783
			913	782
			913	781
			913	780
			913	779
			913	778
			912	777
			912	776
			912	775
			912	774
			911	773
			911	772
			911	771
			911	770
			911	769
			911	768
			911	767
			911	766
			911	765
			911	764
			912	764
			912	763
			912	762
			912	761
			912	760
			912	759
			912	758
			912	757
			912	756
			912	755
			912	754
			912	753
			912	752
			913	751
			913	750
			913	749
			913	748
			913	747
			913	746
			913	745
			913	744
			913	743
			913	742
			913	741
			913	740
			914	739
			914	738
			914	737
			914	736
			914	735
			914	734
			914	733
			914	732
			914	731
			914	730
			915	730
			915	729
			915	728
			915	727
			915	726
			915	725
			915	724
			915	723
			915	722
			915	721
			916	720
			916	719
			916	718
			916	717
			916	716
			916	715
			916	714
			916	713
			917	712
			917	711
			917	710
			917	709
			917	708
			917	707
			917	706
			917	705
			918	704
			918	703
			918	702
			918	701
			918	700
			918	699
			918	698
			919	697
			919	696
			919	695
			919	694
			919	693
			919	692
			919	691
			920	690
			920	689
			920	688
			920	687
			920	686
			920	685
			921	684
			921	683
			921	682
			921	681
			921	680
			921	679
			922	678
			922	677
			922	676
			922	675
			922	674
			922	673
			923	672
			923	671
			923	670
			923	669
			923	668
			923	667
			924	666
			924	665
			924	664
			924	663
			924	662
			925	661
			925	660
			925	659
			925	658
			925	657
			926	656
			926	655
			926	654
			926	653
			926	652
			927	651
			927	650
			927	649
			927	648
			927	647
			928	646
			928	645
			928	644
			928	643
			928	642
			929	641
			929	640
			929	639
			929	638
			930	637
			930	636
			930	635
			930	634
			931	633
			931	632
			931	631
			931	630
			931	629
			932	628
			932	627
			932	626
			932	625
			933	624
			933	623
			933	622
			933	621
			934	620
			934	619
			934	618
			934	617
			935	616
			935	615
			935	614
			936	613
			936	612
			936	611
			936	610
			937	609
			937	608
			937	607
			937	606
			938	605
			938	604
			938	603
			939	602
			939	601
			939	600
			939	599
			940	598
			940	597
			940	596
			940	595
			941	594
			941	593
			941	592
			942	591
			942	590
			942	589
			943	588
			943	587
			943	586
			944	585
			944	584
			944	583
			945	582
			945	581
			945	580
			946	579
			946	578
			946	577
			947	576
			947	575
			947	574
			948	573
			948	572
			948	571
			949	570
			949	569
			949	568
			950	567
			950	566
			950	565
			951	564
			951	563
			952	562
			952	561
			952	560
			953	559
			953	558
			953	557
			954	556
			954	555
			955	554
			955	553
			955	552
			956	551
			956	550
			956	549
			957	548
			957	547
			957	546
			958	545
			959	544
			959	543
			959	542
			960	541
			960	540
			961	539
			961	538
			961	537
			962	536
			962	535
			963	534
			963	533
			964	532
			964	531
			964	530
			965	529
			965	528
			966	527
			966	526
			967	525
			967	524
			968	523
			968	522
			969	521
			969	520
			970	519
			970	518
			970	517
			971	516
			972	515
			972	514
			972	513
			973	512
			973	511
			974	510
			974	509
			975	508
			976	507
			976	506
			977	505
			977	504
			978	503
			978	502
			979	501
			979	500
			980	499
			980	498
			981	497
			981	496
			982	495
			982	494
			983	493
			983	492
			984	491
			984	490
			985	490
			986	489
			986	488
			987	487
			987	486
			988	485
			988	484
			989	483
			989	482
			990	481
			991	480
			992	479
			992	478
			993	477
			993	476
			994	475
			994	474
			995	473
			996	472
			997	471
			997	470
			998	469
			998	468
			999	467
			1000	466
			1000	465
			1001	464
			1001	463
			1002	463
			1003	462
			1003	461
			1004	460
			1004	459
			1005	458
			1006	457
			1006	456
			1007	456
			1008	455
			1008	454
			1009	453
			1009	452
			1010	451
			1011	451
			1011	450
			1012	449
			1013	448
			1013	447
			1014	446
			1015	445
			1016	444
			1017	443
			1017	442
			1018	441
			1019	440
			1020	439
			1021	438
			1021	437
			1022	436
			1023	435
			1024	434
			1025	433
			1025	432
			1026	431
			1027	430
			1028	429
			1029	429
			1029	428
			1030	427
			1031	426
			1032	425
			1033	424
			1034	423
			1034	422
			1035	421
			1036	420
			1037	419
			1038	419
			1039	418
			1039	417
			1040	416
			1041	415
			1042	414
			1043	413
			1044	412
			1045	411
			1046	411
			1046	410
			1047	409
			1048	408
			1049	407
			1050	406
			1051	406
			1052	405
			1053	404
			1053	403
			1054	402
			1055	401
			1056	401
			1057	400
			1058	399
			1059	398
			1060	397
			1061	397
			1062	396
			1063	395
			1064	394
			1064	393
			1065	393
			1066	392
			1067	391
			1068	390
			1069	389
			1070	389
			1071	388
			1072	387
			1073	386
			1074	386
			1075	385
			1076	384
			1077	383
			1078	383
			1079	382
			1080	381
			1081	380
			1082	380
			1083	379
			1084	378
			1085	378
			1086	377
			1087	377
			1088	376
			1089	375
			1090	375
			1091	374
			1092	374
			1093	373
			1094	373
			1095	372
			1096	372
			1097	371
			1098	371
			1098	370
			1099	370
			1100	369
			1101	369
			1102	368
			1103	368
			1104	367
			1105	367
			1106	366
			1107	366
			1107	365
			1108	365
			1109	364
			1110	364
			1111	363
			1112	363
			1113	362
			1114	362
			1115	361
			1116	361
			1117	360
			1118	359
			1119	359
			1120	359
			1120	358
			1121	358
			1122	358
			1122	357
			1123	357
			1124	357
			1125	356
			1126	356
			1127	355
			1128	355
			1129	354
			1130	354
			1130	353
			1131	353
			1132	353
			1133	352
			1134	352
			1135	351
			1136	351
			1137	350
			1138	350
			1139	349
			1140	349
			1141	349
			1142	348
			1143	347
			1144	347
			1145	347
			1145	346
			1146	346
			1147	346
			1147	345
			1148	345
			1149	345
			1150	344
			1151	344
			1152	343
			1153	343
			1154	343
			1155	342
			1156	342
			1157	341
			1158	341
			1159	340
			1160	340
			1161	340
			1162	339
			1163	339
			1164	338
			1165	338
			1166	338
			1167	337
			1168	337
			1169	336
			1170	336
			1171	336
			1171	335
			1172	335
			1173	334
			1174	334
			1175	334
			1176	333
			1177	333
			1178	333
			1179	332
			1180	332
			1181	332
			1182	331
			1183	331
			1184	330
			1185	330
			1186	330
			1187	329
			1188	329
			1189	329
			1190	328
			1191	328
			1192	328
			1193	327
			1194	327
			1195	326
			1196	326
			1197	326
			1198	326
			1198	325
			1199	325
			1200	325
			1201	324
			1202	324
			1203	324
			1204	324
			1205	323
			1206	323
			1207	322
			1208	322
			1209	322
			1210	322
			1211	321
			1212	321
			1213	321
			1214	320
			1215	320
			1216	320
			1217	319
			1218	319
			1219	319
			1220	319
			1221	318
			1222	318
			1223	318
			1224	317
			1225	317
			1226	317
			1227	317
			1228	316
			1229	316
			1230	316
			1231	316
			1232	315
			1233	315
			1234	315
			1235	314
			1236	314
			1237	314
			1238	314
			1239	313
			1240	313
			1241	313
			1242	313
			1243	313
			1244	312
			1245	312
			1246	312
			1247	312
			1248	311
			1249	311
			1250	311
			1251	311
			1252	311
			1253	310
			1254	310
			1255	310
			1256	310
			1257	309
			1258	309
			1259	309
			1260	309
			1261	309
			1262	308
			1263	308
			1264	308
			1265	308
			1266	308
			1267	308
			1268	307
			1269	307
			1270	307
			1271	307
			1272	307
			1273	306
			1274	306
			1275	306
			1276	306
			1277	306
			1278	306
			1279	305
			1280	305
			1281	305
			1282	305
			1283	305
			1284	305
			1285	305
			1286	304
			1287	304
			1288	304
			1289	304
			1290	304
			1291	304
			1292	304
			1293	304
			1294	303
			1295	303
			1296	303
			1297	303
			1298	303
			1299	303
			1300	303
			1301	303
			1302	302
			1303	302
			1304	302
			1305	302
			1306	302
			1307	302
			1308	302
			1309	302
			1310	302
			1311	302
			1312	302
			1313	301
			1314	301
			1315	301
			1316	301
			1317	301
			1318	301
			1319	301
			1320	301
			1321	301
			1322	301
			1323	301
			1324	301
			1325	301
			1326	301
			1327	301
			1328	301
			1329	300
			1330	300
			1331	300
			1332	300
			1333	300
			1334	300
			1335	300
			1336	300
			1337	300
			1338	300
			1339	300
			1340	300
			1341	300
			1342	300
			1343	300
			1344	300
			1345	300
			1346	300
			1347	300
			1348	300
			1349	300
			1350	300
			1351	300
			1352	300
			1353	300
			1354	300
			1355	300
			1356	300
			1357	300
			1358	300
			1359	300
			1360	300
			1361	300
			1362	300
			1363	300
			1364	300
			1365	300
			1366	300
			1367	300
			1368	300
			1369	300
			1370	300
			1371	300
			1372	301
			1373	301
			1374	301
			1375	301
			1376	301
			1377	301
			1378	301
			1379	301
			1380	301
			1381	301
			1382	301
			1383	301
			1384	301
			1385	301
			1386	301
			1387	302
			1388	302
			1389	302
			1390	302
			1391	302
			1392	302
			1393	302
			1394	302
			1395	302
			1396	302
			1397	302
			1398	303
			1399	303
			1400	303
			1401	303
			1402	303
			1403	303
			1404	303
			1405	303
			1406	303
			1407	304
			1408	304
			1409	304
			1410	304
			1411	304
			1412	304
			1413	304
			1414	305
			1415	305
			1416	305
			1417	305
			1418	305
			1419	305
			1420	305
			1421	306
			1422	306
			1423	306
			1424	306
			1425	306
			1426	306
			1427	307
			1428	307
			1429	307
			1430	307
			1431	307
			1432	307
			1433	308
			1434	308
			1435	308
			1436	308
			1437	308
			1438	309
			1439	309
			1440	309
			1441	309
			1442	309
			1443	310
			1444	310
			1445	310
			1446	310
			1447	310
			1448	311
			1449	311
			1450	311
			1451	311
			1452	312
			1453	312
			1454	312
			1455	312
			1456	312
			1457	313
			1458	313
			1459	313
			1460	313
			1461	314
			1462	314
			1463	314
			1464	314
			1465	315
			1466	315
			1467	315
			1468	315
			1469	316
			1470	316
			1471	316
			1472	317
			1473	317
			1474	317
			1475	317
			1476	318
			1477	318
			1478	318
			1479	318
			1480	319
			1481	319
			1482	319
			1483	320
			1484	320
			1485	320
			1486	320
			1487	321
			1488	321
			1489	321
			1490	322
			1491	322
			1492	322
			1493	323
			1494	323
			1495	323
			1496	324
			1497	324
			1498	324
			1499	325
			1500	325
			1501	325
			1502	326
			1503	326
			1504	326
			1505	327
			1506	327
			1507	327
			1508	328
			1509	328
			1510	328
			1511	329
			1512	329
			1513	329
			1514	330
			1515	330
			1516	331
			1517	331
			1518	331
			1519	332
			1520	332
			1521	332
			1522	333
			1523	333
			1524	334
			1525	334
			1526	334
			1527	335
			1528	335
			1529	335
			1530	336
			1531	336
			1532	337
			1533	337
			1534	337
			1535	338
			1536	338
			1537	339
			1538	339
			1539	340
			1540	340
			1541	340
			1542	341
			1543	341
			1544	342
			1545	342
			1546	343
			1547	343
			1548	343
			1549	344
			1550	344
			1551	345
			1552	345
			1553	346
			1554	346
			1555	347
			1556	347
			1557	347
			1558	348
			1559	348
			1560	349
			1561	349
			1562	350
			1563	350
			1564	351
			1565	351
			1566	352
			1567	352
			1568	353
			1569	353
			1570	354
			1571	354
			1572	355
			1573	355
			1574	356
			1575	356
			1576	357
			1577	357
			1578	358
			1579	358
			1580	359
			1581	359
			1582	360
			1583	360
			1584	361
			1585	361
			1586	362
			1587	362
			1588	363
			1589	363
			1590	364
			1591	364
			1592	365
			1593	365
			1594	366
			1595	366
			1596	367
			1597	367
			1598	368
			1599	369
			1600	369
			1601	370
			1602	370
			1603	371
			1604	371
			1605	372
			1606	372
			1607	373
			1608	374
			1609	374
			1610	375
			1611	375
			1612	376
			1613	377
			1614	377
			1615	378
			1616	378
			1616	379
			1617	379
			1618	380
			1618	381
			1619	381
			1620	382
			1621	382
			1621	383
			1622	384
			1623	384
			1623	385
			1624	385
			1625	386
			1626	387
			1627	388
			1628	389
			1629	390
			1630	390
			1631	391
			1632	392
			1633	393
			1634	394
			1635	395
			1636	396
			1637	397
			1638	397
			1639	398
			1640	399
			1641	400
			1642	401
			1643	402
			1644	403
			1645	404
			1646	405
			1647	405
			1648	406
			1649	407
			1650	408
			1651	409
			1652	410
			1653	411
			1654	412
			1655	413
			1656	414
			1656	415
			1657	415
			1658	416
			1659	417
			1660	418
			1661	419
			1662	420
			1663	421
			1664	422
			1665	423
			1666	424
			1667	425
			1667	426
			1668	427
			1669	427
			1670	428
			1671	429
			1672	430
			1673	431
			1674	432
			1675	433
			1675	434
			1676	435
			1677	436
			1678	437
			1679	438
			1680	439
			1681	440
			1682	441
			1682	442
			1683	443
			1684	444
			1685	445
			1686	446
			1687	446
			1688	447
			1688	448
			1689	449
			1690	450
			1691	451
			1692	452
			1693	453
			1693	454
			1694	455
			1695	456
			1696	457
			1697	458
			1697	459
			1698	460
			1699	461
			1700	462
			1701	463
			1701	464
			1702	465
			1703	466
			1704	467
			1705	468
			1705	469
			1706	470
			1707	471
			1708	472
			1708	473
			1709	474
			1710	475
			1711	476
			1711	477
			1712	478
			1713	479
			1714	480
			1715	481
			1715	482
			1715	483
			1716	483
			1716	484
			1717	485
			1718	486
			1719	487
			1719	488
			1720	489
			1720	490
			1721	491
			1722	492
			1723	493
			1723	494
			1724	495
			1724	496
			1725	497
			1726	498
			1727	499
			1728	500
			1728	501
			1729	502
			1729	503
			1730	504
			1731	505
			1731	506
			1732	507
			1732	508
			1733	508
			1733	509
			1734	510
			1734	511
			1735	512
			1736	513
			1736	514
			1737	515
			1738	516
			1738	517
			1739	518
			1739	519
			1740	520
			1741	521
			1741	522
			1742	523
			1742	524
			1743	525
			1743	526
			1744	527
			1745	528
			1745	529
			1746	530
			1746	531
			1747	532
			1747	533
			1748	534
			1748	535
			1749	536
			1750	537
			1750	538
			1751	539
			1751	540
			1752	541
			1752	542
			1753	543
			1753	544
			1754	545
			1754	546
			1755	547
			1755	548
			1756	549
			1756	550
			1757	551
			1757	552
			1758	553
			1758	554
			1759	555
			1760	556
			1760	557
			1761	558
			1761	559
			1762	560
			1762	561
			1762	562
			1763	563
			1763	564
			1764	565
			1764	566
			1765	567
			1765	568
			1766	569
			1766	570
			1767	571
			1767	572
			1768	573
			1768	574
			1768	575
			1769	576
			1769	577
			1770	578
			1770	579
			1770	580
			1771	581
			1771	582
			1772	583
			1772	584
			1773	585
			1773	586
			1774	587
			1774	588
			1774	589
			1775	590
			1775	591
			1776	592
			1776	593
			1776	594
			1777	594
			1777	595
			1777	596
			1777	597
			1778	598
			1778	599
			1779	600
			1779	601
			1779	602
			1780	603
			1780	604
			1781	605
			1781	606
			1781	607
			1782	608
			1782	609
			1782	610
			1783	611
			1783	612
			1783	613
			1784	614
			1784	615
			1784	616
			1785	617
			1785	618
			1785	619
			1786	620
			1786	621
			1787	622
			1787	623
			1787	624
			1787	625
			1788	626
			1788	627
			1788	628
			1789	629
			1789	630
			1789	631
			1790	632
			1790	633
			1790	634
			1791	635
			1791	636
			1791	637
			1792	638
			1792	639
			1792	640
			1793	641
			1793	642
			1793	643
			1793	644
			1794	645
			1794	646
			1794	647
			1795	648
			1795	649
			1795	650
			1795	651
			1796	652
			1796	653
			1796	654
			1797	655
			1797	656
			1797	657
			1797	658
			1798	659
			1798	660
			1798	661
			1798	662
			1799	663
			1799	664
			1799	665
			1799	666
			1800	667
			1800	668
			1800	669
			1800	670
			1801	671
			1801	672
			1801	673
			1801	674
			1801	675
			1802	676
			1802	677
			1802	678
			1802	679
			1803	680
			1803	681
			1803	682
			1803	683
			1803	684
			1804	685
			1804	686
			1804	687
			1804	688
			1804	689
			1805	689
			1805	690
			1805	691
			1805	692
			1805	693
			1806	694
			1806	695
			1806	696
			1806	697
			1806	698
			1806	699
			1807	700
			1807	701
			1807	702
			1807	703
			1807	704
			1808	705
			1808	706
			1808	707
			1808	708
			1808	709
			1808	710
			1809	711
			1809	712
			1809	713
			1809	714
			1809	715
			1809	716
			1810	717
			1810	718
			1810	719
			1810	720
			1810	721
			1810	722
			1811	723
			1811	724
			1811	725
			1811	726
			1811	727
			1811	728
			1812	729
			1812	730
			1812	731
			1812	732
			1812	733
			1812	734
			1812	735
			1812	736
			1813	737
			1813	738
			1813	739
			1813	740
			1813	741
			1813	742
			1813	743
			1813	744
			1813	745
			1814	745
			1814	746
			1814	747
			1814	748
			1814	749
			1814	750
			1814	751
			1814	752
			1814	753
			1814	754
			1815	754
			1815	755
			1815	756
			1815	757
			1815	758
			1815	759
			1815	760
			1815	761
			1815	762
			1815	763
			1815	764
			1816	765
			1816	766
			1816	767
			1816	768
			1816	769
			1816	770
			1816	771
			1816	772
			1816	773
			1816	774
			1816	775
			1816	776
			1817	777
			1817	778
			1817	779
			1817	780
			1817	781
			1817	782
			1817	783
			1817	784
			1817	785
			1817	786
			1817	787
			1817	788
			1817	789
			1817	790
			1817	791
			1817	792
			1817	793
			1817	794
			1818	795
			1818	796
			1818	797
			1818	798
			1818	799
			1818	800
			1818	801
			1818	802
			1818	803
			1818	804
			1818	805
			1818	806
			1818	807
			1817	808
			1817	809
			1816	810
			1816	811
			1816	812
			1815	813
			1815	814
			1814	815
			1814	816
			1813	817
			1813	818
			1812	819
			1812	820
			1812	821
			1811	822
			1811	823
			1810	824
			1810	825
			1809	826
			1809	827
			1808	827
			1808	828
			1808	829
			1807	830
			1807	831
			1806	832
			1806	833
			1805	834
			1805	835
			1804	836
			1804	837
			1804	838
			1803	839
			1803	840
			1802	841
			1802	842
			1801	843
			1801	844
			1800	845
			1800	846
			1799	847
			1799	848
			1798	849
			1798	850
			1798	851
			1797	852
			1796	853
			1796	854
			1795	855
			1795	856
			1794	857
			1794	858
			1794	859
			1793	859
			1793	860
			1792	861
			1792	862
			1791	863
			1791	864
			1790	865
			1790	866
			1789	867
			1789	868
			1788	869
			1788	870
			1787	871
			1787	872
			1786	873
			1786	874
			1785	875
			1785	876
			1784	877
			1784	878
			1783	879
			1783	880
			1782	881
			1781	882
			1781	883
			1780	884
			1780	885
			1779	886
			1779	887
			1778	888
			1777	889
			1777	890
			1776	891
			1776	892
			1775	893
			1775	894
			1774	895
			1773	896
			1773	897
			1772	898
			1772	899
			1771	900
			1771	901
			1770	902
			1770	903
			1769	904
			1769	905
			1768	906
			1767	906
			1767	907
			1766	908
			1766	909
			1765	910
			1765	911
			1764	912
			1763	913
			1763	914
			1762	915
			1762	916
			1761	917
			1761	918
			1760	919
			1760	920
			1759	921
			1758	921
			1758	922
			1757	923
			1757	924
			1756	925
			1755	926
			1755	927
			1754	928
			1754	929
			1753	930
			1753	931
			1752	932
			1751	933
			1750	934
			1750	935
			1749	936
			1749	937
			1748	937
			1748	938
			1747	939
			1747	940
			1746	941
			1745	942
			1745	943
			1744	944
			1743	945
			1742	946
			1742	947
			1741	948
			1741	949
			1740	950
			1739	951
			1739	952
			1738	953
			1737	953
			1737	954
			1736	955
			1736	956
			1735	957
			1734	958
			1734	959
			1733	960
			1732	961
			1732	962
			1731	963
			1730	963
			1730	964
			1729	965
			1729	966
			1728	967
			1727	968
			1727	969
			1726	970
			1725	971
			1725	972
			1724	972
			1723	973
			1723	974
			1722	975
			1721	976
			1721	977
			1720	978
			1719	979
			1718	980
			1717	981
			1717	982
			1716	983
			1715	984
			1715	985
			1714	985
			1714	986
			1713	987
			1712	988
			1711	989
			1710	990
			1710	991
			1709	992
			1709	993
			1708	993
			1707	994
			1707	995
			1706	996
			1705	997
			1704	998
			1703	999
			1703	1000
			1702	1001
			1701	1002
			1700	1003
			1700	1004
			1699	1005
			1698	1005
			1698	1006
			1697	1007
			1696	1008
			1695	1009
			1695	1010
			1694	1011
			1693	1011
			1692	1012
			1692	1013
			1691	1014
			1690	1015
			1690	1016
			1689	1017
			1688	1017
			1687	1018
			1687	1019
			1686	1020
			1685	1021
			1684	1022
			1683	1023
			1682	1024
			1681	1025
			1680	1026
			1679	1027
			1678	1028
			1678	1029
			1677	1030
			1676	1031
			1675	1032
			1674	1033
			1673	1034
			1672	1035
			1671	1036
			1670	1037
			1669	1038
			1668	1039
			1668	1040
			1667	1041
			1666	1042
			1665	1043
			1664	1044
			1663	1045
			1662	1046
			1661	1047
			1660	1048
			1659	1049
			1658	1050
			1657	1050
			1656	1051
			1655	1052
			1654	1053
			1654	1054
			1653	1055
			1652	1056
			1651	1057
			1650	1058
			1649	1059
			1648	1060
			1647	1061
			1646	1062
			1645	1063
			1644	1063
			1643	1064
			1642	1065
			1641	1066
			1640	1067
			1639	1068
			1638	1069
			1637	1070
			1636	1071
		</Eye>
	</curves.pixel>
	<ruler.points type=matrix rownames=TRUE colnames=FALSE nrow=2 ncol=2 as.numeric=TRUE >
		Ruler point 1	2	1894
		Ruler point 2	104	1894
	</ruler.points>
</shapes>

