<shapes type=list>
	<scaling type=logical names=FALSE length=1 as.numeric=FALSE >NA</scaling>
	<landmarks.pixel type=matrix rownames=TRUE colnames=FALSE nrow=11 ncol=2 as.numeric=TRUE >
		LM1Forehead	2381	318
		LM2UJFront	2980	1812
		LM3UJBack	2197	1951
		LM4LacOrb	2240	1183
		LM5QJoint	2237	2073
		LM6IOPL	2216	2213
		LM7IOPSOP	889	2364
		LM8A2A1	1249	1533
		LM9A1A3	1156	1014
		LM10TopMuscR	1013	882
		LM11TopMuscL	418	834
	</landmarks.pixel>
	<curves.control type=list>
		<Profile type=matrix rownames=FALSE colnames=FALSE nrow=7 ncol=2 as.numeric=TRUE >
			2381	318
			2769	606
			3104	1130
			3409	1400
			3350	1653
			3004	2030
			2980	1812
		</Profile>
		<Eye type=matrix rownames=FALSE colnames=FALSE nrow=13 ncol=2 as.numeric=TRUE >
			2240	1183
			2046	1389
			1734	1330
			1464	1224
			1399	953
			1334	688
			1517	506
			1769	318
			2034	406
			2251	471
			2363	712
			2404	1006
			2240	1183
		</Eye>
	</curves.control>
	<curves.pixel type=list>
		<Profile type=matrix rownames=FALSE colnames=FALSE nrow=1897 ncol=2 as.numeric=TRUE >
			2381	318
			2382	319
			2383	320
			2384	320
			2385	321
			2386	322
			2387	323
			2388	323
			2389	324
			2390	325
			2391	326
			2392	326
			2393	327
			2394	328
			2395	328
			2396	329
			2397	330
			2398	331
			2399	331
			2400	332
			2401	333
			2402	334
			2403	334
			2403	335
			2404	336
			2405	336
			2406	337
			2407	338
			2408	338
			2409	339
			2410	340
			2411	340
			2412	341
			2413	342
			2413	343
			2414	343
			2415	344
			2416	345
			2417	345
			2418	346
			2419	347
			2420	347
			2421	348
			2422	349
			2423	350
			2424	351
			2425	352
			2426	353
			2427	353
			2428	354
			2429	355
			2430	356
			2431	356
			2432	357
			2433	358
			2434	359
			2435	360
			2436	360
			2437	361
			2438	362
			2439	363
			2440	363
			2441	364
			2442	365
			2443	366
			2444	366
			2445	367
			2445	368
			2446	369
			2447	369
			2448	370
			2449	371
			2450	372
			2451	372
			2452	373
			2453	374
			2454	375
			2455	375
			2456	376
			2457	377
			2458	378
			2459	378
			2459	379
			2460	380
			2461	381
			2462	381
			2463	382
			2464	383
			2465	384
			2466	384
			2467	385
			2468	386
			2469	387
			2470	387
			2471	388
			2472	389
			2472	390
			2473	391
			2474	391
			2475	392
			2476	393
			2477	394
			2478	394
			2479	395
			2480	396
			2481	397
			2482	398
			2483	398
			2484	399
			2485	400
			2485	401
			2486	401
			2487	402
			2488	403
			2489	404
			2490	405
			2491	405
			2492	406
			2493	407
			2494	408
			2495	408
			2496	409
			2497	410
			2498	411
			2498	412
			2499	412
			2500	413
			2501	414
			2502	415
			2503	416
			2504	416
			2505	417
			2506	418
			2507	419
			2508	420
			2509	420
			2510	421
			2510	422
			2511	423
			2512	424
			2513	424
			2514	425
			2515	426
			2516	427
			2517	428
			2518	428
			2519	429
			2520	430
			2521	431
			2521	432
			2522	432
			2523	433
			2524	434
			2525	435
			2526	436
			2527	436
			2528	437
			2529	438
			2530	439
			2531	440
			2532	440
			2533	441
			2533	442
			2534	443
			2535	444
			2536	445
			2537	445
			2538	446
			2539	447
			2540	448
			2541	449
			2542	449
			2543	450
			2544	451
			2544	452
			2545	453
			2546	454
			2547	454
			2548	455
			2549	456
			2550	457
			2551	458
			2552	459
			2553	459
			2554	460
			2555	461
			2555	462
			2556	463
			2557	463
			2558	464
			2559	465
			2560	466
			2561	467
			2562	468
			2563	469
			2564	469
			2565	470
			2565	471
			2566	472
			2567	473
			2568	474
			2569	474
			2570	475
			2571	476
			2572	477
			2573	478
			2574	479
			2575	479
			2576	480
			2576	481
			2577	482
			2578	483
			2579	484
			2580	485
			2581	485
			2582	486
			2583	487
			2584	488
			2585	489
			2586	490
			2586	491
			2587	491
			2588	492
			2589	493
			2590	494
			2591	495
			2592	496
			2593	497
			2594	497
			2595	498
			2596	499
			2596	500
			2597	501
			2598	502
			2599	503
			2600	503
			2601	504
			2602	505
			2603	506
			2604	507
			2605	508
			2605	509
			2606	510
			2607	510
			2608	511
			2609	512
			2610	513
			2611	514
			2612	515
			2613	516
			2614	517
			2615	517
			2615	518
			2616	519
			2617	520
			2618	521
			2619	522
			2620	523
			2621	524
			2622	524
			2623	525
			2624	526
			2624	527
			2625	528
			2626	529
			2627	530
			2628	531
			2629	532
			2630	532
			2631	533
			2632	534
			2633	535
			2634	536
			2634	537
			2635	538
			2636	539
			2637	540
			2638	540
			2639	541
			2640	542
			2641	543
			2642	544
			2643	545
			2643	546
			2644	547
			2645	548
			2646	549
			2647	549
			2648	550
			2649	551
			2650	552
			2651	553
			2651	554
			2652	555
			2653	556
			2654	557
			2655	558
			2656	558
			2657	559
			2658	560
			2659	561
			2660	562
			2660	563
			2661	564
			2662	565
			2663	566
			2664	567
			2665	568
			2666	569
			2667	569
			2668	570
			2669	571
			2669	572
			2670	573
			2671	574
			2672	575
			2673	576
			2674	577
			2675	578
			2676	579
			2677	580
			2678	581
			2679	582
			2680	583
			2681	584
			2682	585
			2683	586
			2684	587
			2685	588
			2685	589
			2686	589
			2687	590
			2688	591
			2688	592
			2689	593
			2690	593
			2691	594
			2691	595
			2692	596
			2693	597
			2694	598
			2695	598
			2695	599
			2696	600
			2697	601
			2698	602
			2699	603
			2700	604
			2701	605
			2702	606
			2703	607
			2704	608
			2705	609
			2706	610
			2707	611
			2707	612
			2708	613
			2709	614
			2710	615
			2711	616
			2712	617
			2713	618
			2714	619
			2715	620
			2716	621
			2717	622
			2718	623
			2718	624
			2719	625
			2720	626
			2721	627
			2722	628
			2723	629
			2724	630
			2725	631
			2726	632
			2727	633
			2728	634
			2729	635
			2730	636
			2730	637
			2731	638
			2732	639
			2733	640
			2734	641
			2735	642
			2736	643
			2737	644
			2738	645
			2739	646
			2740	647
			2740	648
			2741	649
			2742	650
			2743	651
			2744	652
			2745	653
			2746	654
			2747	655
			2748	656
			2749	657
			2750	658
			2751	659
			2751	660
			2752	661
			2753	662
			2754	663
			2755	664
			2756	665
			2757	666
			2758	667
			2759	668
			2760	669
			2761	670
			2761	671
			2762	672
			2763	673
			2763	674
			2764	674
			2765	675
			2765	676
			2766	676
			2766	677
			2767	677
			2767	678
			2768	679
			2769	680
			2770	681
			2771	682
			2772	683
			2772	684
			2773	685
			2774	685
			2774	686
			2775	687
			2776	688
			2777	689
			2778	690
			2779	691
			2779	692
			2780	693
			2781	694
			2782	695
			2783	695
			2783	696
			2784	697
			2785	698
			2786	699
			2786	700
			2787	701
			2788	702
			2789	703
			2790	704
			2790	705
			2791	705
			2792	706
			2793	707
			2793	708
			2794	709
			2795	710
			2796	711
			2797	712
			2797	713
			2798	714
			2799	715
			2800	715
			2801	716
			2801	717
			2802	718
			2803	719
			2804	720
			2804	721
			2805	722
			2806	723
			2807	724
			2808	725
			2808	726
			2809	727
			2810	727
			2811	728
			2811	729
			2812	730
			2813	731
			2814	732
			2815	733
			2815	734
			2816	735
			2817	736
			2818	737
			2818	738
			2819	739
			2820	740
			2821	740
			2822	741
			2822	742
			2823	743
			2824	744
			2825	745
			2825	746
			2826	747
			2827	748
			2828	749
			2829	750
			2829	751
			2830	752
			2831	753
			2832	754
			2833	755
			2834	756
			2834	757
			2835	757
			2835	758
			2836	759
			2837	759
			2837	760
			2838	761
			2838	762
			2839	762
			2839	763
			2840	764
			2841	765
			2842	766
			2843	767
			2843	768
			2844	769
			2845	770
			2846	771
			2847	772
			2848	773
			2849	774
			2849	775
			2850	776
			2851	777
			2852	778
			2853	779
			2853	780
			2854	781
			2855	782
			2856	783
			2857	784
			2857	785
			2858	786
			2859	787
			2860	788
			2861	789
			2861	790
			2862	791
			2863	792
			2864	793
			2865	794
			2865	795
			2866	796
			2867	797
			2868	798
			2869	799
			2869	800
			2870	801
			2871	802
			2872	803
			2873	804
			2873	805
			2874	806
			2875	807
			2876	808
			2876	809
			2877	810
			2878	811
			2879	812
			2880	813
			2880	814
			2881	815
			2882	816
			2883	817
			2884	818
			2884	819
			2885	820
			2886	821
			2887	822
			2888	823
			2888	824
			2889	825
			2890	826
			2891	827
			2892	828
			2892	829
			2893	830
			2894	831
			2895	832
			2896	833
			2896	834
			2897	835
			2898	836
			2899	837
			2899	838
			2900	839
			2901	840
			2902	841
			2903	842
			2903	843
			2904	844
			2904	845
			2905	845
			2905	846
			2906	847
			2907	848
			2908	849
			2908	850
			2909	851
			2910	852
			2910	853
			2911	854
			2912	854
			2912	855
			2913	856
			2914	857
			2915	858
			2915	859
			2916	860
			2917	861
			2917	862
			2918	863
			2919	863
			2919	864
			2920	865
			2921	866
			2921	867
			2922	868
			2923	869
			2923	870
			2924	871
			2925	872
			2926	873
			2927	874
			2928	875
			2928	876
			2929	877
			2930	878
			2931	879
			2931	880
			2932	881
			2932	882
			2933	883
			2934	883
			2934	884
			2935	885
			2935	886
			2936	886
			2937	887
			2937	888
			2938	889
			2938	890
			2939	890
			2939	891
			2940	892
			2941	893
			2941	894
			2942	894
			2942	895
			2943	896
			2944	897
			2945	898
			2945	899
			2946	900
			2947	901
			2948	902
			2948	903
			2949	904
			2950	905
			2950	906
			2951	907
			2952	908
			2952	909
			2953	910
			2954	911
			2955	912
			2955	913
			2956	914
			2957	914
			2957	915
			2958	916
			2959	917
			2959	918
			2960	919
			2961	920
			2962	921
			2962	922
			2963	923
			2964	924
			2964	925
			2965	926
			2966	927
			2967	928
			2967	929
			2968	930
			2969	931
			2969	932
			2970	933
			2971	934
			2971	935
			2972	936
			2973	937
			2973	938
			2974	939
			2975	940
			2976	941
			2977	942
			2977	943
			2978	944
			2978	945
			2979	945
			2980	946
			2980	947
			2981	947
			2981	948
			2982	949
			2983	950
			2983	951
			2984	952
			2984	953
			2985	954
			2986	954
			2986	955
			2987	956
			2987	957
			2988	958
			2989	959
			2990	960
			2990	961
			2991	962
			2992	963
			2993	964
			2993	965
			2994	966
			2995	967
			2996	968
			2996	969
			2997	970
			2997	971
			2998	972
			2999	973
			3000	974
			3000	975
			3001	976
			3001	977
			3002	978
			3003	979
			3004	980
			3004	981
			3005	982
			3005	983
			3006	984
			3007	984
			3007	985
			3008	986
			3009	987
			3009	988
			3010	989
			3010	990
			3011	991
			3012	992
			3013	993
			3014	994
			3014	995
			3015	996
			3015	997
			3016	997
			3016	998
			3017	999
			3018	1000
			3018	1001
			3019	1002
			3020	1003
			3020	1004
			3021	1004
			3021	1005
			3022	1006
			3022	1007
			3023	1007
			3023	1008
			3024	1009
			3024	1010
			3025	1011
			3026	1012
			3027	1013
			3027	1014
			3028	1015
			3028	1016
			3029	1017
			3030	1018
			3030	1019
			3031	1020
			3032	1021
			3033	1022
			3033	1023
			3034	1024
			3035	1025
			3036	1026
			3036	1027
			3037	1028
			3037	1029
			3038	1030
			3039	1031
			3040	1032
			3040	1033
			3041	1034
			3042	1035
			3042	1036
			3043	1037
			3044	1038
			3044	1039
			3045	1040
			3046	1041
			3046	1042
			3047	1043
			3048	1044
			3048	1045
			3049	1046
			3050	1047
			3050	1048
			3051	1049
			3052	1050
			3052	1051
			3053	1052
			3054	1053
			3054	1054
			3055	1055
			3055	1056
			3056	1057
			3057	1058
			3057	1059
			3058	1060
			3059	1061
			3059	1062
			3060	1063
			3061	1064
			3061	1065
			3062	1066
			3063	1067
			3063	1068
			3064	1069
			3065	1070
			3065	1071
			3066	1072
			3067	1073
			3067	1074
			3068	1075
			3069	1076
			3069	1077
			3070	1078
			3071	1079
			3071	1080
			3072	1081
			3073	1082
			3073	1083
			3074	1084
			3075	1085
			3075	1086
			3076	1087
			3077	1088
			3077	1089
			3078	1090
			3079	1091
			3079	1092
			3080	1093
			3081	1094
			3081	1095
			3082	1096
			3082	1097
			3083	1098
			3084	1099
			3084	1100
			3085	1101
			3086	1102
			3086	1103
			3087	1104
			3088	1105
			3088	1106
			3089	1107
			3090	1108
			3090	1109
			3091	1110
			3092	1111
			3092	1112
			3093	1113
			3094	1114
			3094	1115
			3095	1116
			3096	1117
			3096	1118
			3097	1119
			3098	1120
			3098	1121
			3099	1122
			3100	1123
			3100	1124
			3101	1125
			3101	1126
			3102	1127
			3103	1128
			3103	1129
			3104	1130
			3105	1131
			3106	1132
			3107	1133
			3108	1134
			3109	1135
			3110	1135
			3111	1136
			3112	1137
			3113	1138
			3114	1139
			3115	1140
			3116	1141
			3117	1141
			3118	1142
			3118	1143
			3119	1144
			3120	1145
			3121	1145
			3122	1146
			3123	1147
			3123	1148
			3124	1148
			3125	1149
			3126	1150
			3127	1151
			3128	1151
			3128	1152
			3129	1153
			3130	1154
			3131	1154
			3132	1155
			3132	1156
			3133	1157
			3134	1157
			3135	1158
			3136	1159
			3136	1160
			3137	1160
			3138	1161
			3139	1162
			3140	1163
			3141	1164
			3142	1165
			3143	1166
			3144	1167
			3145	1168
			3146	1169
			3147	1170
			3148	1171
			3149	1171
			3150	1172
			3151	1173
			3152	1174
			3152	1175
			3153	1176
			3154	1177
			3155	1178
			3156	1179
			3157	1180
			3158	1180
			3159	1181
			3160	1182
			3161	1183
			3162	1184
			3163	1185
			3163	1186
			3164	1187
			3165	1188
			3166	1189
			3167	1189
			3168	1190
			3169	1191
			3170	1192
			3171	1193
			3171	1194
			3172	1195
			3173	1196
			3174	1197
			3175	1198
			3176	1199
			3177	1199
			3178	1200
			3178	1201
			3179	1202
			3180	1203
			3181	1204
			3182	1205
			3183	1206
			3184	1207
			3184	1208
			3185	1208
			3186	1209
			3187	1210
			3188	1211
			3189	1212
			3189	1213
			3190	1214
			3191	1215
			3192	1216
			3193	1217
			3194	1217
			3194	1218
			3195	1219
			3196	1220
			3197	1221
			3198	1222
			3199	1223
			3199	1224
			3200	1225
			3201	1226
			3202	1226
			3203	1227
			3203	1228
			3204	1229
			3205	1230
			3206	1231
			3207	1232
			3207	1233
			3208	1234
			3209	1235
			3210	1235
			3211	1236
			3211	1237
			3212	1238
			3213	1239
			3214	1240
			3214	1241
			3215	1242
			3216	1243
			3217	1244
			3218	1244
			3218	1245
			3219	1246
			3220	1247
			3221	1248
			3221	1249
			3222	1250
			3223	1251
			3224	1252
			3225	1253
			3226	1254
			3227	1255
			3227	1256
			3228	1256
			3228	1257
			3229	1258
			3230	1259
			3231	1260
			3231	1261
			3232	1262
			3233	1263
			3234	1264
			3235	1265
			3235	1266
			3236	1267
			3237	1268
			3238	1269
			3238	1270
			3239	1271
			3240	1272
			3241	1272
			3241	1273
			3242	1274
			3243	1275
			3243	1276
			3244	1277
			3245	1278
			3246	1279
			3246	1280
			3247	1281
			3248	1282
			3248	1283
			3249	1284
			3250	1285
			3251	1286
			3252	1287
			3253	1288
			3253	1289
			3254	1289
			3254	1290
			3254	1291
			3255	1291
			3255	1292
			3256	1293
			3257	1294
			3258	1295
			3258	1296
			3259	1297
			3260	1298
			3260	1299
			3261	1299
			3261	1300
			3262	1301
			3262	1302
			3263	1303
			3264	1303
			3264	1304
			3265	1305
			3265	1306
			3266	1307
			3267	1308
			3268	1309
			3268	1310
			3269	1311
			3270	1312
			3270	1313
			3271	1314
			3272	1315
			3272	1316
			3273	1317
			3274	1318
			3274	1319
			3275	1320
			3275	1321
			3276	1322
			3277	1323
			3277	1324
			3278	1324
			3279	1325
			3279	1326
			3280	1327
			3280	1328
			3281	1329
			3282	1330
			3282	1331
			3283	1332
			3283	1333
			3284	1334
			3285	1335
			3285	1336
			3286	1337
			3286	1338
			3287	1339
			3288	1340
			3288	1341
			3289	1342
			3289	1343
			3290	1344
			3291	1345
			3292	1346
			3292	1347
			3292	1348
			3293	1348
			3293	1349
			3294	1350
			3294	1351
			3295	1352
			3296	1353
			3296	1354
			3297	1355
			3297	1356
			3298	1357
			3299	1358
			3299	1359
			3300	1360
			3300	1361
			3301	1362
			3301	1363
			3302	1364
			3302	1365
			3303	1366
			3303	1367
			3304	1368
			3305	1369
			3305	1370
			3306	1371
			3306	1372
			3307	1373
			3307	1374
			3308	1375
			3308	1376
			3309	1377
			3309	1378
			3310	1379
			3310	1380
			3311	1381
			3311	1382
			3312	1383
			3312	1384
			3313	1385
			3313	1386
			3314	1387
			3314	1388
			3315	1389
			3315	1390
			3316	1391
			3316	1392
			3317	1393
			3317	1394
			3317	1395
			3318	1396
			3318	1397
			3319	1398
			3319	1399
			3320	1400
			3320	1401
			3321	1401
			3321	1402
			3322	1403
			3322	1404
			3322	1405
			3323	1406
			3323	1407
			3324	1408
			3324	1409
			3325	1410
			3325	1411
			3325	1412
			3326	1413
			3326	1414
			3327	1415
			3327	1416
			3327	1417
			3328	1418
			3328	1419
			3329	1420
			3329	1421
			3329	1422
			3330	1423
			3330	1424
			3331	1425
			3331	1426
			3331	1427
			3332	1428
			3332	1429
			3333	1430
			3333	1431
			3333	1432
			3334	1433
			3334	1434
			3334	1435
			3335	1436
			3335	1437
			3335	1438
			3336	1439
			3336	1440
			3336	1441
			3337	1442
			3337	1443
			3337	1444
			3338	1445
			3338	1446
			3339	1447
			3339	1448
			3339	1449
			3340	1450
			3340	1451
			3340	1452
			3341	1453
			3341	1454
			3341	1455
			3342	1456
			3342	1457
			3342	1458
			3343	1459
			3343	1460
			3343	1461
			3343	1462
			3344	1463
			3344	1464
			3344	1465
			3345	1466
			3345	1467
			3345	1468
			3346	1469
			3346	1470
			3346	1471
			3346	1472
			3347	1473
			3347	1474
			3347	1475
			3347	1476
			3348	1477
			3348	1478
			3348	1479
			3348	1480
			3349	1481
			3349	1482
			3349	1483
			3349	1484
			3350	1485
			3350	1486
			3350	1487
			3350	1488
			3350	1489
			3351	1490
			3351	1491
			3351	1492
			3351	1493
			3352	1494
			3352	1495
			3352	1496
			3352	1497
			3352	1498
			3353	1499
			3353	1500
			3353	1501
			3353	1502
			3353	1503
			3353	1504
			3354	1505
			3354	1506
			3354	1507
			3354	1508
			3354	1509
			3354	1510
			3355	1511
			3355	1512
			3355	1513
			3355	1514
			3355	1515
			3355	1516
			3356	1517
			3356	1518
			3356	1519
			3356	1520
			3356	1521
			3356	1522
			3356	1523
			3357	1524
			3357	1525
			3357	1526
			3357	1527
			3357	1528
			3357	1529
			3357	1530
			3357	1531
			3358	1532
			3358	1533
			3358	1534
			3358	1535
			3358	1536
			3358	1537
			3358	1538
			3358	1539
			3358	1540
			3358	1541
			3358	1542
			3359	1543
			3359	1544
			3359	1545
			3359	1546
			3359	1547
			3359	1548
			3359	1549
			3359	1550
			3359	1551
			3359	1552
			3359	1553
			3359	1554
			3359	1555
			3359	1556
			3359	1557
			3359	1558
			3359	1559
			3359	1560
			3359	1561
			3359	1562
			3359	1563
			3359	1564
			3360	1565
			3360	1566
			3360	1567
			3360	1568
			3360	1569
			3360	1570
			3360	1571
			3360	1572
			3360	1573
			3360	1574
			3360	1575
			3360	1576
			3360	1577
			3359	1578
			3359	1579
			3359	1580
			3359	1581
			3359	1582
			3359	1583
			3359	1584
			3359	1585
			3359	1586
			3359	1587
			3359	1588
			3359	1589
			3359	1590
			3359	1591
			3359	1592
			3359	1593
			3359	1594
			3359	1595
			3359	1596
			3359	1597
			3359	1598
			3358	1599
			3358	1600
			3358	1601
			3358	1602
			3358	1603
			3358	1604
			3358	1605
			3358	1606
			3358	1607
			3358	1608
			3357	1609
			3357	1610
			3357	1611
			3357	1612
			3357	1613
			3357	1614
			3357	1615
			3357	1616
			3357	1617
			3356	1618
			3356	1619
			3356	1620
			3356	1621
			3356	1622
			3356	1623
			3356	1624
			3355	1625
			3355	1626
			3355	1627
			3355	1628
			3355	1629
			3355	1630
			3354	1631
			3354	1632
			3354	1633
			3354	1634
			3354	1635
			3354	1636
			3353	1637
			3353	1638
			3353	1639
			3353	1640
			3353	1641
			3352	1642
			3352	1643
			3352	1644
			3352	1645
			3352	1646
			3351	1647
			3351	1648
			3351	1649
			3351	1650
			3350	1651
			3350	1652
			3350	1653
			3349	1654
			3348	1655
			3347	1656
			3346	1657
			3346	1658
			3345	1659
			3344	1659
			3344	1660
			3343	1661
			3342	1661
			3341	1662
			3341	1663
			3340	1664
			3339	1664
			3339	1665
			3338	1666
			3337	1667
			3336	1668
			3335	1669
			3334	1670
			3334	1671
			3333	1672
			3332	1673
			3331	1673
			3330	1674
			3329	1675
			3329	1676
			3328	1677
			3327	1678
			3326	1679
			3325	1679
			3325	1680
			3324	1681
			3323	1682
			3322	1683
			3321	1684
			3321	1685
			3320	1685
			3319	1686
			3318	1687
			3317	1688
			3317	1689
			3316	1690
			3315	1691
			3314	1691
			3313	1692
			3313	1693
			3312	1694
			3311	1695
			3310	1695
			3309	1696
			3309	1697
			3308	1698
			3307	1699
			3306	1700
			3305	1700
			3305	1701
			3304	1702
			3303	1703
			3302	1704
			3301	1705
			3300	1706
			3299	1707
			3298	1708
			3297	1709
			3296	1710
			3295	1711
			3294	1712
			3293	1713
			3292	1714
			3292	1715
			3291	1716
			3290	1717
			3289	1718
			3288	1719
			3287	1720
			3286	1720
			3285	1721
			3284	1722
			3283	1723
			3282	1724
			3281	1725
			3281	1726
			3280	1727
			3279	1728
			3278	1729
			3277	1730
			3276	1730
			3275	1731
			3274	1732
			3273	1733
			3272	1734
			3272	1735
			3271	1736
			3270	1737
			3269	1738
			3268	1738
			3267	1739
			3266	1740
			3265	1741
			3264	1742
			3264	1743
			3263	1744
			3262	1745
			3261	1745
			3260	1746
			3259	1747
			3258	1748
			3257	1749
			3257	1750
			3256	1750
			3255	1751
			3254	1752
			3253	1753
			3252	1754
			3251	1755
			3250	1756
			3249	1757
			3248	1758
			3247	1759
			3246	1760
			3245	1761
			3244	1762
			3243	1763
			3242	1764
			3241	1765
			3240	1766
			3239	1767
			3238	1768
			3237	1768
			3236	1769
			3236	1770
			3235	1770
			3234	1771
			3233	1772
			3232	1773
			3231	1774
			3230	1775
			3229	1776
			3228	1777
			3227	1778
			3226	1778
			3226	1779
			3225	1780
			3224	1780
			3224	1781
			3223	1781
			3222	1782
			3221	1783
			3220	1784
			3219	1785
			3218	1786
			3217	1787
			3216	1788
			3215	1788
			3215	1789
			3214	1790
			3213	1791
			3212	1791
			3211	1792
			3210	1793
			3209	1794
			3208	1795
			3207	1796
			3206	1797
			3205	1798
			3204	1798
			3203	1799
			3202	1800
			3201	1801
			3200	1802
			3199	1803
			3198	1804
			3197	1804
			3196	1805
			3195	1806
			3194	1807
			3193	1808
			3192	1808
			3191	1809
			3190	1810
			3189	1811
			3189	1812
			3188	1812
			3187	1813
			3186	1814
			3185	1815
			3184	1816
			3183	1816
			3182	1817
			3181	1818
			3180	1819
			3179	1819
			3178	1820
			3177	1821
			3177	1822
			3176	1822
			3175	1823
			3174	1824
			3173	1824
			3172	1825
			3171	1826
			3170	1827
			3169	1827
			3168	1828
			3167	1829
			3166	1830
			3165	1831
			3164	1832
			3163	1833
			3162	1833
			3161	1834
			3160	1835
			3159	1835
			3158	1836
			3157	1837
			3156	1838
			3155	1838
			3155	1839
			3154	1839
			3153	1840
			3152	1840
			3152	1841
			3151	1841
			3150	1842
			3149	1842
			3149	1843
			3148	1844
			3147	1844
			3146	1845
			3145	1846
			3144	1847
			3143	1847
			3142	1848
			3141	1848
			3140	1849
			3139	1850
			3138	1850
			3138	1851
			3137	1851
			3136	1852
			3135	1853
			3134	1853
			3133	1854
			3132	1855
			3131	1856
			3130	1856
			3129	1857
			3128	1857
			3127	1858
			3126	1859
			3125	1859
			3124	1860
			3123	1861
			3122	1861
			3121	1862
			3120	1862
			3119	1863
			3118	1864
			3117	1864
			3116	1865
			3115	1865
			3114	1866
			3113	1866
			3112	1867
			3111	1868
			3110	1869
			3109	1869
			3108	1869
			3108	1870
			3107	1870
			3106	1870
			3106	1871
			3105	1871
			3104	1872
			3103	1872
			3102	1873
			3101	1873
			3100	1874
			3099	1874
			3099	1875
			3098	1875
			3097	1875
			3096	1876
			3095	1876
			3094	1877
			3093	1877
			3092	1878
			3091	1878
			3090	1879
			3089	1879
			3088	1880
			3087	1880
			3086	1881
			3085	1881
			3084	1881
			3083	1882
			3082	1882
			3081	1883
			3080	1883
			3079	1883
			3079	1884
			3078	1884
			3077	1884
			3076	1885
			3075	1885
			3074	1885
			3073	1886
			3072	1886
			3071	1886
			3070	1887
			3069	1887
			3068	1887
			3067	1888
			3066	1888
			3065	1888
			3064	1889
			3063	1889
			3062	1889
			3061	1889
			3060	1889
			3059	1890
			3058	1890
			3057	1890
			3056	1890
			3055	1890
			3055	1891
			3054	1891
			3053	1891
			3052	1891
			3051	1891
			3050	1891
			3049	1891
			3048	1891
			3047	1892
			3046	1892
			3045	1892
			3044	1892
			3043	1892
			3042	1892
			3041	1892
			3040	1892
			3039	1892
			3038	1892
			3037	1892
			3036	1892
			3035	1892
			3034	1892
			3033	1891
			3032	1891
			3031	1891
			3030	1891
			3029	1891
			3028	1890
			3027	1890
			3026	1890
			3025	1890
			3024	1889
			3023	1889
			3022	1889
			3021	1888
			3020	1888
			3019	1887
			3018	1887
			3017	1887
			3016	1886
			3015	1886
			3014	1885
			3013	1884
			3012	1884
			3011	1883
			3010	1882
			3009	1881
			3008	1880
			3007	1880
			3006	1879
			3005	1878
			3004	1877
			3003	1876
			3002	1875
			3001	1874
			3000	1873
			3000	1872
			2999	1871
			2998	1870
			2997	1869
			2997	1868
			2997	1867
			2996	1867
			2996	1866
			2995	1865
			2994	1864
			2994	1863
			2993	1862
			2993	1861
			2992	1860
			2992	1859
			2991	1858
			2991	1857
			2990	1856
			2990	1855
			2990	1854
			2989	1853
			2989	1852
			2989	1851
			2988	1851
			2988	1850
			2988	1849
			2988	1848
			2987	1848
			2987	1847
			2987	1846
			2986	1845
			2986	1844
			2986	1843
			2986	1842
			2985	1841
			2985	1840
			2985	1839
			2985	1838
			2984	1838
			2984	1837
			2984	1836
			2984	1835
			2983	1834
			2983	1833
			2983	1832
			2983	1831
			2983	1830
			2983	1829
			2982	1828
			2982	1827
			2982	1826
			2982	1825
			2982	1824
			2981	1823
			2981	1822
			2981	1821
			2981	1820
			2981	1819
			2981	1818
			2981	1817
			2980	1816
			2980	1815
			2980	1814
			2980	1813
			2980	1812
		</Profile>
		<Eye type=matrix rownames=FALSE colnames=FALSE nrow=2871 ncol=2 as.numeric=TRUE >
			2240	1183
			2239	1184
			2238	1185
			2237	1186
			2236	1187
			2235	1188
			2234	1189
			2233	1190
			2232	1191
			2231	1192
			2231	1193
			2230	1194
			2229	1195
			2228	1196
			2227	1197
			2226	1197
			2225	1198
			2224	1199
			2223	1200
			2222	1201
			2221	1202
			2220	1203
			2219	1204
			2218	1205
			2218	1206
			2217	1206
			2216	1207
			2215	1208
			2214	1209
			2213	1210
			2212	1211
			2211	1212
			2210	1213
			2209	1213
			2208	1214
			2207	1215
			2206	1216
			2205	1217
			2204	1218
			2203	1219
			2202	1219
			2201	1220
			2200	1221
			2199	1222
			2199	1223
			2198	1224
			2197	1225
			2196	1225
			2195	1226
			2194	1227
			2193	1228
			2192	1229
			2191	1229
			2190	1230
			2189	1231
			2188	1232
			2187	1233
			2186	1233
			2185	1234
			2184	1235
			2183	1236
			2182	1237
			2181	1237
			2180	1238
			2179	1239
			2178	1240
			2177	1240
			2176	1241
			2175	1242
			2174	1243
			2173	1244
			2172	1244
			2171	1245
			2170	1246
			2169	1247
			2168	1247
			2167	1248
			2166	1249
			2165	1250
			2164	1250
			2163	1251
			2162	1252
			2161	1252
			2160	1253
			2159	1254
			2158	1255
			2157	1255
			2156	1256
			2155	1257
			2154	1257
			2153	1258
			2152	1259
			2151	1260
			2150	1260
			2149	1261
			2148	1262
			2147	1262
			2146	1263
			2145	1264
			2144	1264
			2143	1265
			2142	1266
			2141	1266
			2140	1267
			2139	1267
			2138	1268
			2137	1269
			2136	1269
			2135	1270
			2134	1270
			2134	1271
			2133	1271
			2132	1272
			2131	1272
			2130	1273
			2129	1274
			2128	1274
			2127	1275
			2126	1275
			2125	1276
			2124	1276
			2123	1277
			2122	1278
			2121	1278
			2120	1279
			2119	1279
			2119	1280
			2118	1280
			2117	1280
			2117	1281
			2116	1281
			2115	1281
			2115	1282
			2114	1282
			2113	1283
			2112	1283
			2111	1284
			2110	1285
			2109	1285
			2108	1285
			2107	1286
			2106	1287
			2105	1287
			2104	1288
			2103	1288
			2102	1289
			2101	1289
			2100	1290
			2099	1290
			2098	1291
			2097	1291
			2096	1292
			2095	1292
			2094	1293
			2093	1293
			2092	1294
			2091	1294
			2090	1295
			2089	1295
			2088	1295
			2087	1296
			2086	1296
			2085	1297
			2084	1297
			2083	1298
			2082	1298
			2081	1299
			2080	1299
			2079	1300
			2078	1300
			2077	1301
			2076	1301
			2075	1301
			2074	1302
			2073	1302
			2072	1303
			2071	1303
			2070	1304
			2069	1304
			2068	1304
			2067	1305
			2066	1305
			2065	1306
			2064	1306
			2063	1307
			2062	1307
			2061	1307
			2060	1308
			2059	1308
			2058	1309
			2057	1309
			2056	1309
			2055	1310
			2054	1310
			2053	1311
			2052	1311
			2051	1311
			2050	1312
			2049	1312
			2048	1312
			2047	1313
			2046	1313
			2045	1314
			2044	1314
			2043	1314
			2042	1315
			2041	1315
			2040	1315
			2039	1316
			2038	1316
			2037	1316
			2036	1317
			2035	1317
			2034	1317
			2033	1318
			2032	1318
			2031	1318
			2030	1319
			2029	1319
			2028	1319
			2027	1320
			2026	1320
			2025	1320
			2024	1320
			2023	1321
			2022	1321
			2021	1322
			2020	1322
			2019	1322
			2018	1322
			2017	1323
			2016	1323
			2015	1323
			2014	1323
			2013	1324
			2012	1324
			2011	1324
			2010	1325
			2009	1325
			2008	1325
			2007	1325
			2006	1326
			2005	1326
			2004	1326
			2003	1326
			2002	1327
			2001	1327
			2000	1327
			1999	1327
			1998	1328
			1997	1328
			1996	1328
			1995	1328
			1994	1329
			1993	1329
			1992	1329
			1991	1329
			1990	1330
			1989	1330
			1988	1330
			1987	1330
			1986	1331
			1985	1331
			1984	1331
			1983	1331
			1982	1331
			1981	1332
			1980	1332
			1979	1332
			1978	1332
			1977	1333
			1976	1333
			1975	1333
			1974	1333
			1973	1333
			1972	1334
			1971	1334
			1970	1334
			1969	1334
			1968	1334
			1967	1334
			1966	1335
			1965	1335
			1964	1335
			1963	1335
			1962	1335
			1961	1335
			1960	1336
			1959	1336
			1958	1336
			1957	1336
			1956	1336
			1955	1337
			1954	1337
			1953	1337
			1952	1337
			1951	1337
			1950	1337
			1949	1337
			1948	1337
			1948	1338
			1947	1338
			1946	1338
			1945	1338
			1944	1338
			1943	1338
			1942	1338
			1941	1338
			1940	1339
			1939	1339
			1938	1339
			1937	1339
			1936	1339
			1935	1339
			1934	1339
			1933	1339
			1932	1339
			1932	1340
			1931	1340
			1930	1340
			1929	1340
			1928	1340
			1927	1340
			1926	1340
			1925	1340
			1924	1340
			1923	1340
			1922	1341
			1921	1341
			1920	1341
			1919	1341
			1918	1341
			1917	1341
			1916	1341
			1915	1341
			1914	1341
			1913	1341
			1912	1341
			1911	1341
			1911	1342
			1910	1342
			1909	1342
			1908	1342
			1907	1342
			1906	1342
			1905	1342
			1904	1342
			1903	1342
			1902	1342
			1901	1342
			1900	1342
			1899	1342
			1898	1342
			1897	1342
			1896	1342
			1895	1342
			1894	1343
			1893	1343
			1892	1343
			1891	1343
			1890	1343
			1889	1343
			1888	1343
			1887	1343
			1886	1343
			1885	1343
			1884	1343
			1883	1343
			1882	1343
			1881	1343
			1880	1343
			1879	1343
			1878	1343
			1877	1343
			1876	1343
			1875	1343
			1874	1343
			1873	1343
			1872	1343
			1871	1343
			1870	1343
			1869	1343
			1868	1343
			1867	1343
			1866	1343
			1865	1343
			1864	1343
			1863	1343
			1862	1343
			1861	1343
			1860	1343
			1859	1343
			1858	1343
			1857	1343
			1856	1343
			1855	1343
			1854	1343
			1853	1343
			1852	1343
			1851	1343
			1850	1343
			1849	1343
			1848	1343
			1847	1343
			1846	1343
			1845	1343
			1844	1343
			1843	1343
			1842	1343
			1841	1343
			1840	1343
			1839	1343
			1838	1342
			1837	1342
			1836	1342
			1835	1342
			1834	1342
			1833	1342
			1832	1342
			1831	1342
			1830	1342
			1829	1342
			1828	1342
			1827	1342
			1826	1342
			1825	1342
			1824	1342
			1823	1342
			1822	1342
			1821	1341
			1820	1341
			1819	1341
			1818	1341
			1817	1341
			1816	1341
			1815	1341
			1814	1341
			1813	1341
			1812	1341
			1811	1341
			1810	1341
			1809	1340
			1808	1340
			1807	1340
			1806	1340
			1805	1340
			1804	1340
			1803	1340
			1802	1340
			1801	1340
			1800	1340
			1799	1340
			1798	1339
			1797	1339
			1796	1339
			1795	1339
			1794	1339
			1793	1339
			1792	1339
			1791	1339
			1790	1339
			1789	1338
			1788	1338
			1787	1338
			1786	1338
			1785	1338
			1784	1338
			1783	1338
			1782	1338
			1781	1337
			1780	1337
			1779	1337
			1778	1337
			1777	1337
			1776	1337
			1775	1337
			1774	1337
			1773	1336
			1772	1336
			1771	1336
			1770	1336
			1769	1336
			1768	1336
			1767	1336
			1766	1335
			1765	1335
			1764	1335
			1763	1335
			1762	1335
			1761	1335
			1760	1334
			1759	1334
			1758	1334
			1757	1334
			1756	1334
			1755	1334
			1754	1333
			1753	1333
			1752	1333
			1751	1333
			1750	1333
			1749	1333
			1748	1332
			1747	1332
			1746	1332
			1745	1332
			1744	1332
			1743	1332
			1742	1331
			1741	1331
			1740	1331
			1739	1331
			1738	1331
			1737	1331
			1736	1330
			1735	1330
			1734	1330
			1733	1330
			1732	1329
			1731	1329
			1730	1329
			1729	1328
			1728	1327
			1727	1327
			1726	1327
			1725	1326
			1724	1326
			1723	1326
			1722	1325
			1721	1325
			1720	1324
			1719	1324
			1718	1323
			1717	1323
			1716	1323
			1716	1322
			1715	1322
			1714	1322
			1713	1322
			1713	1321
			1712	1321
			1711	1321
			1710	1320
			1709	1320
			1708	1319
			1707	1319
			1706	1318
			1705	1318
			1704	1317
			1703	1317
			1702	1317
			1702	1316
			1701	1316
			1700	1316
			1699	1315
			1698	1315
			1697	1314
			1696	1314
			1695	1313
			1694	1313
			1693	1312
			1692	1312
			1691	1311
			1690	1311
			1689	1310
			1688	1310
			1687	1309
			1686	1309
			1685	1309
			1685	1308
			1684	1308
			1683	1308
			1682	1307
			1681	1307
			1680	1306
			1679	1305
			1678	1305
			1677	1305
			1677	1304
			1676	1304
			1675	1304
			1674	1303
			1673	1303
			1672	1302
			1671	1301
			1670	1301
			1669	1301
			1668	1300
			1667	1300
			1666	1299
			1665	1298
			1664	1298
			1663	1297
			1662	1297
			1661	1296
			1660	1296
			1659	1295
			1658	1295
			1657	1294
			1656	1293
			1655	1293
			1654	1292
			1653	1292
			1652	1291
			1651	1291
			1650	1290
			1649	1290
			1648	1289
			1647	1288
			1646	1288
			1645	1287
			1644	1287
			1643	1286
			1642	1286
			1641	1285
			1640	1284
			1639	1284
			1638	1283
			1637	1283
			1636	1282
			1635	1282
			1634	1281
			1633	1280
			1632	1280
			1631	1279
			1630	1279
			1629	1278
			1628	1277
			1627	1277
			1626	1276
			1625	1275
			1624	1274
			1623	1274
			1622	1273
			1621	1273
			1620	1272
			1619	1271
			1618	1271
			1617	1270
			1616	1269
			1615	1269
			1614	1268
			1613	1267
			1612	1267
			1611	1266
			1610	1266
			1609	1265
			1608	1264
			1607	1264
			1606	1263
			1605	1262
			1604	1261
			1603	1261
			1602	1260
			1601	1259
			1600	1258
			1599	1258
			1598	1257
			1597	1257
			1596	1256
			1596	1255
			1595	1255
			1594	1254
			1593	1254
			1592	1253
			1592	1252
			1591	1252
			1590	1251
			1589	1251
			1589	1250
			1588	1250
			1587	1249
			1586	1248
			1585	1247
			1584	1247
			1583	1246
			1582	1245
			1581	1244
			1580	1244
			1579	1243
			1578	1242
			1577	1242
			1577	1241
			1576	1240
			1575	1239
			1574	1239
			1573	1238
			1572	1237
			1571	1236
			1570	1236
			1569	1235
			1568	1234
			1568	1233
			1567	1233
			1566	1232
			1565	1231
			1564	1231
			1563	1230
			1562	1229
			1561	1228
			1560	1227
			1559	1226
			1558	1225
			1557	1224
			1556	1223
			1555	1222
			1554	1221
			1553	1220
			1552	1219
			1551	1219
			1550	1218
			1549	1217
			1548	1216
			1547	1215
			1546	1214
			1545	1214
			1545	1213
			1544	1212
			1543	1212
			1542	1211
			1542	1210
			1541	1210
			1540	1209
			1540	1208
			1539	1207
			1538	1207
			1537	1206
			1537	1205
			1536	1205
			1535	1204
			1535	1203
			1534	1203
			1533	1202
			1533	1201
			1532	1201
			1531	1200
			1531	1199
			1530	1198
			1529	1198
			1528	1197
			1528	1196
			1527	1196
			1526	1195
			1526	1194
			1525	1193
			1524	1193
			1524	1192
			1523	1191
			1522	1191
			1522	1190
			1521	1189
			1520	1188
			1519	1187
			1518	1186
			1517	1185
			1516	1184
			1515	1183
			1515	1182
			1514	1181
			1513	1180
			1512	1179
			1511	1178
			1510	1177
			1509	1176
			1508	1175
			1508	1174
			1507	1174
			1507	1173
			1506	1172
			1505	1171
			1504	1170
			1503	1169
			1503	1168
			1502	1167
			1501	1166
			1500	1165
			1499	1164
			1499	1163
			1498	1162
			1497	1161
			1496	1160
			1496	1159
			1495	1158
			1494	1157
			1493	1156
			1493	1155
			1492	1154
			1491	1153
			1490	1152
			1490	1151
			1489	1150
			1488	1149
			1487	1148
			1486	1147
			1486	1146
			1485	1145
			1484	1144
			1483	1143
			1483	1142
			1482	1141
			1481	1140
			1481	1139
			1480	1138
			1480	1137
			1479	1137
			1478	1136
			1478	1135
			1477	1134
			1477	1133
			1476	1132
			1475	1131
			1475	1130
			1474	1130
			1474	1129
			1473	1128
			1472	1127
			1472	1126
			1471	1125
			1471	1124
			1470	1123
			1469	1122
			1468	1121
			1468	1120
			1468	1119
			1467	1119
			1467	1118
			1466	1117
			1466	1116
			1465	1115
			1464	1114
			1464	1113
			1463	1112
			1462	1111
			1462	1110
			1461	1109
			1461	1108
			1460	1107
			1460	1106
			1459	1105
			1458	1104
			1458	1103
			1457	1102
			1457	1101
			1456	1100
			1456	1099
			1455	1098
			1454	1097
			1454	1096
			1453	1095
			1453	1094
			1452	1093
			1451	1092
			1451	1091
			1450	1090
			1450	1089
			1450	1088
			1449	1087
			1448	1086
			1448	1085
			1447	1084
			1447	1083
			1446	1082
			1446	1081
			1445	1080
			1445	1079
			1444	1078
			1443	1077
			1443	1076
			1442	1075
			1442	1074
			1442	1073
			1441	1072
			1441	1071
			1440	1070
			1440	1069
			1439	1068
			1439	1067
			1438	1066
			1438	1065
			1437	1064
			1437	1063
			1437	1062
			1436	1061
			1436	1060
			1435	1059
			1435	1058
			1434	1058
			1434	1057
			1434	1056
			1433	1055
			1433	1054
			1432	1053
			1432	1052
			1432	1051
			1431	1050
			1431	1049
			1430	1048
			1430	1047
			1430	1046
			1429	1046
			1429	1045
			1428	1044
			1428	1043
			1428	1042
			1427	1041
			1427	1040
			1426	1039
			1426	1038
			1426	1037
			1425	1036
			1425	1035
			1425	1034
			1424	1033
			1424	1032
			1423	1031
			1423	1030
			1423	1029
			1422	1029
			1422	1028
			1422	1027
			1421	1026
			1421	1025
			1420	1024
			1420	1023
			1420	1022
			1419	1021
			1419	1020
			1419	1019
			1418	1018
			1418	1017
			1418	1016
			1417	1015
			1417	1014
			1417	1013
			1416	1012
			1416	1011
			1416	1010
			1415	1009
			1415	1008
			1415	1007
			1414	1006
			1414	1005
			1414	1004
			1413	1003
			1413	1002
			1413	1001
			1412	1000
			1412	999
			1412	998
			1411	997
			1411	996
			1411	995
			1410	994
			1410	993
			1410	992
			1409	991
			1409	990
			1409	989
			1409	988
			1408	987
			1408	986
			1408	985
			1407	984
			1407	983
			1407	982
			1406	981
			1406	980
			1406	979
			1406	978
			1405	977
			1405	976
			1405	975
			1404	974
			1404	973
			1404	972
			1404	971
			1403	970
			1403	969
			1403	968
			1402	967
			1402	966
			1402	965
			1402	964
			1401	963
			1401	962
			1401	961
			1401	960
			1400	959
			1400	958
			1400	957
			1400	956
			1400	955
			1399	955
			1399	954
			1399	953
			1399	952
			1398	951
			1398	950
			1398	949
			1398	948
			1398	947
			1397	947
			1397	946
			1397	945
			1397	944
			1397	943
			1396	942
			1396	941
			1396	940
			1396	939
			1395	938
			1395	937
			1395	936
			1395	935
			1395	934
			1394	933
			1394	932
			1394	931
			1394	930
			1394	929
			1393	928
			1393	927
			1393	926
			1393	925
			1393	924
			1392	923
			1392	922
			1392	921
			1392	920
			1392	919
			1391	918
			1391	917
			1391	916
			1391	915
			1391	914
			1390	913
			1390	912
			1390	911
			1390	910
			1390	909
			1390	908
			1390	907
			1389	906
			1389	905
			1389	904
			1389	903
			1389	902
			1388	901
			1388	900
			1388	899
			1388	898
			1388	897
			1388	896
			1388	895
			1388	894
			1387	894
			1387	893
			1387	892
			1387	891
			1387	890
			1387	889
			1387	888
			1386	887
			1386	886
			1386	885
			1386	884
			1386	883
			1386	882
			1386	881
			1386	880
			1386	879
			1385	878
			1385	877
			1385	876
			1385	875
			1385	874
			1385	873
			1385	872
			1385	871
			1385	870
			1384	869
			1384	868
			1384	867
			1384	866
			1384	865
			1384	864
			1384	863
			1384	862
			1384	861
			1384	860
			1384	859
			1383	858
			1383	857
			1383	856
			1383	855
			1383	854
			1383	853
			1383	852
			1383	851
			1383	850
			1383	849
			1383	848
			1383	847
			1383	846
			1383	845
			1383	844
			1383	843
			1382	842
			1382	841
			1382	840
			1382	839
			1382	838
			1382	837
			1382	836
			1382	835
			1382	834
			1382	833
			1382	832
			1382	831
			1382	830
			1382	829
			1382	828
			1382	827
			1382	826
			1382	825
			1382	824
			1382	823
			1382	822
			1382	821
			1382	820
			1382	819
			1382	818
			1382	817
			1382	816
			1382	815
			1382	814
			1382	813
			1382	812
			1382	811
			1382	810
			1382	809
			1382	808
			1382	807
			1382	806
			1382	805
			1382	804
			1382	803
			1382	802
			1382	801
			1382	800
			1382	799
			1382	798
			1383	797
			1383	796
			1383	795
			1383	794
			1383	793
			1383	792
			1383	791
			1383	790
			1383	789
			1383	788
			1383	787
			1383	786
			1383	785
			1383	784
			1383	783
			1384	782
			1384	781
			1384	780
			1384	779
			1384	778
			1384	777
			1384	776
			1384	775
			1384	774
			1384	773
			1384	772
			1385	771
			1385	770
			1385	769
			1385	768
			1385	767
			1385	766
			1385	765
			1385	764
			1385	763
			1386	762
			1386	761
			1386	760
			1386	759
			1386	758
			1386	757
			1386	756
			1387	755
			1387	754
			1387	753
			1387	752
			1387	751
			1387	750
			1387	749
			1388	749
			1388	748
			1388	747
			1388	746
			1388	745
			1388	744
			1389	743
			1389	742
			1389	741
			1389	740
			1389	739
			1389	738
			1390	737
			1390	736
			1390	735
			1390	734
			1390	733
			1391	732
			1391	731
			1391	730
			1391	729
			1391	728
			1392	727
			1392	726
			1392	725
			1392	724
			1392	723
			1393	722
			1393	721
			1393	720
			1393	719
			1394	718
			1394	717
			1394	716
			1394	715
			1395	714
			1395	713
			1395	712
			1396	711
			1396	710
			1396	709
			1396	708
			1396	707
			1397	706
			1397	705
			1397	704
			1398	703
			1398	702
			1398	701
			1398	700
			1399	699
			1399	698
			1399	697
			1400	696
			1400	695
			1400	694
			1401	693
			1401	692
			1401	691
			1401	690
			1402	689
			1402	688
			1402	687
			1403	686
			1403	685
			1403	684
			1404	683
			1404	682
			1404	681
			1405	680
			1405	679
			1405	678
			1406	677
			1406	676
			1406	675
			1407	674
			1407	673
			1407	672
			1408	671
			1408	670
			1409	669
			1409	668
			1410	667
			1410	666
			1410	665
			1410	664
			1411	664
			1411	663
			1411	662
			1412	662
			1412	661
			1412	660
			1413	659
			1413	658
			1414	657
			1414	656
			1414	655
			1415	654
			1415	653
			1416	652
			1416	651
			1416	650
			1417	649
			1417	648
			1418	647
			1418	646
			1419	645
			1419	644
			1420	643
			1420	642
			1420	641
			1421	640
			1421	639
			1422	638
			1422	637
			1423	636
			1423	635
			1424	634
			1424	633
			1425	632
			1425	631
			1426	630
			1426	629
			1427	628
			1428	627
			1428	626
			1428	625
			1429	624
			1429	623
			1430	622
			1430	621
			1431	620
			1431	619
			1432	618
			1433	617
			1433	616
			1434	615
			1434	614
			1435	613
			1435	612
			1436	611
			1437	610
			1437	609
			1438	608
			1438	607
			1439	606
			1439	605
			1440	604
			1440	603
			1441	602
			1442	601
			1442	600
			1443	599
			1443	598
			1444	597
			1445	596
			1445	595
			1446	594
			1446	593
			1447	592
			1448	591
			1448	590
			1449	589
			1450	588
			1451	587
			1451	586
			1452	585
			1452	584
			1453	583
			1454	582
			1455	581
			1455	580
			1456	579
			1457	578
			1457	577
			1458	576
			1459	575
			1459	574
			1460	573
			1461	572
			1462	571
			1462	570
			1463	569
			1464	568
			1464	567
			1465	566
			1466	565
			1466	564
			1467	563
			1468	562
			1469	561
			1469	560
			1470	559
			1471	558
			1472	557
			1472	556
			1473	555
			1474	554
			1475	553
			1476	552
			1477	551
			1477	550
			1478	550
			1478	549
			1479	548
			1479	547
			1480	547
			1481	546
			1481	545
			1482	545
			1482	544
			1483	543
			1484	542
			1485	541
			1486	540
			1486	539
			1487	538
			1488	537
			1489	537
			1489	536
			1490	535
			1491	534
			1491	533
			1492	533
			1493	532
			1493	531
			1494	530
			1495	529
			1496	528
			1497	527
			1498	526
			1499	525
			1500	524
			1501	523
			1501	522
			1502	521
			1503	520
			1504	519
			1505	518
			1506	517
			1507	516
			1508	515
			1509	514
			1510	513
			1511	513
			1511	512
			1512	511
			1513	510
			1514	509
			1515	508
			1516	507
			1517	506
			1518	505
			1519	504
			1520	504
			1521	503
			1522	502
			1523	501
			1524	501
			1525	500
			1526	499
			1527	499
			1528	498
			1529	497
			1530	497
			1531	496
			1532	495
			1533	495
			1534	494
			1534	493
			1535	493
			1536	492
			1537	491
			1538	491
			1539	490
			1540	489
			1541	489
			1542	488
			1543	487
			1544	487
			1545	486
			1546	486
			1547	485
			1548	484
			1549	484
			1549	483
			1550	482
			1551	482
			1552	481
			1553	480
			1554	480
			1555	479
			1556	479
			1557	478
			1558	477
			1559	477
			1560	476
			1561	476
			1562	475
			1563	474
			1564	474
			1565	473
			1565	472
			1566	472
			1567	471
			1568	471
			1569	470
			1570	470
			1571	469
			1572	468
			1573	468
			1574	467
			1575	467
			1576	466
			1577	465
			1578	465
			1579	464
			1580	464
			1581	463
			1582	462
			1583	462
			1584	461
			1585	460
			1586	460
			1587	459
			1588	459
			1589	458
			1590	458
			1591	457
			1592	456
			1593	456
			1594	455
			1595	455
			1596	454
			1597	453
			1598	453
			1599	452
			1600	452
			1601	451
			1602	451
			1603	450
			1604	450
			1605	449
			1606	449
			1607	448
			1608	447
			1609	447
			1610	446
			1611	446
			1612	445
			1613	445
			1614	444
			1615	444
			1616	443
			1617	443
			1618	442
			1619	442
			1620	441
			1621	441
			1622	440
			1623	440
			1623	439
			1624	439
			1625	438
			1626	438
			1627	437
			1628	437
			1629	436
			1630	436
			1631	435
			1632	435
			1633	434
			1634	434
			1635	433
			1636	433
			1637	432
			1638	432
			1639	431
			1640	431
			1641	430
			1642	430
			1643	430
			1644	429
			1645	429
			1646	428
			1647	428
			1648	427
			1649	427
			1650	426
			1651	426
			1652	426
			1653	425
			1654	425
			1655	424
			1656	424
			1657	423
			1658	423
			1659	422
			1660	422
			1661	422
			1662	421
			1663	421
			1664	420
			1665	420
			1666	420
			1667	419
			1668	419
			1669	418
			1670	418
			1671	417
			1672	417
			1673	417
			1674	416
			1675	416
			1676	416
			1677	415
			1678	415
			1679	414
			1680	414
			1681	414
			1682	413
			1683	413
			1684	412
			1685	412
			1686	411
			1687	411
			1688	411
			1689	410
			1690	410
			1691	410
			1692	409
			1693	409
			1694	409
			1695	408
			1696	408
			1697	407
			1698	407
			1699	407
			1700	406
			1701	406
			1702	406
			1703	405
			1704	405
			1705	405
			1706	404
			1707	404
			1708	404
			1709	403
			1710	403
			1711	403
			1712	402
			1713	402
			1714	402
			1715	402
			1716	401
			1717	401
			1718	401
			1719	400
			1720	400
			1721	400
			1722	399
			1723	399
			1724	399
			1725	398
			1726	398
			1727	398
			1728	398
			1729	397
			1730	397
			1731	397
			1732	396
			1733	396
			1734	396
			1735	396
			1736	395
			1737	395
			1738	395
			1739	395
			1740	394
			1741	394
			1742	394
			1743	394
			1744	393
			1745	393
			1746	393
			1747	393
			1748	392
			1749	392
			1750	392
			1751	392
			1752	391
			1753	391
			1754	391
			1755	391
			1756	390
			1757	390
			1758	390
			1759	390
			1760	390
			1761	389
			1762	389
			1763	389
			1764	389
			1765	388
			1766	388
			1767	388
			1768	388
			1769	388
			1770	387
			1771	387
			1772	387
			1773	387
			1774	387
			1775	386
			1776	386
			1777	386
			1778	386
			1779	386
			1780	386
			1781	385
			1782	385
			1783	385
			1784	385
			1785	385
			1786	384
			1787	384
			1788	384
			1789	384
			1790	384
			1791	384
			1792	384
			1793	383
			1794	383
			1795	383
			1796	383
			1797	383
			1798	383
			1799	383
			1800	382
			1801	382
			1802	382
			1803	382
			1804	382
			1805	382
			1806	382
			1807	382
			1808	381
			1809	381
			1810	381
			1811	381
			1812	381
			1813	381
			1814	381
			1815	381
			1816	381
			1817	380
			1818	380
			1819	380
			1820	380
			1821	380
			1822	380
			1823	380
			1824	380
			1825	380
			1826	380
			1827	380
			1828	379
			1829	379
			1830	379
			1831	379
			1832	379
			1833	379
			1834	379
			1835	379
			1836	379
			1837	379
			1838	379
			1839	379
			1840	379
			1841	379
			1842	379
			1843	378
			1844	378
			1845	378
			1846	378
			1847	378
			1848	378
			1849	378
			1850	378
			1851	378
			1852	378
			1853	378
			1854	378
			1855	378
			1856	378
			1857	378
			1858	378
			1859	378
			1860	378
			1861	378
			1862	378
			1863	378
			1864	378
			1865	378
			1866	378
			1867	378
			1868	378
			1869	378
			1870	378
			1871	378
			1872	378
			1873	378
			1874	378
			1875	378
			1876	378
			1877	378
			1878	378
			1879	378
			1880	378
			1881	378
			1882	378
			1883	378
			1884	378
			1885	378
			1886	378
			1887	378
			1888	378
			1889	378
			1890	379
			1891	379
			1892	379
			1893	379
			1894	379
			1895	379
			1896	379
			1897	379
			1898	379
			1899	379
			1900	379
			1901	379
			1902	379
			1903	379
			1904	379
			1905	379
			1906	380
			1907	380
			1908	380
			1909	380
			1910	380
			1911	380
			1912	380
			1913	380
			1914	380
			1915	380
			1916	380
			1917	381
			1918	381
			1919	381
			1920	381
			1921	381
			1922	381
			1923	381
			1924	381
			1925	381
			1926	382
			1927	382
			1928	382
			1929	382
			1930	382
			1931	382
			1932	382
			1933	382
			1934	382
			1934	383
			1935	383
			1936	383
			1937	383
			1938	383
			1939	383
			1940	383
			1941	384
			1942	384
			1943	384
			1944	384
			1945	384
			1946	384
			1947	385
			1948	385
			1949	385
			1950	385
			1951	385
			1952	385
			1953	386
			1954	386
			1955	386
			1956	386
			1957	386
			1958	386
			1959	387
			1960	387
			1961	387
			1962	387
			1963	387
			1964	388
			1965	388
			1966	388
			1967	388
			1968	388
			1969	389
			1970	389
			1971	389
			1972	389
			1973	389
			1974	390
			1975	390
			1976	390
			1977	390
			1978	390
			1979	391
			1980	391
			1981	391
			1982	391
			1983	392
			1984	392
			1985	392
			1986	392
			1987	393
			1988	393
			1989	393
			1990	393
			1991	393
			1992	394
			1993	394
			1994	394
			1995	395
			1996	395
			1997	395
			1998	395
			1999	396
			2000	396
			2001	396
			2002	396
			2003	397
			2004	397
			2005	397
			2006	397
			2007	398
			2008	398
			2009	398
			2010	399
			2011	399
			2012	399
			2013	399
			2014	400
			2015	400
			2016	400
			2017	401
			2018	401
			2019	401
			2020	401
			2021	402
			2022	402
			2023	402
			2024	403
			2025	403
			2026	403
			2027	404
			2028	404
			2029	404
			2030	405
			2031	405
			2032	405
			2033	406
			2034	406
			2035	406
			2036	407
			2037	407
			2038	407
			2039	408
			2040	408
			2041	408
			2042	409
			2043	409
			2044	409
			2045	410
			2046	410
			2047	410
			2048	410
			2049	411
			2050	411
			2051	411
			2052	412
			2053	412
			2054	412
			2055	413
			2056	413
			2057	413
			2058	414
			2059	414
			2060	415
			2061	415
			2062	415
			2063	416
			2064	416
			2065	416
			2066	417
			2067	417
			2068	417
			2069	418
			2070	418
			2071	418
			2071	419
			2072	419
			2073	420
			2074	420
			2075	420
			2076	421
			2077	421
			2078	421
			2079	422
			2080	422
			2081	423
			2082	423
			2083	423
			2084	424
			2085	424
			2086	425
			2087	425
			2088	425
			2089	426
			2090	427
			2091	427
			2092	427
			2093	428
			2094	428
			2095	429
			2096	429
			2097	430
			2098	430
			2099	430
			2099	431
			2100	431
			2101	431
			2102	432
			2103	432
			2103	433
			2104	433
			2105	433
			2106	434
			2107	434
			2108	435
			2109	435
			2110	436
			2111	436
			2112	437
			2113	437
			2114	438
			2115	438
			2116	439
			2117	439
			2118	440
			2119	440
			2120	441
			2121	441
			2121	442
			2122	442
			2123	442
			2123	443
			2124	443
			2125	443
			2125	444
			2126	444
			2127	444
			2127	445
			2128	445
			2129	445
			2129	446
			2130	446
			2131	447
			2132	447
			2133	448
			2134	448
			2135	449
			2136	449
			2137	450
			2138	451
			2139	451
			2140	452
			2141	452
			2142	453
			2143	453
			2144	454
			2145	455
			2146	455
			2146	456
			2147	456
			2148	457
			2149	457
			2150	458
			2151	459
			2152	459
			2153	460
			2154	460
			2155	461
			2156	461
			2157	462
			2158	463
			2159	464
			2160	465
			2161	465
			2162	465
			2162	466
			2163	466
			2164	467
			2165	468
			2166	468
			2167	469
			2168	470
			2169	470
			2169	471
			2170	471
			2171	472
			2172	472
			2173	473
			2174	474
			2175	474
			2176	475
			2177	476
			2178	476
			2179	477
			2180	478
			2181	478
			2181	479
			2182	480
			2183	480
			2184	481
			2185	482
			2186	482
			2187	483
			2188	484
			2189	485
			2190	485
			2191	486
			2191	487
			2192	487
			2193	488
			2194	489
			2195	489
			2196	490
			2197	491
			2198	492
			2199	492
			2199	493
			2200	494
			2201	494
			2202	495
			2203	496
			2204	497
			2205	497
			2206	498
			2206	499
			2207	500
			2208	500
			2209	501
			2210	502
			2211	503
			2212	503
			2213	504
			2213	505
			2214	506
			2215	506
			2216	507
			2217	508
			2218	509
			2219	509
			2219	510
			2220	511
			2221	512
			2222	512
			2223	513
			2224	514
			2225	515
			2225	516
			2226	516
			2227	517
			2228	518
			2229	519
			2230	520
			2231	521
			2232	522
			2233	523
			2234	524
			2235	525
			2236	526
			2237	527
			2238	528
			2239	529
			2240	530
			2241	531
			2242	532
			2243	533
			2244	534
			2245	535
			2246	536
			2247	537
			2248	538
			2249	539
			2250	540
			2251	541
			2252	542
			2253	543
			2254	544
			2255	545
			2256	546
			2257	547
			2258	548
			2258	549
			2259	550
			2260	551
			2261	552
			2262	553
			2263	554
			2263	555
			2264	556
			2265	557
			2266	558
			2267	559
			2268	560
			2269	561
			2269	562
			2270	563
			2271	564
			2272	565
			2272	566
			2273	567
			2274	568
			2275	569
			2276	570
			2276	571
			2277	572
			2278	573
			2279	574
			2280	574
			2280	575
			2281	576
			2282	577
			2283	578
			2283	579
			2284	580
			2285	581
			2286	582
			2286	583
			2287	584
			2288	585
			2289	586
			2290	587
			2290	588
			2291	589
			2292	590
			2292	591
			2293	592
			2294	593
			2294	594
			2295	595
			2296	596
			2296	597
			2297	598
			2298	598
			2298	599
			2299	600
			2299	601
			2300	601
			2300	602
			2301	603
			2301	604
			2302	604
			2302	605
			2303	606
			2303	607
			2304	607
			2304	608
			2305	609
			2305	610
			2306	611
			2307	612
			2308	613
			2308	614
			2309	615
			2310	616
			2310	617
			2311	618
			2311	619
			2312	620
			2313	620
			2313	621
			2314	622
			2314	623
			2315	624
			2316	625
			2316	626
			2317	627
			2317	628
			2318	629
			2319	630
			2319	631
			2320	632
			2320	633
			2321	634
			2322	635
			2322	636
			2323	637
			2323	638
			2324	639
			2325	640
			2325	641
			2326	642
			2326	643
			2327	644
			2328	645
			2328	646
			2329	647
			2329	648
			2330	649
			2331	650
			2331	651
			2332	652
			2332	653
			2333	654
			2333	655
			2334	656
			2335	657
			2335	658
			2336	659
			2336	660
			2337	661
			2337	662
			2338	663
			2339	664
			2339	665
			2340	666
			2340	667
			2341	668
			2341	669
			2342	670
			2342	671
			2343	672
			2344	673
			2344	674
			2345	675
			2345	676
			2346	677
			2346	678
			2347	679
			2347	680
			2348	681
			2349	682
			2349	683
			2349	684
			2350	684
			2350	685
			2350	686
			2351	687
			2351	688
			2352	689
			2352	690
			2353	691
			2353	692
			2354	693
			2354	694
			2355	695
			2355	696
			2356	697
			2356	698
			2357	699
			2357	700
			2358	701
			2358	702
			2359	703
			2359	704
			2360	705
			2360	706
			2361	707
			2361	708
			2362	709
			2362	710
			2363	711
			2363	712
			2363	713
			2363	714
			2363	715
			2364	716
			2364	717
			2364	718
			2364	719
			2364	720
			2364	721
			2364	722
			2364	723
			2365	723
			2365	724
			2365	725
			2365	726
			2365	727
			2365	728
			2365	729
			2365	730
			2365	731
			2366	732
			2366	733
			2366	734
			2366	735
			2366	736
			2366	737
			2366	738
			2366	739
			2366	740
			2367	741
			2367	742
			2367	743
			2367	744
			2367	745
			2367	746
			2367	747
			2367	748
			2367	749
			2367	750
			2368	751
			2368	752
			2368	753
			2368	754
			2368	755
			2368	756
			2368	757
			2368	758
			2368	759
			2368	760
			2368	761
			2369	762
			2369	763
			2369	764
			2369	765
			2369	766
			2369	767
			2369	768
			2369	769
			2369	770
			2369	771
			2369	772
			2369	773
			2369	774
			2370	775
			2370	776
			2370	777
			2370	778
			2370	779
			2370	780
			2370	781
			2370	782
			2370	783
			2370	784
			2370	785
			2370	786
			2370	787
			2370	788
			2370	789
			2370	790
			2370	791
			2370	792
			2371	793
			2371	794
			2371	795
			2371	796
			2371	797
			2371	798
			2371	799
			2371	800
			2371	801
			2371	802
			2371	803
			2371	804
			2371	805
			2371	806
			2371	807
			2371	808
			2371	809
			2371	810
			2371	811
			2371	812
			2371	813
			2371	814
			2371	815
			2371	816
			2371	817
			2371	818
			2371	819
			2371	820
			2371	821
			2371	822
			2371	823
			2371	824
			2371	825
			2371	826
			2371	827
			2371	828
			2371	829
			2371	830
			2371	831
			2371	832
			2371	833
			2371	834
			2371	835
			2371	836
			2371	837
			2371	838
			2371	839
			2371	840
			2371	841
			2371	842
			2371	843
			2371	844
			2371	845
			2371	846
			2371	847
			2371	848
			2371	849
			2371	850
			2371	851
			2371	852
			2371	853
			2371	854
			2371	855
			2371	856
			2370	857
			2370	858
			2370	859
			2370	860
			2370	861
			2370	862
			2370	863
			2370	864
			2370	865
			2370	866
			2370	867
			2370	868
			2370	869
			2370	870
			2370	871
			2370	872
			2370	873
			2369	874
			2369	875
			2369	876
			2369	877
			2369	878
			2369	879
			2369	880
			2369	881
			2369	882
			2369	883
			2369	884
			2369	885
			2368	886
			2368	887
			2368	888
			2368	889
			2368	890
			2368	891
			2368	892
			2368	893
			2368	894
			2368	895
			2367	896
			2367	897
			2367	898
			2367	899
			2367	900
			2367	901
			2367	902
			2367	903
			2367	904
			2366	905
			2366	906
			2366	907
			2366	908
			2366	909
			2366	910
			2366	911
			2365	912
			2365	913
			2365	914
			2365	915
			2365	916
			2365	917
			2365	918
			2364	919
			2364	920
			2364	921
			2364	922
			2364	923
			2364	924
			2364	925
			2363	926
			2363	927
			2363	928
			2363	929
			2363	930
			2363	931
			2362	932
			2362	933
			2362	934
			2362	935
			2362	936
			2362	937
			2361	938
			2361	939
			2361	940
			2361	941
			2361	942
			2360	943
			2360	944
			2360	945
			2360	946
			2360	947
			2359	948
			2359	949
			2359	950
			2359	951
			2359	952
			2358	953
			2358	954
			2358	955
			2358	956
			2358	957
			2357	958
			2357	959
			2357	960
			2357	961
			2356	962
			2356	963
			2356	964
			2356	965
			2355	966
			2355	967
			2355	968
			2355	969
			2354	970
			2354	971
			2354	972
			2354	973
			2353	974
			2353	975
			2353	976
			2353	977
			2352	978
			2352	979
			2352	980
			2352	981
			2351	982
			2351	983
			2351	984
			2350	985
			2350	986
			2350	987
			2350	988
			2349	989
			2349	990
			2349	991
			2348	992
			2348	993
			2348	994
			2348	995
			2347	996
			2347	997
			2347	998
			2346	999
			2346	1000
			2346	1001
			2345	1002
			2345	1003
			2345	1004
			2344	1005
			2344	1006
			2344	1007
			2344	1008
			2343	1009
			2343	1010
			2343	1011
			2342	1012
			2342	1013
			2342	1014
			2341	1015
			2341	1016
			2341	1017
			2340	1018
			2340	1019
			2339	1020
			2339	1021
			2339	1022
			2338	1023
			2338	1024
			2337	1025
			2337	1026
			2337	1027
			2337	1028
			2336	1029
			2336	1030
			2335	1031
			2335	1032
			2334	1033
			2334	1034
			2334	1035
			2333	1036
			2333	1037
			2333	1038
			2332	1039
			2332	1040
			2331	1041
			2331	1042
			2331	1043
			2330	1044
			2330	1045
			2329	1046
			2329	1047
			2328	1048
			2328	1049
			2328	1050
			2327	1050
			2327	1051
			2326	1052
			2326	1053
			2326	1054
			2325	1055
			2325	1056
			2324	1057
			2324	1058
			2323	1059
			2323	1060
			2323	1061
			2322	1062
			2322	1063
			2321	1064
			2321	1065
			2320	1066
			2320	1067
			2319	1067
			2319	1068
			2318	1069
			2318	1070
			2318	1071
			2317	1072
			2317	1073
			2316	1074
			2316	1075
			2315	1076
			2315	1077
			2314	1078
			2314	1079
			2313	1080
			2312	1081
			2312	1082
			2311	1083
			2311	1084
			2310	1085
			2310	1086
			2309	1087
			2309	1088
			2308	1089
			2308	1090
			2307	1090
			2307	1091
			2307	1092
			2306	1093
			2305	1094
			2305	1095
			2304	1096
			2304	1097
			2303	1098
			2303	1099
			2302	1100
			2301	1101
			2301	1102
			2300	1103
			2300	1104
			2299	1104
			2299	1105
			2298	1106
			2298	1107
			2297	1108
			2296	1109
			2296	1110
			2295	1111
			2295	1112
			2294	1113
			2294	1114
			2293	1115
			2292	1115
			2292	1116
			2291	1117
			2291	1118
			2290	1119
			2290	1120
			2289	1121
			2288	1122
			2288	1123
			2287	1124
			2286	1125
			2285	1126
			2284	1127
			2284	1128
			2284	1129
			2283	1129
			2283	1130
			2282	1131
			2281	1132
			2280	1133
			2280	1134
			2279	1135
			2278	1136
			2278	1137
			2277	1137
			2277	1138
			2276	1139
			2276	1140
			2275	1141
			2274	1142
			2273	1143
			2273	1144
			2272	1145
			2271	1146
			2271	1147
			2270	1147
			2269	1148
			2269	1149
			2268	1150
			2267	1151
			2267	1152
			2266	1153
			2265	1154
			2264	1155
			2263	1156
			2262	1157
			2261	1158
			2261	1159
			2260	1160
			2259	1161
			2259	1162
			2258	1162
			2258	1163
			2257	1164
			2256	1165
			2255	1166
			2254	1167
			2253	1168
			2253	1169
			2252	1170
			2251	1170
			2251	1171
			2250	1172
			2249	1173
			2248	1174
			2247	1175
			2247	1176
			2246	1177
			2245	1178
			2244	1178
			2243	1179
			2243	1180
			2242	1181
			2241	1182
			2240	1183
		</Eye>
	</curves.pixel>
	<ruler.points type=matrix rownames=TRUE colnames=FALSE nrow=2 ncol=2 as.numeric=TRUE >
		Ruler point 1	2	1894
		Ruler point 2	104	1894
	</ruler.points>
</shapes>

