<shapes type=list>
	<scaling type=logical names=FALSE length=1 as.numeric=FALSE >NA</scaling>
	<landmarks.pixel type=matrix rownames=TRUE colnames=FALSE nrow=11 ncol=2 as.numeric=TRUE >
		LM1Forehead	1731	264
		LM2UJFront	2178	1268
		LM3UJBack	1650	1367
		LM4LacOrb	1666	923
		LM5QJoint	1619	1419
		LM6IOPL	1607	1530
		LM7IOPSOP	635	1513
		LM8A2A1	978	1090
		LM9A1A3	939	746
		LM10TopMuscR	833	572
		LM11TopMuscL	450	449
	</landmarks.pixel>
	<curves.control type=list>
		<Profile type=matrix rownames=FALSE colnames=FALSE nrow=7 ncol=2 as.numeric=TRUE >
			1731	264
			1974	472
			2148	680
			2334	923
			2373	1183
			2248	1422
			2178	1268
		</Profile>
		<Eye type=matrix rownames=FALSE colnames=FALSE nrow=13 ncol=2 as.numeric=TRUE >
			1666	923
			1458	1049
			1263	958
			1072	849
			1067	663
			1093	416
			1271	325
			1519	243
			1710	425
			1853	520
			1835	728
			1775	875
			1666	923
		</Eye>
	</curves.control>
	<curves.pixel type=list>
		<Profile type=matrix rownames=FALSE colnames=FALSE nrow=1253 ncol=2 as.numeric=TRUE >
			1731	264
			1732	265
			1733	266
			1734	267
			1735	267
			1736	268
			1737	269
			1738	270
			1739	271
			1740	272
			1741	273
			1742	274
			1743	274
			1744	275
			1745	276
			1746	277
			1747	278
			1748	279
			1749	280
			1750	280
			1751	281
			1752	282
			1753	283
			1754	284
			1755	285
			1756	286
			1757	287
			1758	287
			1759	288
			1760	289
			1761	290
			1762	291
			1763	292
			1764	293
			1765	293
			1766	294
			1767	295
			1768	296
			1769	297
			1770	298
			1771	299
			1772	299
			1773	300
			1774	301
			1775	302
			1776	303
			1777	304
			1778	305
			1779	306
			1780	306
			1781	307
			1782	308
			1783	309
			1784	310
			1785	311
			1786	312
			1787	312
			1788	313
			1789	314
			1790	315
			1791	316
			1792	317
			1793	318
			1794	319
			1795	320
			1796	321
			1797	322
			1798	322
			1798	323
			1799	323
			1800	324
			1800	325
			1801	325
			1802	326
			1803	327
			1804	328
			1805	329
			1806	329
			1806	330
			1807	331
			1808	332
			1809	332
			1810	333
			1811	334
			1811	335
			1812	335
			1813	336
			1814	337
			1815	338
			1816	338
			1816	339
			1817	340
			1818	341
			1819	341
			1820	342
			1821	343
			1821	344
			1822	344
			1823	345
			1824	346
			1825	347
			1826	347
			1826	348
			1827	349
			1828	350
			1829	350
			1830	351
			1830	352
			1831	353
			1832	353
			1833	354
			1834	355
			1835	356
			1836	357
			1837	358
			1838	359
			1839	360
			1840	361
			1841	362
			1842	362
			1843	363
			1844	364
			1845	365
			1846	366
			1847	367
			1848	368
			1849	369
			1850	370
			1851	370
			1852	371
			1853	372
			1854	373
			1855	374
			1856	375
			1857	376
			1858	377
			1859	378
			1860	379
			1861	379
			1862	380
			1863	381
			1863	382
			1864	383
			1865	384
			1866	385
			1867	386
			1868	387
			1869	388
			1870	388
			1871	389
			1872	390
			1873	391
			1874	392
			1875	393
			1876	394
			1877	395
			1878	396
			1879	397
			1880	397
			1881	398
			1882	399
			1883	400
			1884	401
			1885	402
			1885	403
			1886	404
			1887	405
			1888	405
			1889	406
			1890	407
			1891	408
			1892	409
			1893	410
			1894	411
			1895	412
			1896	413
			1897	414
			1898	414
			1899	415
			1900	416
			1901	417
			1902	418
			1902	419
			1903	420
			1904	421
			1905	422
			1906	423
			1907	423
			1908	424
			1909	425
			1910	426
			1911	427
			1912	428
			1913	429
			1914	430
			1915	431
			1916	432
			1917	433
			1918	434
			1919	435
			1920	436
			1921	437
			1922	438
			1923	439
			1924	440
			1925	441
			1926	441
			1926	442
			1927	443
			1928	444
			1929	444
			1930	445
			1930	446
			1931	447
			1932	448
			1933	448
			1934	449
			1934	450
			1935	451
			1936	451
			1937	452
			1938	453
			1938	454
			1939	455
			1940	455
			1941	456
			1941	457
			1942	458
			1943	458
			1944	459
			1945	460
			1945	461
			1946	462
			1947	462
			1948	463
			1949	464
			1949	465
			1950	465
			1951	466
			1952	467
			1952	468
			1953	469
			1954	469
			1955	470
			1956	471
			1956	472
			1957	472
			1958	473
			1959	474
			1959	475
			1960	475
			1961	476
			1962	477
			1963	478
			1963	479
			1964	479
			1965	480
			1966	481
			1966	482
			1967	482
			1968	483
			1969	484
			1970	485
			1970	486
			1971	486
			1972	487
			1973	488
			1973	489
			1974	489
			1975	490
			1976	491
			1976	492
			1977	493
			1978	493
			1979	494
			1979	495
			1980	496
			1981	496
			1982	497
			1983	498
			1983	499
			1984	500
			1985	500
			1986	501
			1986	502
			1987	503
			1988	503
			1989	504
			1989	505
			1990	506
			1991	506
			1992	507
			1992	508
			1993	509
			1994	510
			1995	510
			1995	511
			1996	512
			1997	513
			1998	513
			1998	514
			1999	515
			2000	516
			2001	517
			2002	518
			2003	519
			2004	520
			2005	521
			2006	522
			2007	523
			2008	524
			2008	525
			2009	526
			2010	527
			2011	527
			2012	528
			2013	529
			2014	530
			2015	531
			2016	532
			2016	533
			2017	534
			2018	535
			2019	536
			2020	537
			2021	538
			2022	539
			2023	540
			2024	540
			2024	541
			2025	542
			2026	543
			2027	544
			2028	545
			2029	546
			2030	547
			2031	548
			2031	549
			2032	550
			2033	551
			2034	552
			2035	553
			2036	553
			2037	554
			2038	555
			2038	556
			2039	557
			2040	558
			2041	559
			2042	560
			2043	561
			2044	562
			2044	563
			2045	564
			2046	565
			2047	566
			2048	567
			2049	567
			2050	568
			2051	569
			2051	570
			2052	571
			2053	572
			2054	573
			2055	574
			2056	575
			2057	576
			2057	577
			2058	578
			2059	579
			2060	580
			2061	580
			2062	581
			2062	582
			2063	583
			2064	584
			2065	585
			2066	586
			2067	587
			2068	588
			2068	589
			2069	590
			2070	591
			2071	592
			2072	593
			2073	593
			2073	594
			2074	595
			2075	596
			2076	597
			2077	598
			2078	599
			2079	600
			2079	601
			2080	602
			2081	603
			2082	604
			2083	605
			2084	606
			2084	607
			2085	607
			2086	608
			2087	609
			2088	610
			2089	611
			2089	612
			2090	613
			2091	614
			2092	615
			2093	616
			2093	617
			2094	618
			2095	619
			2096	620
			2097	620
			2098	621
			2098	622
			2099	623
			2100	624
			2101	625
			2102	626
			2103	627
			2103	628
			2104	629
			2105	630
			2106	631
			2107	632
			2107	633
			2108	634
			2109	634
			2110	635
			2111	636
			2111	637
			2112	638
			2113	639
			2114	640
			2115	641
			2116	642
			2116	643
			2117	644
			2118	645
			2119	646
			2120	647
			2121	648
			2122	649
			2122	650
			2123	650
			2123	651
			2124	652
			2125	652
			2125	653
			2126	654
			2127	655
			2128	656
			2129	657
			2129	658
			2130	659
			2131	660
			2132	661
			2133	662
			2134	663
			2135	664
			2135	665
			2136	666
			2137	667
			2138	668
			2139	669
			2140	670
			2140	671
			2141	672
			2142	673
			2143	674
			2144	675
			2144	676
			2145	677
			2146	678
			2147	679
			2148	680
			2148	681
			2149	682
			2150	683
			2151	684
			2152	685
			2153	686
			2154	687
			2154	688
			2155	689
			2156	690
			2157	691
			2157	692
			2158	693
			2159	694
			2159	695
			2160	696
			2161	697
			2162	698
			2162	699
			2163	700
			2164	701
			2165	702
			2165	703
			2166	704
			2167	705
			2167	706
			2168	707
			2169	708
			2170	709
			2170	710
			2171	711
			2172	712
			2172	713
			2173	714
			2174	715
			2174	716
			2175	717
			2176	718
			2177	719
			2177	720
			2178	721
			2179	722
			2179	723
			2180	724
			2181	725
			2181	726
			2182	727
			2183	727
			2184	728
			2184	729
			2185	730
			2186	731
			2186	732
			2187	733
			2188	734
			2188	735
			2189	736
			2190	737
			2190	738
			2191	739
			2192	740
			2192	741
			2193	742
			2194	743
			2194	744
			2195	745
			2196	746
			2196	747
			2197	748
			2198	749
			2198	750
			2199	751
			2200	752
			2200	753
			2201	754
			2202	755
			2202	756
			2203	757
			2204	758
			2204	759
			2205	760
			2206	761
			2206	762
			2207	763
			2207	764
			2208	765
			2209	766
			2209	767
			2210	768
			2211	769
			2211	770
			2212	771
			2213	772
			2213	773
			2214	774
			2214	775
			2215	776
			2216	777
			2216	778
			2217	779
			2218	780
			2218	781
			2219	782
			2220	783
			2220	784
			2221	785
			2221	786
			2222	787
			2223	788
			2223	789
			2224	790
			2224	791
			2225	791
			2226	792
			2226	793
			2227	794
			2227	795
			2228	796
			2229	797
			2229	798
			2230	799
			2231	800
			2231	801
			2232	802
			2232	803
			2233	804
			2233	805
			2234	806
			2235	807
			2235	808
			2236	809
			2236	810
			2237	811
			2238	812
			2238	813
			2239	814
			2239	815
			2240	816
			2241	817
			2241	818
			2242	819
			2242	820
			2243	821
			2243	822
			2244	823
			2245	824
			2245	825
			2246	826
			2246	827
			2247	828
			2247	829
			2248	830
			2249	831
			2249	832
			2250	833
			2250	834
			2251	835
			2251	836
			2252	837
			2252	838
			2253	839
			2254	840
			2254	841
			2255	842
			2255	843
			2256	844
			2256	845
			2257	846
			2257	847
			2258	848
			2259	849
			2259	850
			2260	851
			2260	852
			2261	853
			2261	854
			2262	855
			2262	856
			2263	857
			2263	858
			2264	859
			2264	860
			2265	861
			2265	862
			2266	863
			2267	864
			2267	865
			2268	866
			2268	867
			2269	868
			2269	869
			2270	870
			2270	871
			2271	872
			2271	873
			2272	874
			2272	875
			2273	876
			2273	877
			2274	878
			2274	879
			2275	880
			2275	881
			2276	882
			2276	883
			2277	884
			2277	885
			2278	886
			2278	887
			2279	888
			2279	889
			2280	890
			2280	891
			2281	892
			2281	893
			2282	894
			2282	895
			2283	896
			2283	897
			2284	898
			2284	899
			2285	900
			2285	901
			2286	902
			2286	903
			2287	904
			2287	905
			2288	906
			2288	907
			2288	908
			2289	909
			2289	910
			2290	911
			2290	912
			2291	913
			2291	914
			2292	915
			2292	916
			2293	917
			2293	918
			2294	919
			2294	920
			2295	921
			2295	922
			2295	923
			2296	924
			2296	925
			2297	926
			2297	927
			2298	928
			2298	929
			2299	930
			2299	931
			2300	932
			2300	933
			2300	934
			2301	935
			2301	936
			2302	937
			2302	938
			2303	939
			2303	940
			2303	941
			2304	942
			2304	943
			2305	944
			2305	945
			2306	946
			2306	947
			2306	948
			2307	949
			2307	950
			2307	951
			2308	951
			2308	952
			2308	953
			2309	954
			2309	955
			2310	956
			2310	957
			2310	958
			2311	959
			2311	960
			2312	961
			2312	962
			2313	963
			2313	964
			2313	965
			2314	966
			2314	967
			2314	968
			2315	969
			2315	970
			2316	971
			2316	972
			2316	973
			2317	974
			2317	975
			2318	976
			2318	977
			2318	978
			2319	979
			2319	980
			2320	981
			2320	982
			2320	983
			2321	984
			2321	985
			2322	986
			2322	987
			2322	988
			2323	989
			2323	990
			2323	991
			2324	992
			2324	993
			2325	994
			2325	995
			2325	996
			2326	997
			2326	998
			2326	999
			2327	1000
			2327	1001
			2327	1002
			2328	1003
			2328	1004
			2328	1005
			2329	1006
			2329	1007
			2329	1008
			2330	1008
			2330	1009
			2330	1010
			2331	1011
			2331	1012
			2331	1013
			2332	1014
			2332	1015
			2332	1016
			2333	1017
			2333	1018
			2333	1019
			2333	1020
			2334	1021
			2334	1022
			2334	1023
			2335	1024
			2335	1025
			2335	1026
			2336	1026
			2336	1027
			2336	1028
			2337	1029
			2337	1030
			2337	1031
			2338	1032
			2338	1033
			2338	1034
			2338	1035
			2339	1036
			2339	1037
			2339	1038
			2340	1039
			2340	1040
			2340	1041
			2341	1042
			2341	1043
			2341	1044
			2342	1045
			2342	1046
			2342	1047
			2343	1048
			2343	1049
			2343	1050
			2343	1051
			2344	1051
			2344	1052
			2344	1053
			2344	1054
			2345	1055
			2345	1056
			2345	1057
			2346	1058
			2346	1059
			2346	1060
			2346	1061
			2347	1062
			2347	1063
			2347	1064
			2348	1065
			2348	1066
			2348	1067
			2348	1068
			2349	1069
			2349	1070
			2349	1071
			2349	1072
			2350	1073
			2350	1074
			2350	1075
			2351	1076
			2351	1077
			2351	1078
			2351	1079
			2352	1080
			2352	1081
			2352	1082
			2352	1083
			2353	1084
			2353	1085
			2353	1086
			2353	1087
			2354	1088
			2354	1089
			2354	1090
			2354	1091
			2355	1092
			2355	1093
			2355	1094
			2355	1095
			2356	1096
			2356	1097
			2356	1098
			2356	1099
			2357	1100
			2357	1101
			2357	1102
			2357	1103
			2358	1104
			2358	1105
			2358	1106
			2358	1107
			2359	1108
			2359	1109
			2359	1110
			2359	1111
			2359	1112
			2360	1113
			2360	1114
			2360	1115
			2360	1116
			2361	1117
			2361	1118
			2361	1119
			2361	1120
			2361	1121
			2362	1122
			2362	1123
			2362	1124
			2362	1125
			2363	1126
			2363	1127
			2363	1128
			2363	1129
			2363	1130
			2364	1131
			2364	1132
			2364	1133
			2364	1134
			2364	1135
			2365	1136
			2365	1137
			2365	1138
			2365	1139
			2365	1140
			2366	1141
			2366	1142
			2366	1143
			2366	1144
			2366	1145
			2367	1146
			2367	1147
			2367	1148
			2367	1149
			2367	1150
			2368	1151
			2368	1152
			2368	1153
			2368	1154
			2368	1155
			2368	1156
			2369	1157
			2369	1158
			2369	1159
			2369	1160
			2369	1161
			2370	1162
			2370	1163
			2370	1164
			2370	1165
			2370	1166
			2370	1167
			2371	1168
			2371	1169
			2371	1170
			2371	1171
			2371	1172
			2371	1173
			2372	1174
			2372	1175
			2372	1176
			2372	1177
			2372	1178
			2372	1179
			2372	1180
			2373	1181
			2373	1182
			2373	1183
			2373	1184
			2372	1184
			2372	1185
			2371	1186
			2371	1187
			2370	1188
			2370	1189
			2369	1190
			2369	1191
			2368	1192
			2368	1193
			2367	1194
			2366	1195
			2366	1196
			2365	1197
			2365	1198
			2364	1199
			2364	1200
			2363	1201
			2363	1202
			2362	1203
			2361	1204
			2361	1205
			2361	1206
			2360	1207
			2359	1208
			2359	1209
			2358	1210
			2358	1211
			2357	1212
			2356	1213
			2356	1214
			2355	1215
			2355	1216
			2354	1217
			2354	1218
			2353	1219
			2352	1220
			2352	1221
			2351	1222
			2351	1223
			2350	1224
			2350	1225
			2349	1226
			2348	1227
			2348	1228
			2347	1229
			2347	1230
			2346	1231
			2346	1232
			2345	1233
			2344	1234
			2344	1235
			2343	1236
			2342	1237
			2341	1238
			2341	1239
			2341	1240
			2340	1240
			2340	1241
			2339	1242
			2339	1243
			2338	1244
			2337	1245
			2337	1246
			2336	1247
			2336	1248
			2335	1248
			2335	1249
			2334	1250
			2334	1251
			2333	1251
			2333	1252
			2332	1253
			2331	1254
			2331	1255
			2330	1256
			2329	1257
			2329	1258
			2328	1258
			2328	1259
			2327	1260
			2327	1261
			2326	1262
			2325	1263
			2324	1264
			2324	1265
			2323	1266
			2322	1267
			2322	1268
			2321	1269
			2320	1270
			2320	1271
			2319	1272
			2318	1272
			2318	1273
			2317	1274
			2316	1275
			2316	1276
			2315	1277
			2314	1278
			2313	1279
			2312	1280
			2311	1281
			2310	1282
			2310	1283
			2309	1284
			2308	1285
			2307	1286
			2307	1287
			2306	1288
			2305	1289
			2304	1290
			2303	1291
			2302	1292
			2301	1293
			2300	1294
			2299	1295
			2298	1296
			2297	1297
			2296	1298
			2295	1299
			2294	1300
			2294	1301
			2293	1302
			2292	1303
			2291	1303
			2290	1304
			2289	1305
			2288	1306
			2287	1307
			2286	1308
			2285	1308
			2285	1309
			2284	1310
			2283	1311
			2282	1311
			2281	1312
			2280	1313
			2279	1313
			2278	1314
			2277	1315
			2276	1316
			2275	1317
			2274	1317
			2273	1318
			2272	1319
			2271	1319
			2270	1320
			2269	1320
			2268	1321
			2267	1321
			2266	1322
			2265	1322
			2264	1323
			2263	1323
			2262	1324
			2261	1324
			2260	1325
			2259	1325
			2258	1325
			2257	1326
			2256	1326
			2255	1326
			2254	1326
			2254	1327
			2253	1327
			2252	1327
			2251	1327
			2250	1327
			2249	1328
			2248	1328
			2247	1328
			2246	1328
			2245	1328
			2244	1328
			2243	1328
			2242	1328
			2241	1328
			2240	1328
			2239	1328
			2238	1328
			2237	1328
			2236	1328
			2235	1328
			2234	1328
			2233	1328
			2232	1327
			2231	1327
			2230	1327
			2229	1327
			2228	1326
			2227	1326
			2226	1325
			2225	1325
			2224	1325
			2224	1324
			2223	1324
			2222	1324
			2222	1323
			2221	1323
			2220	1323
			2220	1322
			2219	1322
			2218	1322
			2218	1321
			2217	1321
			2216	1320
			2215	1320
			2214	1319
			2213	1318
			2212	1317
			2211	1316
			2210	1316
			2210	1315
			2209	1314
			2208	1314
			2207	1313
			2207	1312
			2206	1312
			2205	1311
			2204	1310
			2204	1309
			2203	1308
			2202	1308
			2201	1307
			2201	1306
			2200	1305
			2199	1304
			2198	1303
			2198	1302
			2197	1301
			2196	1300
			2196	1299
			2195	1298
			2194	1297
			2194	1296
			2193	1295
			2192	1294
			2191	1293
			2191	1292
			2190	1291
			2189	1290
			2189	1289
			2188	1288
			2188	1287
			2187	1287
			2187	1286
			2187	1285
			2186	1284
			2185	1283
			2185	1282
			2184	1281
			2184	1280
			2183	1279
			2183	1278
			2183	1277
			2182	1276
			2181	1275
			2181	1274
			2180	1273
			2180	1272
			2179	1271
			2179	1270
			2178	1269
			2178	1268
		</Profile>
		<Eye type=matrix rownames=FALSE colnames=FALSE nrow=2157 ncol=2 as.numeric=TRUE >
			1666	923
			1665	924
			1664	924
			1663	925
			1662	926
			1661	926
			1660	927
			1659	927
			1658	928
			1657	929
			1656	929
			1655	929
			1654	930
			1653	931
			1652	931
			1651	932
			1650	932
			1649	933
			1648	933
			1647	934
			1646	935
			1645	935
			1644	936
			1643	936
			1642	937
			1641	937
			1641	938
			1640	938
			1639	939
			1638	939
			1637	940
			1636	940
			1635	941
			1634	941
			1633	942
			1632	942
			1631	943
			1630	943
			1629	944
			1628	944
			1627	945
			1626	945
			1625	946
			1624	946
			1624	947
			1623	947
			1622	947
			1622	948
			1621	948
			1620	948
			1620	949
			1619	949
			1618	949
			1618	950
			1617	950
			1616	950
			1615	950
			1615	951
			1614	951
			1613	951
			1613	952
			1612	952
			1611	952
			1611	953
			1610	953
			1609	953
			1609	954
			1608	954
			1607	954
			1607	955
			1606	955
			1605	955
			1605	956
			1604	956
			1603	956
			1602	957
			1601	957
			1600	958
			1599	958
			1598	958
			1598	959
			1597	959
			1596	959
			1595	960
			1594	960
			1593	960
			1593	961
			1592	961
			1591	962
			1590	962
			1589	962
			1589	963
			1588	963
			1587	963
			1586	964
			1585	964
			1584	965
			1583	965
			1582	965
			1581	966
			1580	966
			1579	966
			1578	967
			1577	967
			1576	968
			1575	968
			1574	968
			1573	969
			1572	969
			1571	969
			1570	970
			1569	970
			1568	970
			1568	971
			1567	971
			1566	971
			1565	972
			1564	972
			1563	972
			1562	973
			1561	973
			1560	973
			1559	974
			1558	974
			1557	974
			1556	975
			1555	975
			1554	975
			1553	976
			1552	976
			1551	976
			1550	977
			1549	977
			1548	977
			1547	978
			1546	978
			1545	978
			1544	979
			1543	979
			1542	979
			1541	979
			1541	980
			1540	980
			1539	980
			1538	980
			1537	981
			1536	981
			1535	981
			1534	981
			1533	982
			1532	982
			1531	982
			1530	983
			1529	983
			1528	983
			1527	983
			1526	984
			1525	984
			1524	984
			1523	984
			1522	985
			1521	985
			1520	985
			1519	985
			1518	986
			1517	986
			1516	986
			1515	986
			1514	987
			1513	987
			1512	987
			1511	987
			1510	987
			1509	988
			1508	988
			1507	988
			1506	988
			1505	988
			1504	989
			1503	989
			1502	989
			1501	989
			1500	989
			1499	990
			1498	990
			1497	990
			1496	990
			1495	990
			1494	990
			1493	991
			1492	991
			1491	991
			1490	991
			1489	991
			1488	991
			1487	992
			1486	992
			1485	992
			1484	992
			1483	992
			1482	992
			1481	992
			1480	993
			1479	993
			1478	993
			1477	993
			1476	993
			1475	993
			1474	993
			1473	993
			1473	994
			1472	994
			1471	994
			1470	994
			1469	994
			1468	994
			1467	994
			1466	994
			1465	994
			1464	995
			1463	995
			1462	995
			1461	995
			1460	995
			1459	995
			1458	995
			1457	995
			1456	995
			1455	995
			1454	995
			1453	995
			1452	995
			1451	996
			1450	996
			1449	996
			1448	996
			1447	996
			1446	996
			1445	996
			1444	996
			1443	996
			1442	996
			1441	996
			1440	996
			1439	996
			1438	996
			1437	996
			1436	996
			1435	996
			1434	996
			1433	996
			1432	996
			1431	996
			1430	996
			1429	996
			1428	996
			1427	996
			1426	996
			1425	996
			1424	996
			1423	996
			1422	996
			1421	996
			1420	996
			1419	996
			1418	996
			1417	996
			1416	996
			1415	996
			1414	996
			1413	996
			1412	996
			1411	996
			1410	996
			1409	996
			1408	996
			1407	996
			1407	995
			1406	995
			1405	995
			1404	995
			1403	995
			1402	995
			1401	995
			1400	995
			1399	995
			1398	995
			1397	995
			1396	995
			1395	995
			1394	995
			1393	994
			1392	994
			1391	994
			1390	994
			1389	994
			1388	994
			1387	994
			1386	994
			1385	994
			1384	993
			1383	993
			1382	993
			1381	993
			1380	993
			1379	993
			1378	993
			1377	993
			1377	992
			1376	992
			1375	992
			1374	992
			1373	992
			1372	992
			1371	992
			1370	991
			1369	991
			1368	991
			1367	991
			1366	991
			1365	991
			1364	991
			1363	990
			1362	990
			1361	990
			1360	990
			1359	990
			1359	989
			1358	989
			1357	989
			1356	989
			1355	989
			1354	988
			1353	988
			1352	988
			1351	988
			1350	988
			1349	987
			1348	987
			1347	987
			1346	987
			1345	987
			1344	986
			1343	986
			1342	986
			1341	986
			1340	985
			1339	985
			1338	985
			1337	985
			1336	984
			1335	984
			1334	984
			1333	984
			1332	983
			1331	983
			1330	983
			1329	983
			1328	982
			1327	982
			1326	982
			1325	981
			1324	981
			1323	981
			1322	981
			1322	980
			1321	980
			1320	980
			1319	980
			1318	979
			1317	979
			1316	979
			1315	978
			1314	978
			1313	978
			1312	977
			1311	977
			1310	977
			1309	976
			1308	976
			1307	976
			1306	975
			1305	975
			1304	975
			1303	974
			1302	974
			1301	974
			1300	973
			1299	973
			1298	973
			1297	972
			1296	972
			1295	971
			1294	971
			1293	971
			1292	970
			1291	970
			1290	970
			1289	969
			1288	969
			1287	968
			1286	968
			1285	968
			1284	967
			1283	967
			1282	966
			1281	966
			1280	966
			1279	965
			1278	965
			1277	964
			1276	964
			1275	964
			1274	963
			1273	963
			1272	962
			1271	962
			1270	961
			1269	961
			1268	960
			1267	960
			1266	959
			1265	959
			1264	958
			1263	958
			1262	957
			1261	957
			1260	956
			1259	956
			1258	955
			1257	954
			1256	954
			1255	953
			1254	953
			1253	952
			1252	952
			1251	951
			1250	950
			1249	950
			1248	949
			1247	949
			1246	948
			1245	947
			1244	947
			1243	946
			1242	946
			1241	945
			1240	944
			1239	943
			1238	943
			1237	942
			1236	941
			1235	941
			1234	940
			1233	940
			1232	939
			1231	938
			1230	938
			1229	937
			1228	936
			1227	936
			1226	935
			1225	934
			1224	934
			1223	933
			1222	933
			1222	932
			1221	931
			1220	931
			1219	930
			1218	929
			1217	929
			1216	928
			1215	927
			1214	927
			1213	926
			1212	925
			1211	924
			1210	923
			1209	923
			1208	922
			1207	921
			1206	921
			1205	920
			1204	919
			1203	918
			1202	917
			1201	917
			1200	916
			1199	916
			1199	915
			1198	914
			1197	914
			1196	913
			1195	912
			1194	911
			1193	910
			1192	910
			1191	909
			1190	908
			1189	907
			1188	907
			1188	906
			1187	905
			1186	905
			1185	904
			1184	903
			1183	902
			1182	901
			1181	900
			1180	899
			1179	898
			1178	898
			1177	897
			1176	896
			1175	895
			1174	894
			1173	893
			1172	892
			1171	891
			1170	891
			1169	890
			1168	889
			1167	888
			1167	887
			1166	886
			1165	885
			1164	884
			1163	884
			1162	883
			1161	882
			1160	881
			1159	880
			1158	879
			1158	878
			1157	877
			1156	876
			1155	875
			1154	874
			1153	874
			1152	873
			1152	872
			1151	871
			1150	870
			1149	869
			1148	868
			1147	867
			1147	866
			1146	865
			1145	864
			1144	863
			1143	863
			1143	862
			1142	861
			1141	860
			1140	859
			1139	858
			1139	857
			1138	856
			1137	855
			1136	854
			1136	853
			1135	852
			1134	851
			1133	850
			1133	849
			1132	848
			1131	847
			1130	846
			1130	845
			1129	844
			1128	843
			1127	843
			1127	842
			1126	841
			1125	840
			1125	839
			1124	838
			1123	837
			1123	836
			1122	835
			1121	834
			1121	833
			1120	832
			1119	831
			1119	830
			1118	829
			1117	828
			1117	827
			1116	826
			1115	825
			1115	824
			1114	823
			1113	822
			1113	821
			1112	820
			1112	819
			1111	818
			1110	817
			1110	816
			1109	815
			1109	814
			1108	813
			1107	812
			1107	811
			1106	810
			1106	809
			1105	808
			1105	807
			1104	806
			1104	805
			1103	804
			1102	803
			1102	802
			1102	801
			1101	800
			1100	799
			1100	798
			1100	797
			1099	796
			1099	795
			1098	794
			1098	793
			1097	792
			1096	791
			1096	790
			1096	789
			1095	788
			1095	787
			1094	786
			1094	785
			1093	784
			1093	783
			1093	782
			1092	782
			1092	781
			1092	780
			1091	779
			1091	778
			1090	777
			1090	776
			1090	775
			1089	774
			1089	773
			1088	772
			1088	771
			1088	770
			1087	769
			1087	768
			1086	767
			1086	766
			1086	765
			1085	764
			1085	763
			1085	762
			1084	761
			1084	760
			1084	759
			1083	758
			1083	757
			1083	756
			1082	755
			1082	754
			1082	753
			1081	752
			1081	751
			1081	750
			1080	749
			1080	748
			1080	747
			1080	746
			1079	745
			1079	744
			1079	743
			1078	742
			1078	741
			1078	740
			1078	739
			1077	738
			1077	737
			1077	736
			1077	735
			1076	734
			1076	733
			1076	732
			1076	731
			1075	730
			1075	729
			1075	728
			1075	727
			1074	726
			1074	725
			1074	724
			1074	723
			1074	722
			1073	721
			1073	720
			1073	719
			1073	718
			1073	717
			1072	716
			1072	715
			1072	714
			1072	713
			1072	712
			1072	711
			1071	710
			1071	709
			1071	708
			1071	707
			1071	706
			1071	705
			1071	704
			1070	703
			1070	702
			1070	701
			1070	700
			1070	699
			1070	698
			1070	697
			1069	696
			1069	695
			1069	694
			1069	693
			1069	692
			1069	691
			1069	690
			1069	689
			1069	688
			1068	687
			1068	686
			1068	685
			1068	684
			1068	683
			1068	682
			1068	681
			1068	680
			1068	679
			1068	678
			1068	677
			1068	676
			1068	675
			1067	674
			1067	673
			1067	672
			1067	671
			1067	670
			1067	669
			1067	668
			1067	667
			1067	666
			1067	665
			1067	664
			1067	663
			1067	662
			1067	661
			1067	660
			1067	659
			1068	658
			1068	657
			1068	656
			1068	655
			1068	654
			1068	653
			1068	652
			1068	651
			1068	650
			1069	650
			1069	649
			1069	648
			1069	647
			1069	646
			1069	645
			1069	644
			1069	643
			1070	642
			1070	641
			1070	640
			1070	639
			1070	638
			1070	637
			1070	636
			1071	635
			1071	634
			1071	633
			1071	632
			1071	631
			1071	630
			1071	629
			1072	628
			1072	627
			1072	626
			1072	625
			1072	624
			1072	623
			1073	622
			1073	621
			1073	620
			1073	619
			1073	618
			1073	617
			1073	616
			1074	616
			1074	615
			1074	614
			1074	613
			1074	612
			1075	611
			1075	610
			1075	609
			1075	608
			1075	607
			1075	606
			1076	605
			1076	604
			1076	603
			1076	602
			1076	601
			1077	600
			1077	599
			1077	598
			1077	597
			1077	596
			1078	595
			1078	594
			1078	593
			1078	592
			1079	591
			1079	590
			1079	589
			1079	588
			1079	587
			1080	586
			1080	585
			1080	584
			1080	583
			1081	582
			1081	581
			1081	580
			1081	579
			1081	578
			1082	577
			1082	576
			1082	575
			1083	574
			1083	573
			1083	572
			1083	571
			1084	570
			1084	569
			1084	568
			1084	567
			1085	566
			1085	565
			1085	564
			1086	563
			1086	562
			1086	561
			1086	560
			1087	559
			1087	558
			1087	557
			1087	556
			1088	555
			1088	554
			1088	553
			1089	552
			1089	551
			1089	550
			1090	549
			1090	548
			1090	547
			1091	546
			1091	545
			1091	544
			1091	543
			1092	542
			1092	541
			1093	540
			1093	539
			1093	538
			1093	537
			1094	536
			1094	535
			1094	534
			1095	533
			1095	532
			1095	531
			1096	530
			1096	529
			1097	528
			1097	527
			1097	526
			1098	525
			1098	524
			1098	523
			1099	522
			1099	521
			1099	520
			1100	520
			1100	519
			1100	518
			1101	517
			1101	516
			1102	515
			1102	514
			1102	513
			1103	512
			1103	511
			1103	510
			1104	509
			1104	508
			1105	507
			1105	506
			1106	505
			1106	504
			1106	503
			1107	502
			1107	501
			1108	500
			1108	499
			1108	498
			1109	498
			1109	497
			1109	496
			1110	495
			1111	494
			1111	493
			1111	492
			1112	491
			1112	490
			1113	489
			1113	488
			1114	487
			1114	486
			1114	485
			1115	485
			1115	484
			1116	483
			1116	482
			1117	481
			1117	480
			1118	479
			1118	478
			1119	477
			1119	476
			1120	475
			1120	474
			1121	473
			1121	472
			1122	471
			1122	470
			1123	469
			1124	468
			1124	467
			1124	466
			1125	466
			1125	465
			1126	464
			1126	463
			1127	462
			1127	461
			1128	460
			1128	459
			1129	458
			1130	457
			1131	456
			1131	455
			1132	454
			1132	453
			1133	452
			1134	451
			1134	450
			1135	449
			1135	448
			1136	447
			1137	446
			1137	445
			1138	444
			1138	443
			1139	442
			1140	441
			1141	440
			1141	439
			1142	438
			1143	437
			1144	436
			1144	435
			1144	434
			1145	434
			1145	433
			1146	432
			1147	431
			1148	430
			1148	429
			1149	428
			1150	427
			1150	426
			1151	425
			1152	424
			1153	423
			1154	422
			1154	421
			1155	420
			1156	419
			1156	418
			1157	417
			1158	417
			1158	416
			1159	415
			1160	414
			1160	413
			1161	412
			1162	412
			1162	411
			1163	410
			1164	409
			1165	408
			1166	407
			1167	406
			1168	405
			1168	404
			1169	403
			1170	402
			1171	401
			1172	400
			1173	399
			1174	398
			1175	397
			1175	396
			1176	395
			1177	394
			1178	393
			1179	393
			1180	392
			1181	391
			1182	390
			1183	389
			1183	388
			1184	387
			1185	386
			1186	385
			1187	384
			1188	384
			1189	383
			1190	382
			1191	381
			1192	380
			1193	379
			1194	378
			1195	377
			1196	377
			1196	376
			1197	375
			1198	374
			1199	373
			1200	372
			1201	372
			1202	371
			1203	370
			1204	369
			1205	368
			1206	367
			1207	367
			1208	366
			1209	365
			1210	364
			1211	363
			1212	363
			1213	362
			1214	361
			1215	360
			1216	359
			1217	359
			1218	358
			1219	357
			1220	356
			1221	356
			1222	355
			1223	354
			1224	354
			1225	353
			1226	352
			1227	351
			1228	351
			1229	350
			1230	350
			1230	349
			1231	349
			1232	348
			1233	348
			1233	347
			1234	347
			1235	346
			1236	346
			1237	345
			1237	344
			1238	344
			1239	343
			1240	343
			1240	342
			1241	342
			1242	341
			1243	341
			1244	340
			1245	339
			1246	339
			1247	338
			1248	338
			1249	337
			1250	337
			1251	336
			1252	335
			1253	335
			1254	334
			1255	334
			1256	333
			1257	333
			1258	332
			1259	331
			1260	331
			1261	330
			1262	330
			1263	329
			1264	329
			1265	328
			1266	328
			1267	327
			1268	326
			1269	326
			1270	325
			1271	325
			1272	325
			1273	324
			1274	324
			1275	324
			1276	324
			1276	323
			1277	323
			1278	323
			1279	322
			1280	322
			1281	322
			1282	322
			1282	321
			1283	321
			1284	321
			1285	321
			1286	320
			1287	320
			1288	320
			1289	319
			1290	319
			1291	319
			1292	318
			1293	318
			1294	318
			1295	318
			1296	317
			1297	317
			1298	317
			1299	316
			1300	316
			1301	316
			1302	316
			1303	315
			1304	315
			1305	315
			1306	315
			1307	315
			1307	314
			1308	314
			1309	314
			1310	314
			1311	313
			1312	313
			1313	313
			1314	313
			1315	313
			1315	312
			1316	312
			1317	312
			1318	312
			1319	311
			1320	311
			1321	311
			1322	311
			1323	310
			1324	310
			1325	310
			1326	310
			1327	310
			1328	309
			1329	309
			1330	309
			1331	309
			1332	309
			1333	308
			1334	308
			1335	308
			1336	308
			1337	308
			1338	307
			1339	307
			1340	307
			1341	307
			1342	307
			1343	306
			1344	306
			1345	306
			1346	306
			1347	306
			1348	306
			1349	305
			1350	305
			1351	305
			1352	305
			1353	305
			1354	305
			1355	305
			1356	304
			1357	304
			1358	304
			1359	304
			1360	304
			1361	304
			1362	303
			1363	303
			1364	303
			1365	303
			1366	303
			1367	303
			1368	303
			1369	303
			1370	303
			1370	302
			1371	302
			1372	302
			1373	302
			1374	302
			1375	302
			1376	302
			1377	302
			1378	302
			1379	302
			1380	301
			1381	301
			1382	301
			1383	301
			1384	301
			1385	301
			1386	301
			1387	301
			1388	301
			1389	301
			1390	301
			1391	301
			1392	300
			1393	300
			1394	300
			1395	300
			1396	300
			1397	300
			1398	300
			1399	300
			1400	300
			1401	300
			1402	300
			1403	300
			1404	300
			1405	300
			1406	300
			1407	300
			1408	300
			1409	300
			1410	300
			1411	300
			1412	300
			1413	300
			1414	300
			1415	300
			1416	300
			1417	300
			1418	300
			1419	300
			1420	300
			1421	300
			1422	300
			1423	300
			1424	300
			1425	300
			1426	300
			1427	300
			1428	300
			1429	300
			1430	300
			1431	300
			1432	300
			1433	300
			1434	300
			1435	300
			1436	300
			1437	300
			1438	300
			1439	300
			1440	300
			1441	300
			1442	300
			1443	300
			1444	300
			1445	300
			1446	300
			1447	300
			1448	301
			1449	301
			1450	301
			1451	301
			1452	301
			1453	301
			1454	301
			1455	301
			1456	301
			1457	301
			1458	301
			1459	301
			1460	302
			1461	302
			1462	302
			1463	302
			1464	302
			1465	302
			1466	302
			1467	302
			1468	303
			1469	303
			1470	303
			1471	303
			1472	303
			1473	303
			1474	303
			1475	304
			1476	304
			1477	304
			1478	304
			1479	304
			1480	304
			1481	304
			1482	305
			1483	305
			1484	305
			1485	305
			1486	305
			1487	305
			1488	306
			1489	306
			1490	306
			1491	306
			1492	306
			1493	307
			1494	307
			1495	307
			1496	307
			1497	307
			1498	308
			1499	308
			1500	308
			1501	308
			1502	308
			1503	309
			1504	309
			1505	309
			1506	309
			1507	310
			1508	310
			1509	310
			1510	310
			1511	310
			1512	311
			1513	311
			1514	311
			1515	311
			1516	312
			1517	312
			1518	312
			1519	312
			1520	313
			1521	313
			1522	313
			1523	314
			1524	314
			1525	314
			1526	315
			1527	315
			1528	315
			1529	315
			1530	316
			1531	316
			1532	316
			1533	317
			1534	317
			1535	317
			1536	318
			1537	318
			1538	318
			1539	319
			1540	319
			1541	319
			1542	320
			1543	320
			1544	320
			1545	321
			1546	321
			1547	321
			1548	322
			1549	322
			1550	322
			1551	323
			1552	323
			1553	324
			1554	324
			1555	324
			1556	325
			1557	325
			1558	325
			1559	326
			1560	326
			1561	327
			1562	327
			1563	327
			1564	328
			1565	328
			1566	329
			1567	329
			1568	329
			1569	330
			1570	330
			1571	331
			1572	331
			1573	331
			1574	332
			1575	332
			1576	333
			1577	333
			1578	334
			1579	334
			1580	334
			1581	335
			1582	335
			1583	336
			1584	336
			1584	337
			1585	337
			1586	338
			1587	338
			1588	339
			1589	339
			1590	340
			1591	340
			1592	341
			1593	341
			1594	341
			1595	342
			1596	342
			1597	343
			1598	343
			1599	344
			1600	344
			1601	345
			1602	345
			1603	346
			1604	347
			1605	347
			1606	348
			1607	348
			1608	349
			1609	350
			1610	350
			1611	350
			1611	351
			1612	351
			1613	352
			1614	352
			1615	353
			1616	354
			1617	354
			1618	355
			1619	355
			1620	355
			1620	356
			1621	356
			1622	357
			1623	357
			1624	358
			1625	359
			1626	360
			1627	360
			1628	361
			1629	361
			1630	362
			1631	363
			1632	363
			1633	364
			1634	364
			1635	365
			1636	366
			1637	366
			1638	367
			1639	368
			1640	368
			1641	369
			1642	370
			1643	370
			1644	371
			1645	372
			1646	372
			1647	373
			1648	374
			1649	375
			1650	375
			1651	376
			1652	376
			1652	377
			1653	377
			1654	378
			1655	379
			1656	380
			1657	381
			1658	381
			1659	382
			1660	382
			1660	383
			1661	384
			1662	384
			1663	385
			1664	385
			1665	386
			1665	387
			1666	387
			1667	388
			1668	389
			1669	389
			1669	390
			1670	391
			1671	391
			1672	392
			1673	392
			1674	393
			1674	394
			1675	394
			1676	395
			1677	396
			1678	396
			1678	397
			1679	398
			1680	398
			1681	399
			1682	400
			1683	400
			1683	401
			1684	402
			1685	402
			1686	403
			1687	404
			1687	405
			1688	405
			1689	406
			1690	407
			1691	407
			1691	408
			1692	409
			1693	409
			1694	410
			1695	411
			1695	412
			1696	412
			1697	413
			1698	414
			1699	414
			1699	415
			1700	416
			1701	417
			1702	417
			1703	418
			1703	419
			1704	420
			1705	420
			1706	421
			1707	422
			1707	423
			1708	423
			1709	424
			1710	425
			1711	426
			1712	426
			1713	427
			1714	428
			1715	428
			1715	429
			1716	429
			1717	430
			1718	430
			1718	431
			1719	431
			1720	432
			1721	433
			1722	434
			1723	434
			1724	435
			1725	435
			1726	436
			1726	437
			1727	437
			1728	438
			1729	438
			1730	439
			1730	440
			1731	440
			1732	441
			1733	442
			1734	443
			1735	444
			1736	444
			1737	445
			1738	446
			1739	447
			1740	447
			1741	448
			1741	449
			1742	450
			1743	450
			1744	451
			1745	452
			1746	453
			1747	454
			1748	454
			1748	455
			1749	456
			1750	457
			1751	458
			1752	458
			1753	459
			1753	460
			1754	461
			1755	462
			1756	463
			1757	463
			1758	464
			1758	465
			1759	466
			1760	467
			1761	468
			1762	468
			1762	469
			1763	470
			1764	471
			1765	472
			1765	473
			1766	474
			1767	474
			1768	475
			1769	476
			1769	477
			1770	478
			1771	479
			1772	480
			1772	481
			1773	481
			1774	482
			1774	483
			1775	484
			1776	485
			1777	486
			1777	487
			1778	488
			1779	489
			1779	490
			1780	490
			1781	491
			1781	492
			1782	493
			1783	494
			1783	495
			1784	496
			1785	497
			1785	498
			1786	499
			1787	500
			1787	501
			1788	502
			1789	503
			1789	504
			1790	505
			1791	506
			1791	507
			1792	507
			1792	508
			1793	509
			1794	510
			1794	511
			1795	512
			1795	513
			1796	514
			1797	515
			1797	516
			1798	517
			1798	518
			1799	519
			1799	520
			1800	521
			1800	522
			1801	523
			1802	524
			1802	525
			1803	526
			1803	527
			1803	528
			1804	528
			1804	529
			1804	530
			1805	530
			1805	531
			1805	532
			1806	533
			1806	534
			1807	535
			1807	536
			1808	536
			1808	537
			1808	538
			1809	539
			1809	540
			1810	541
			1810	542
			1810	543
			1811	544
			1811	545
			1812	546
			1812	547
			1812	548
			1813	549
			1814	550
			1814	551
			1814	552
			1815	553
			1815	554
			1815	555
			1816	556
			1816	557
			1817	558
			1817	559
			1817	560
			1818	561
			1818	562
			1818	563
			1819	564
			1819	565
			1819	566
			1820	567
			1820	568
			1821	569
			1821	570
			1821	571
			1821	572
			1822	573
			1822	574
			1822	575
			1823	576
			1823	577
			1823	578
			1824	579
			1824	580
			1824	581
			1824	582
			1825	583
			1825	584
			1825	585
			1825	586
			1826	587
			1826	588
			1826	589
			1826	590
			1827	590
			1827	591
			1827	592
			1827	593
			1827	594
			1828	595
			1828	596
			1828	597
			1828	598
			1828	599
			1829	600
			1829	601
			1829	602
			1829	603
			1829	604
			1830	605
			1830	606
			1830	607
			1830	608
			1830	609
			1831	609
			1831	610
			1831	611
			1831	612
			1831	613
			1831	614
			1832	615
			1832	616
			1832	617
			1832	618
			1832	619
			1832	620
			1833	621
			1833	622
			1833	623
			1833	624
			1833	625
			1833	626
			1833	627
			1834	628
			1834	629
			1834	630
			1834	631
			1834	632
			1834	633
			1834	634
			1834	635
			1835	636
			1835	637
			1835	638
			1835	639
			1835	640
			1835	641
			1835	642
			1835	643
			1835	644
			1835	645
			1835	646
			1836	647
			1836	648
			1836	649
			1836	650
			1836	651
			1836	652
			1836	653
			1836	654
			1836	655
			1836	656
			1836	657
			1836	658
			1836	659
			1836	660
			1837	661
			1837	662
			1837	663
			1837	664
			1837	665
			1837	666
			1837	667
			1837	668
			1837	669
			1837	670
			1837	671
			1837	672
			1837	673
			1837	674
			1837	675
			1837	676
			1837	677
			1837	678
			1837	679
			1837	680
			1837	681
			1837	682
			1837	683
			1837	684
			1837	685
			1837	686
			1837	687
			1837	688
			1837	689
			1837	690
			1837	691
			1837	692
			1837	693
			1837	694
			1837	695
			1837	696
			1837	697
			1837	698
			1837	699
			1837	700
			1837	701
			1837	702
			1837	703
			1837	704
			1837	705
			1836	705
			1836	706
			1836	707
			1836	708
			1836	709
			1836	710
			1836	711
			1836	712
			1836	713
			1836	714
			1836	715
			1836	716
			1836	717
			1836	718
			1836	719
			1836	720
			1836	721
			1835	722
			1835	723
			1835	724
			1835	725
			1835	726
			1835	727
			1835	728
			1835	729
			1834	729
			1834	730
			1834	731
			1833	732
			1833	733
			1832	734
			1832	735
			1832	736
			1831	737
			1831	738
			1830	739
			1830	740
			1829	741
			1829	742
			1829	743
			1828	743
			1828	744
			1828	745
			1827	746
			1827	747
			1826	748
			1826	749
			1826	750
			1825	751
			1825	752
			1824	753
			1824	754
			1823	755
			1823	756
			1822	757
			1822	758
			1821	759
			1821	760
			1820	761
			1820	762
			1819	763
			1819	764
			1818	765
			1818	766
			1817	767
			1817	768
			1816	769
			1816	770
			1815	771
			1815	772
			1815	773
			1814	773
			1814	774
			1813	775
			1813	776
			1812	777
			1812	778
			1811	779
			1811	780
			1810	781
			1809	782
			1809	783
			1808	784
			1808	785
			1807	786
			1807	787
			1806	788
			1805	789
			1805	790
			1804	791
			1804	792
			1803	793
			1803	794
			1802	795
			1802	796
			1801	797
			1801	798
			1800	798
			1800	799
			1799	800
			1799	801
			1798	802
			1797	803
			1797	804
			1796	804
			1796	805
			1795	806
			1795	807
			1794	808
			1794	809
			1793	809
			1793	810
			1792	811
			1792	812
			1791	813
			1791	814
			1790	814
			1789	815
			1789	816
			1788	817
			1788	818
			1787	818
			1787	819
			1786	820
			1786	821
			1785	822
			1784	822
			1784	823
			1783	824
			1783	825
			1782	826
			1781	827
			1780	828
			1780	829
			1779	830
			1778	831
			1778	832
			1777	833
			1776	834
			1775	835
			1774	836
			1773	837
			1773	838
			1772	839
			1771	840
			1770	841
			1770	842
			1769	843
			1768	844
			1767	845
			1766	846
			1766	847
			1765	848
			1764	849
			1763	849
			1763	850
			1762	851
			1761	852
			1760	853
			1760	854
			1759	855
			1758	855
			1757	856
			1757	857
			1756	858
			1755	859
			1754	860
			1753	861
			1752	862
			1751	863
			1750	864
			1749	865
			1748	866
			1747	867
			1746	868
			1745	869
			1744	870
			1743	871
			1742	872
			1741	873
			1740	874
			1739	874
			1738	875
			1737	876
			1736	877
			1736	878
			1735	879
			1734	880
			1733	881
			1732	881
			1731	882
			1730	883
			1729	884
			1728	885
			1727	886
			1726	886
			1725	887
			1724	888
			1723	889
			1722	889
			1721	890
			1720	891
			1719	892
			1718	893
			1717	893
			1716	894
			1715	894
			1715	895
			1714	895
			1713	896
			1712	897
			1711	898
			1710	898
			1709	899
			1708	900
			1707	900
			1706	901
			1705	901
			1704	902
			1704	903
			1703	903
			1702	904
			1701	904
			1700	905
			1699	906
			1698	906
			1697	907
			1696	907
			1695	908
			1694	908
			1693	909
			1692	910
			1691	910
			1690	911
			1689	911
			1688	912
			1687	912
			1687	913
			1686	913
			1685	914
			1684	914
			1683	915
			1682	915
			1681	916
			1680	916
			1679	917
			1678	917
			1677	918
			1676	918
			1675	919
			1674	919
			1673	920
			1672	920
			1671	921
			1670	921
			1669	922
			1668	922
			1667	923
			1666	923
		</Eye>
	</curves.pixel>
	<ruler.points type=matrix rownames=TRUE colnames=FALSE nrow=2 ncol=2 as.numeric=TRUE >
		Ruler point 1	2	1894
		Ruler point 2	104	1894
	</ruler.points>
</shapes>

