<shapes type=list>
	<scaling.units type=vector names=FALSE length=1 as.numeric=FALSE >um</scaling.units>
	<scaling type=logical names=FALSE length=1 as.numeric=FALSE >NA</scaling>
	<landmarks.pixel type=matrix rownames=TRUE colnames=FALSE nrow=11 ncol=2 as.numeric=TRUE >
		LM1Forehead	1766	507
		LM2UJFront	2183	1642
		LM3UJBack	1639	1667
		LM4LacOrb	1689	1214
		LM5QJoint	1566	1729
		LM6IOPL	1561	1845
		LM7IOPSOP	487	1766
		LM8A2A1	869	1343
		LM9A1A3	857	971
		LM10TopMuscR	750	747
		LM11TopMuscL	305	631
	</landmarks.pixel>
	<curves.control type=list>
		<Profile type=matrix rownames=FALSE colnames=FALSE nrow=7 ncol=2 as.numeric=TRUE >
			1766	507
			2018	754
			2200	1001
			2317	1257
			2404	1547
			2313	1712
			2183	1642
		</Profile>
		<Eye type=matrix rownames=FALSE colnames=FALSE nrow=13 ncol=2 as.numeric=TRUE >
			1689	1214
			1518	1334
			1286	1274
			1042	1186
			995	919
			1018	632
			1206	552
			1430	460
			1622	564
			1833	699
			1837	947
			1801	1130
			1689	1214
		</Eye>
	</curves.control>
	<curves.pixel type=list>
		<Profile type=matrix rownames=FALSE colnames=FALSE nrow=1324 ncol=2 as.numeric=TRUE >
			1766	507
			1767	508
			1768	509
			1769	510
			1770	511
			1771	512
			1772	513
			1773	514
			1774	515
			1775	516
			1776	517
			1777	518
			1778	519
			1779	520
			1780	521
			1781	522
			1782	523
			1783	524
			1784	525
			1785	526
			1786	527
			1787	528
			1788	529
			1789	529
			1790	530
			1791	531
			1792	532
			1793	533
			1794	534
			1795	535
			1796	536
			1797	537
			1798	538
			1799	539
			1800	540
			1801	541
			1802	542
			1803	543
			1804	544
			1804	545
			1805	546
			1806	547
			1807	548
			1808	549
			1809	550
			1810	551
			1811	552
			1812	553
			1813	554
			1814	555
			1815	556
			1816	557
			1817	558
			1818	559
			1819	560
			1820	561
			1821	562
			1822	563
			1823	564
			1824	565
			1825	566
			1826	567
			1827	568
			1828	569
			1829	570
			1830	571
			1831	572
			1832	573
			1833	573
			1834	574
			1834	575
			1835	576
			1836	577
			1837	578
			1838	579
			1839	580
			1840	581
			1841	582
			1842	583
			1843	584
			1844	585
			1845	586
			1846	587
			1847	588
			1848	589
			1849	590
			1850	591
			1851	592
			1852	593
			1853	594
			1854	595
			1855	596
			1855	597
			1856	598
			1857	599
			1858	600
			1859	601
			1860	602
			1861	603
			1862	604
			1863	605
			1864	606
			1865	607
			1866	608
			1867	609
			1868	610
			1869	611
			1870	612
			1871	613
			1871	614
			1872	615
			1873	616
			1874	617
			1875	617
			1876	618
			1877	619
			1878	620
			1879	621
			1880	622
			1881	623
			1882	624
			1883	625
			1884	626
			1885	627
			1885	628
			1886	629
			1887	630
			1888	631
			1889	632
			1890	633
			1891	634
			1892	635
			1893	636
			1894	637
			1895	638
			1896	639
			1897	640
			1898	641
			1898	642
			1899	643
			1900	644
			1901	645
			1902	646
			1903	647
			1904	648
			1905	649
			1906	650
			1907	651
			1908	652
			1909	653
			1909	654
			1910	655
			1911	656
			1912	657
			1913	658
			1914	659
			1915	660
			1916	661
			1917	661
			1918	662
			1919	663
			1919	664
			1920	665
			1921	666
			1922	667
			1923	668
			1924	669
			1925	670
			1926	671
			1927	672
			1928	673
			1929	674
			1929	675
			1930	676
			1931	677
			1932	678
			1933	679
			1934	680
			1935	681
			1936	682
			1937	683
			1938	684
			1938	685
			1939	686
			1940	687
			1941	688
			1942	689
			1943	690
			1944	691
			1945	692
			1946	693
			1947	694
			1947	695
			1948	696
			1949	697
			1950	698
			1951	699
			1952	700
			1953	701
			1954	702
			1955	703
			1955	704
			1956	705
			1957	705
			1958	706
			1959	707
			1960	708
			1961	709
			1962	710
			1963	711
			1963	712
			1964	713
			1965	714
			1966	715
			1967	716
			1968	717
			1969	718
			1970	719
			1970	720
			1971	721
			1972	722
			1973	723
			1974	724
			1975	725
			1976	726
			1977	727
			1977	728
			1978	729
			1979	730
			1980	731
			1981	732
			1982	733
			1983	734
			1984	735
			1984	736
			1985	737
			1986	738
			1987	739
			1988	740
			1989	741
			1990	742
			1990	743
			1991	744
			1992	745
			1993	746
			1994	747
			1995	748
			1996	749
			1997	749
			1997	750
			1998	751
			1999	752
			2000	753
			2001	754
			2002	755
			2003	756
			2003	757
			2004	758
			2005	759
			2006	760
			2007	761
			2008	762
			2009	763
			2009	764
			2010	765
			2011	766
			2012	767
			2013	768
			2014	769
			2014	770
			2015	771
			2016	772
			2017	773
			2018	774
			2019	775
			2020	776
			2020	777
			2021	778
			2022	779
			2023	780
			2024	781
			2025	782
			2026	783
			2026	784
			2027	785
			2028	786
			2029	787
			2030	788
			2031	789
			2031	790
			2032	791
			2033	792
			2034	793
			2035	793
			2036	794
			2036	795
			2037	796
			2038	797
			2039	798
			2040	799
			2041	800
			2041	801
			2042	802
			2043	803
			2044	804
			2045	805
			2046	806
			2046	807
			2047	808
			2048	809
			2049	810
			2050	811
			2051	812
			2051	813
			2052	814
			2053	815
			2054	816
			2055	817
			2055	818
			2056	819
			2057	820
			2058	821
			2059	822
			2060	823
			2060	824
			2061	825
			2062	826
			2063	827
			2064	828
			2065	829
			2065	830
			2066	831
			2067	832
			2068	833
			2069	834
			2069	835
			2070	836
			2071	837
			2072	837
			2073	838
			2073	839
			2074	840
			2075	841
			2076	842
			2077	843
			2078	844
			2078	845
			2079	846
			2080	847
			2081	848
			2082	849
			2082	850
			2083	851
			2084	852
			2085	853
			2086	854
			2086	855
			2087	856
			2088	857
			2089	858
			2090	859
			2090	860
			2091	861
			2092	862
			2093	863
			2094	864
			2094	865
			2095	866
			2096	867
			2097	868
			2098	869
			2098	870
			2099	871
			2100	872
			2101	873
			2102	874
			2102	875
			2103	876
			2104	877
			2105	878
			2105	879
			2106	880
			2107	881
			2108	881
			2109	882
			2109	883
			2110	884
			2111	885
			2112	886
			2113	887
			2113	888
			2114	889
			2115	890
			2116	891
			2116	892
			2117	893
			2118	894
			2119	895
			2120	896
			2120	897
			2121	898
			2122	899
			2123	900
			2123	901
			2124	902
			2125	903
			2126	904
			2127	905
			2127	906
			2128	907
			2129	908
			2130	909
			2130	910
			2131	911
			2132	912
			2133	913
			2134	914
			2134	915
			2135	916
			2136	917
			2137	918
			2137	919
			2138	920
			2139	921
			2140	922
			2140	923
			2141	924
			2142	924
			2143	925
			2143	926
			2144	927
			2145	928
			2146	929
			2147	930
			2147	931
			2148	932
			2149	933
			2150	934
			2150	935
			2151	936
			2152	937
			2153	938
			2153	939
			2154	940
			2155	941
			2156	942
			2156	943
			2157	944
			2158	945
			2159	946
			2159	947
			2160	948
			2161	949
			2162	950
			2162	951
			2163	952
			2164	953
			2165	954
			2165	955
			2166	956
			2167	957
			2168	958
			2168	959
			2169	960
			2170	961
			2171	962
			2171	963
			2172	964
			2173	965
			2174	966
			2174	967
			2175	968
			2176	968
			2176	969
			2177	970
			2178	971
			2179	972
			2179	973
			2180	974
			2181	975
			2182	976
			2182	977
			2183	978
			2184	979
			2185	980
			2185	981
			2186	982
			2187	983
			2187	984
			2188	985
			2189	986
			2190	987
			2190	988
			2191	989
			2192	990
			2193	991
			2193	992
			2194	993
			2195	994
			2195	995
			2196	996
			2197	997
			2198	998
			2198	999
			2199	1000
			2200	1001
			2200	1002
			2201	1003
			2201	1004
			2202	1005
			2202	1006
			2203	1007
			2203	1008
			2204	1009
			2204	1010
			2205	1011
			2205	1012
			2205	1013
			2206	1014
			2206	1015
			2207	1016
			2207	1017
			2208	1018
			2208	1019
			2209	1020
			2209	1021
			2210	1022
			2210	1023
			2210	1024
			2211	1025
			2211	1026
			2212	1027
			2212	1028
			2213	1029
			2213	1030
			2214	1031
			2214	1032
			2215	1033
			2215	1034
			2216	1035
			2216	1036
			2216	1037
			2217	1038
			2217	1039
			2218	1040
			2218	1041
			2218	1042
			2219	1042
			2219	1043
			2219	1044
			2220	1045
			2220	1046
			2221	1047
			2221	1048
			2222	1049
			2222	1050
			2222	1051
			2223	1051
			2223	1052
			2223	1053
			2224	1054
			2224	1055
			2225	1056
			2225	1057
			2225	1058
			2226	1059
			2226	1060
			2227	1060
			2227	1061
			2227	1062
			2228	1063
			2228	1064
			2229	1065
			2229	1066
			2229	1067
			2230	1068
			2230	1069
			2231	1070
			2231	1071
			2232	1072
			2232	1073
			2232	1074
			2233	1075
			2233	1076
			2234	1077
			2234	1078
			2235	1079
			2235	1080
			2235	1081
			2236	1082
			2236	1083
			2237	1084
			2237	1085
			2237	1086
			2238	1087
			2238	1088
			2239	1088
			2239	1089
			2239	1090
			2240	1091
			2240	1092
			2241	1093
			2241	1094
			2241	1095
			2242	1096
			2242	1097
			2243	1098
			2243	1099
			2243	1100
			2244	1101
			2245	1102
			2245	1103
			2245	1104
			2246	1105
			2246	1106
			2247	1107
			2247	1108
			2247	1109
			2248	1110
			2248	1111
			2249	1112
			2249	1113
			2250	1114
			2250	1115
			2250	1116
			2251	1117
			2251	1118
			2252	1119
			2252	1120
			2252	1121
			2253	1122
			2253	1123
			2254	1124
			2254	1125
			2254	1126
			2255	1127
			2255	1128
			2256	1129
			2256	1130
			2256	1131
			2257	1132
			2257	1133
			2258	1134
			2258	1135
			2258	1136
			2259	1137
			2260	1138
			2260	1139
			2260	1140
			2261	1141
			2261	1142
			2262	1143
			2262	1144
			2262	1145
			2263	1146
			2263	1147
			2263	1148
			2264	1148
			2264	1149
			2264	1150
			2265	1151
			2265	1152
			2265	1153
			2266	1154
			2266	1155
			2267	1156
			2267	1157
			2268	1158
			2268	1159
			2269	1160
			2269	1161
			2269	1162
			2270	1163
			2270	1164
			2271	1165
			2271	1166
			2271	1167
			2272	1168
			2272	1169
			2273	1170
			2273	1171
			2273	1172
			2274	1173
			2274	1174
			2274	1175
			2275	1175
			2275	1176
			2275	1177
			2276	1178
			2276	1179
			2277	1180
			2277	1181
			2277	1182
			2278	1183
			2278	1184
			2279	1185
			2279	1186
			2279	1187
			2280	1188
			2280	1189
			2280	1190
			2281	1190
			2281	1191
			2281	1192
			2282	1193
			2282	1194
			2282	1195
			2283	1196
			2283	1197
			2284	1198
			2284	1199
			2285	1200
			2285	1201
			2285	1202
			2286	1203
			2286	1204
			2286	1205
			2287	1206
			2287	1207
			2288	1208
			2288	1209
			2288	1210
			2289	1211
			2289	1212
			2289	1213
			2290	1214
			2290	1215
			2290	1216
			2291	1216
			2291	1217
			2292	1218
			2292	1219
			2292	1220
			2293	1221
			2293	1222
			2293	1223
			2294	1224
			2294	1225
			2294	1226
			2295	1227
			2295	1228
			2296	1229
			2296	1230
			2296	1231
			2297	1232
			2297	1233
			2298	1234
			2298	1235
			2298	1236
			2299	1237
			2299	1238
			2300	1239
			2300	1240
			2300	1241
			2301	1242
			2301	1243
			2301	1244
			2302	1245
			2302	1246
			2303	1247
			2303	1248
			2303	1249
			2304	1250
			2304	1251
			2304	1252
			2305	1253
			2305	1254
			2305	1255
			2306	1256
			2306	1257
			2307	1258
			2307	1259
			2308	1260
			2308	1261
			2308	1262
			2308	1263
			2309	1263
			2309	1264
			2309	1265
			2310	1266
			2310	1267
			2311	1268
			2311	1269
			2311	1270
			2311	1271
			2312	1272
			2312	1273
			2313	1274
			2313	1275
			2314	1276
			2314	1277
			2314	1278
			2315	1279
			2315	1280
			2315	1281
			2316	1282
			2316	1283
			2316	1284
			2317	1285
			2317	1286
			2318	1287
			2318	1288
			2318	1289
			2319	1290
			2319	1291
			2319	1292
			2320	1293
			2320	1294
			2321	1295
			2321	1296
			2321	1297
			2322	1298
			2322	1299
			2322	1300
			2323	1301
			2323	1302
			2323	1303
			2324	1304
			2324	1305
			2324	1306
			2325	1306
			2325	1307
			2325	1308
			2325	1309
			2326	1310
			2326	1311
			2327	1312
			2327	1313
			2327	1314
			2327	1315
			2328	1315
			2328	1316
			2328	1317
			2329	1317
			2329	1318
			2329	1319
			2329	1320
			2330	1320
			2330	1321
			2330	1322
			2330	1323
			2331	1323
			2331	1324
			2331	1325
			2331	1326
			2332	1326
			2332	1327
			2332	1328
			2333	1329
			2333	1330
			2333	1331
			2334	1332
			2334	1333
			2334	1334
			2335	1334
			2335	1335
			2335	1336
			2336	1337
			2336	1338
			2336	1339
			2336	1340
			2337	1341
			2337	1342
			2338	1343
			2338	1344
			2338	1345
			2339	1346
			2339	1347
			2339	1348
			2340	1349
			2340	1350
			2341	1351
			2341	1352
			2341	1353
			2341	1354
			2342	1354
			2342	1355
			2342	1356
			2342	1357
			2343	1357
			2343	1358
			2343	1359
			2343	1360
			2344	1360
			2344	1361
			2344	1362
			2345	1363
			2345	1364
			2345	1365
			2346	1366
			2346	1367
			2346	1368
			2347	1369
			2347	1370
			2347	1371
			2348	1371
			2348	1372
			2348	1373
			2348	1374
			2349	1375
			2349	1376
			2349	1377
			2350	1378
			2350	1379
			2350	1380
			2351	1381
			2351	1382
			2351	1383
			2352	1383
			2352	1384
			2352	1385
			2353	1386
			2353	1387
			2353	1388
			2354	1389
			2354	1390
			2354	1391
			2354	1392
			2355	1393
			2355	1394
			2355	1395
			2356	1395
			2356	1396
			2356	1397
			2357	1398
			2357	1399
			2357	1400
			2358	1401
			2358	1402
			2358	1403
			2359	1404
			2359	1405
			2359	1406
			2359	1407
			2360	1407
			2360	1408
			2360	1409
			2361	1410
			2361	1411
			2361	1412
			2362	1413
			2362	1414
			2362	1415
			2363	1416
			2363	1417
			2363	1418
			2363	1419
			2364	1420
			2364	1421
			2365	1422
			2365	1423
			2365	1424
			2365	1425
			2366	1425
			2366	1426
			2366	1427
			2367	1428
			2367	1429
			2367	1430
			2367	1431
			2368	1432
			2368	1433
			2369	1434
			2369	1435
			2369	1436
			2370	1437
			2370	1438
			2370	1439
			2370	1440
			2371	1441
			2371	1442
			2371	1443
			2372	1444
			2372	1445
			2372	1446
			2373	1447
			2373	1448
			2373	1449
			2374	1450
			2374	1451
			2374	1452
			2375	1453
			2375	1454
			2375	1455
			2376	1455
			2376	1456
			2376	1457
			2376	1458
			2377	1459
			2377	1460
			2377	1461
			2378	1462
			2378	1463
			2378	1464
			2379	1465
			2379	1466
			2379	1467
			2380	1468
			2380	1469
			2380	1470
			2381	1471
			2381	1472
			2381	1473
			2381	1474
			2382	1475
			2382	1476
			2382	1477
			2383	1478
			2383	1479
			2383	1480
			2384	1481
			2384	1482
			2384	1483
			2385	1484
			2385	1485
			2385	1486
			2385	1487
			2386	1488
			2386	1489
			2386	1490
			2387	1491
			2387	1492
			2388	1493
			2388	1494
			2388	1495
			2388	1496
			2389	1497
			2389	1498
			2389	1499
			2390	1500
			2390	1501
			2390	1502
			2390	1503
			2391	1503
			2391	1504
			2391	1505
			2392	1506
			2392	1507
			2392	1508
			2392	1509
			2393	1509
			2393	1510
			2393	1511
			2393	1512
			2394	1513
			2394	1514
			2394	1515
			2395	1516
			2395	1517
			2395	1518
			2396	1519
			2396	1520
			2396	1521
			2397	1522
			2397	1523
			2397	1524
			2397	1525
			2398	1526
			2398	1527
			2398	1528
			2399	1529
			2399	1530
			2399	1531
			2399	1532
			2400	1533
			2400	1534
			2400	1535
			2401	1536
			2401	1537
			2401	1538
			2402	1539
			2402	1540
			2402	1541
			2403	1542
			2403	1543
			2403	1544
			2403	1545
			2404	1546
			2404	1547
			2403	1548
			2403	1549
			2403	1550
			2402	1551
			2401	1552
			2400	1553
			2400	1554
			2399	1555
			2399	1556
			2398	1557
			2398	1558
			2397	1559
			2396	1560
			2396	1561
			2395	1562
			2395	1563
			2394	1564
			2393	1565
			2393	1566
			2392	1567
			2392	1568
			2391	1569
			2390	1570
			2390	1571
			2389	1572
			2389	1573
			2388	1574
			2387	1575
			2386	1576
			2386	1577
			2385	1578
			2384	1579
			2384	1580
			2383	1581
			2383	1582
			2382	1583
			2381	1584
			2380	1585
			2380	1586
			2379	1587
			2378	1588
			2377	1589
			2376	1590
			2376	1591
			2375	1592
			2374	1593
			2373	1594
			2373	1595
			2372	1596
			2371	1597
			2370	1598
			2370	1599
			2369	1600
			2368	1601
			2367	1602
			2366	1603
			2366	1604
			2365	1605
			2364	1606
			2363	1607
			2363	1608
			2362	1609
			2361	1609
			2360	1610
			2359	1611
			2359	1612
			2358	1613
			2357	1614
			2356	1615
			2355	1615
			2355	1616
			2354	1617
			2353	1618
			2352	1619
			2351	1620
			2350	1621
			2349	1622
			2348	1623
			2347	1624
			2346	1625
			2345	1626
			2344	1627
			2343	1627
			2342	1628
			2341	1629
			2340	1630
			2339	1631
			2338	1632
			2337	1632
			2336	1633
			2335	1634
			2334	1635
			2333	1636
			2332	1636
			2331	1637
			2330	1638
			2329	1638
			2328	1639
			2327	1640
			2326	1641
			2325	1641
			2324	1642
			2323	1643
			2322	1643
			2321	1644
			2320	1644
			2319	1645
			2318	1646
			2317	1646
			2316	1647
			2315	1647
			2314	1648
			2313	1649
			2312	1649
			2311	1650
			2310	1650
			2309	1651
			2308	1651
			2307	1652
			2306	1652
			2305	1653
			2304	1653
			2303	1654
			2302	1654
			2301	1654
			2300	1655
			2299	1655
			2298	1655
			2297	1656
			2296	1656
			2295	1656
			2294	1657
			2293	1657
			2292	1657
			2291	1658
			2290	1658
			2289	1658
			2288	1659
			2287	1659
			2286	1659
			2285	1660
			2284	1660
			2283	1660
			2282	1660
			2281	1660
			2280	1661
			2279	1661
			2278	1661
			2277	1661
			2276	1661
			2275	1661
			2274	1662
			2273	1662
			2272	1662
			2271	1662
			2270	1662
			2269	1662
			2268	1662
			2267	1662
			2266	1663
			2265	1663
			2264	1663
			2263	1663
			2262	1663
			2261	1663
			2260	1663
			2259	1663
			2258	1663
			2257	1663
			2256	1663
			2255	1663
			2254	1663
			2253	1663
			2252	1663
			2251	1663
			2250	1663
			2249	1663
			2248	1663
			2247	1662
			2246	1662
			2245	1662
			2244	1662
			2243	1662
			2242	1662
			2241	1662
			2240	1662
			2239	1661
			2238	1661
			2237	1661
			2236	1661
			2235	1661
			2234	1661
			2233	1661
			2233	1660
			2232	1660
			2231	1660
			2230	1660
			2229	1660
			2228	1659
			2227	1659
			2226	1659
			2225	1659
			2224	1658
			2223	1658
			2222	1658
			2221	1658
			2220	1657
			2219	1657
			2218	1657
			2217	1656
			2216	1656
			2215	1656
			2214	1656
			2214	1655
			2213	1655
			2212	1655
			2211	1654
			2210	1654
			2209	1654
			2208	1653
			2207	1653
			2206	1653
			2205	1652
			2204	1652
			2203	1651
			2202	1651
			2201	1651
			2200	1650
			2199	1650
			2198	1649
			2197	1649
			2196	1648
			2195	1648
			2194	1648
			2193	1647
			2192	1647
			2191	1646
			2190	1646
			2189	1645
			2188	1645
			2187	1644
			2186	1644
			2185	1643
			2184	1643
			2183	1642
		</Profile>
		<Eye type=matrix rownames=FALSE colnames=FALSE nrow=2406 ncol=2 as.numeric=TRUE >
			1689	1214
			1688	1215
			1687	1215
			1687	1216
			1686	1216
			1685	1217
			1684	1217
			1683	1218
			1682	1219
			1681	1220
			1680	1220
			1679	1221
			1678	1222
			1677	1222
			1676	1223
			1675	1224
			1674	1224
			1673	1225
			1672	1225
			1671	1226
			1670	1227
			1669	1227
			1668	1228
			1667	1228
			1666	1229
			1665	1230
			1664	1230
			1663	1231
			1662	1232
			1661	1232
			1660	1233
			1659	1233
			1658	1234
			1657	1234
			1656	1235
			1655	1236
			1654	1236
			1653	1237
			1652	1237
			1651	1238
			1650	1238
			1649	1239
			1648	1240
			1647	1240
			1646	1241
			1645	1241
			1644	1242
			1643	1242
			1642	1243
			1641	1243
			1640	1244
			1639	1245
			1638	1245
			1637	1246
			1636	1246
			1635	1247
			1634	1247
			1633	1248
			1632	1248
			1631	1249
			1630	1249
			1629	1250
			1628	1250
			1627	1251
			1626	1251
			1625	1252
			1624	1252
			1623	1253
			1622	1253
			1621	1254
			1620	1254
			1619	1255
			1618	1255
			1617	1256
			1616	1256
			1615	1256
			1614	1257
			1613	1257
			1612	1258
			1611	1258
			1610	1259
			1609	1259
			1608	1259
			1607	1260
			1606	1260
			1605	1261
			1604	1261
			1603	1261
			1602	1262
			1601	1262
			1600	1262
			1600	1263
			1599	1263
			1598	1264
			1597	1264
			1596	1264
			1595	1265
			1594	1265
			1593	1265
			1592	1266
			1591	1266
			1590	1266
			1590	1267
			1589	1267
			1588	1267
			1587	1268
			1586	1268
			1585	1268
			1584	1269
			1583	1269
			1582	1269
			1581	1270
			1580	1270
			1579	1270
			1578	1271
			1577	1271
			1576	1272
			1575	1272
			1574	1272
			1573	1273
			1572	1273
			1571	1273
			1570	1273
			1569	1274
			1568	1274
			1567	1274
			1566	1275
			1565	1275
			1564	1275
			1563	1276
			1562	1276
			1561	1276
			1560	1277
			1559	1277
			1558	1277
			1557	1277
			1556	1278
			1555	1278
			1554	1278
			1553	1278
			1552	1279
			1551	1279
			1550	1279
			1549	1279
			1548	1280
			1547	1280
			1546	1280
			1545	1281
			1544	1281
			1543	1281
			1542	1281
			1541	1281
			1540	1282
			1539	1282
			1538	1282
			1537	1282
			1536	1283
			1535	1283
			1534	1283
			1533	1283
			1532	1284
			1531	1284
			1530	1284
			1529	1284
			1528	1284
			1527	1285
			1526	1285
			1525	1285
			1524	1285
			1523	1285
			1522	1286
			1521	1286
			1520	1286
			1519	1286
			1518	1286
			1517	1287
			1516	1287
			1515	1287
			1514	1287
			1513	1287
			1512	1287
			1511	1288
			1510	1288
			1509	1288
			1508	1288
			1507	1288
			1506	1288
			1505	1289
			1504	1289
			1503	1289
			1502	1289
			1501	1289
			1500	1289
			1499	1290
			1498	1290
			1497	1290
			1496	1290
			1495	1290
			1494	1290
			1493	1290
			1492	1290
			1491	1291
			1490	1291
			1489	1291
			1488	1291
			1487	1291
			1486	1291
			1485	1291
			1484	1291
			1483	1292
			1482	1292
			1481	1292
			1480	1292
			1479	1292
			1478	1292
			1477	1292
			1476	1292
			1475	1292
			1474	1292
			1473	1292
			1472	1293
			1471	1293
			1470	1293
			1469	1293
			1468	1293
			1467	1293
			1466	1293
			1465	1293
			1464	1293
			1463	1293
			1462	1293
			1461	1293
			1460	1293
			1459	1293
			1458	1293
			1457	1293
			1456	1294
			1455	1294
			1454	1294
			1453	1294
			1452	1294
			1451	1294
			1450	1294
			1449	1294
			1448	1294
			1447	1294
			1446	1294
			1445	1294
			1444	1294
			1443	1294
			1442	1294
			1441	1294
			1440	1294
			1439	1294
			1438	1294
			1437	1294
			1436	1294
			1435	1294
			1434	1294
			1433	1294
			1432	1294
			1431	1294
			1430	1294
			1429	1294
			1428	1294
			1427	1294
			1426	1294
			1425	1294
			1424	1294
			1423	1294
			1422	1294
			1421	1294
			1420	1294
			1419	1294
			1418	1294
			1417	1294
			1416	1294
			1415	1294
			1414	1294
			1413	1294
			1412	1294
			1411	1293
			1410	1293
			1409	1293
			1408	1293
			1407	1293
			1406	1293
			1405	1293
			1404	1293
			1403	1293
			1402	1293
			1401	1293
			1400	1293
			1399	1293
			1398	1293
			1397	1293
			1396	1293
			1395	1293
			1394	1292
			1393	1292
			1392	1292
			1391	1292
			1390	1292
			1389	1292
			1388	1292
			1387	1292
			1386	1292
			1385	1292
			1384	1292
			1383	1291
			1382	1291
			1381	1291
			1380	1291
			1379	1291
			1378	1291
			1377	1291
			1376	1291
			1375	1291
			1374	1291
			1373	1290
			1372	1290
			1371	1290
			1370	1290
			1369	1290
			1368	1290
			1367	1290
			1366	1290
			1365	1289
			1364	1289
			1363	1289
			1362	1289
			1361	1289
			1360	1289
			1359	1289
			1358	1289
			1358	1288
			1357	1288
			1356	1288
			1355	1288
			1354	1288
			1353	1288
			1352	1288
			1351	1287
			1350	1287
			1349	1287
			1348	1287
			1347	1287
			1346	1287
			1345	1287
			1344	1286
			1343	1286
			1342	1286
			1341	1286
			1340	1286
			1339	1286
			1338	1285
			1337	1285
			1336	1285
			1335	1285
			1334	1285
			1333	1284
			1332	1284
			1331	1284
			1330	1284
			1329	1284
			1328	1284
			1327	1283
			1326	1283
			1325	1283
			1324	1283
			1323	1283
			1322	1282
			1321	1282
			1320	1282
			1319	1282
			1318	1282
			1317	1281
			1316	1281
			1315	1281
			1314	1281
			1313	1281
			1312	1280
			1311	1280
			1310	1280
			1309	1280
			1308	1279
			1307	1279
			1306	1279
			1305	1279
			1304	1279
			1303	1278
			1302	1278
			1301	1278
			1300	1278
			1299	1277
			1298	1277
			1297	1277
			1296	1277
			1295	1276
			1294	1276
			1293	1276
			1292	1276
			1291	1275
			1290	1275
			1289	1275
			1288	1275
			1287	1274
			1286	1274
			1285	1274
			1284	1273
			1283	1273
			1282	1273
			1281	1272
			1280	1272
			1279	1271
			1278	1271
			1277	1271
			1276	1270
			1275	1270
			1274	1269
			1273	1269
			1272	1269
			1271	1268
			1270	1268
			1269	1267
			1268	1267
			1267	1267
			1266	1266
			1265	1266
			1264	1265
			1263	1265
			1262	1265
			1261	1264
			1260	1264
			1259	1263
			1258	1263
			1257	1263
			1256	1262
			1255	1262
			1254	1261
			1253	1261
			1252	1260
			1251	1260
			1250	1259
			1249	1259
			1248	1259
			1247	1258
			1246	1258
			1245	1257
			1244	1257
			1243	1256
			1242	1256
			1241	1256
			1241	1255
			1240	1255
			1239	1255
			1238	1254
			1237	1254
			1236	1253
			1235	1252
			1234	1252
			1233	1252
			1232	1251
			1231	1251
			1230	1250
			1229	1249
			1228	1249
			1227	1248
			1226	1248
			1225	1247
			1224	1247
			1223	1246
			1222	1246
			1221	1245
			1220	1245
			1219	1245
			1219	1244
			1218	1244
			1217	1244
			1217	1243
			1216	1243
			1215	1242
			1214	1242
			1213	1241
			1212	1241
			1211	1240
			1210	1240
			1209	1239
			1208	1239
			1207	1238
			1206	1238
			1206	1237
			1205	1237
			1204	1236
			1203	1236
			1202	1235
			1201	1235
			1201	1234
			1200	1234
			1199	1233
			1198	1233
			1197	1232
			1196	1232
			1196	1231
			1195	1231
			1194	1230
			1193	1230
			1192	1229
			1191	1229
			1191	1228
			1190	1228
			1189	1227
			1188	1227
			1187	1226
			1186	1225
			1185	1224
			1184	1224
			1183	1223
			1182	1223
			1181	1222
			1180	1221
			1179	1221
			1178	1220
			1177	1219
			1176	1219
			1175	1218
			1174	1217
			1173	1217
			1172	1216
			1171	1215
			1170	1214
			1169	1213
			1168	1213
			1167	1212
			1166	1211
			1165	1210
			1164	1210
			1163	1209
			1162	1209
			1161	1208
			1160	1207
			1159	1206
			1158	1206
			1157	1205
			1156	1204
			1155	1203
			1154	1203
			1153	1202
			1152	1201
			1151	1201
			1151	1200
			1150	1199
			1149	1198
			1148	1198
			1147	1197
			1146	1196
			1145	1195
			1144	1195
			1143	1194
			1142	1193
			1142	1192
			1141	1192
			1140	1191
			1139	1190
			1138	1189
			1137	1189
			1136	1188
			1135	1187
			1135	1186
			1134	1186
			1133	1185
			1132	1184
			1131	1183
			1130	1182
			1129	1182
			1129	1181
			1128	1180
			1127	1179
			1126	1178
			1125	1178
			1124	1177
			1123	1176
			1123	1175
			1122	1174
			1121	1174
			1120	1173
			1119	1172
			1119	1171
			1118	1170
			1117	1170
			1116	1169
			1115	1168
			1114	1167
			1114	1166
			1113	1165
			1112	1165
			1111	1164
			1110	1163
			1110	1162
			1109	1161
			1108	1160
			1107	1160
			1106	1159
			1106	1158
			1105	1157
			1104	1156
			1103	1155
			1103	1154
			1102	1154
			1101	1153
			1100	1152
			1100	1151
			1099	1150
			1098	1149
			1097	1148
			1096	1147
			1095	1146
			1094	1145
			1093	1144
			1093	1143
			1092	1143
			1092	1142
			1091	1141
			1090	1140
			1089	1139
			1089	1138
			1088	1137
			1087	1136
			1086	1135
			1085	1134
			1085	1133
			1084	1132
			1083	1131
			1082	1130
			1082	1129
			1081	1128
			1080	1127
			1080	1126
			1079	1125
			1078	1124
			1077	1123
			1077	1122
			1076	1121
			1075	1120
			1075	1119
			1074	1118
			1073	1117
			1072	1116
			1071	1115
			1071	1114
			1070	1113
			1069	1112
			1069	1111
			1068	1110
			1068	1109
			1067	1108
			1066	1108
			1066	1107
			1065	1106
			1065	1105
			1064	1104
			1064	1103
			1063	1102
			1062	1101
			1061	1100
			1061	1099
			1060	1098
			1060	1097
			1059	1096
			1058	1095
			1058	1094
			1057	1093
			1057	1092
			1056	1091
			1056	1090
			1055	1090
			1055	1089
			1054	1088
			1054	1087
			1053	1086
			1053	1085
			1052	1084
			1051	1083
			1051	1082
			1050	1081
			1050	1080
			1049	1079
			1049	1078
			1048	1077
			1048	1076
			1047	1075
			1047	1074
			1046	1073
			1046	1072
			1045	1071
			1045	1070
			1044	1069
			1044	1068
			1043	1067
			1043	1066
			1042	1065
			1042	1064
			1041	1063
			1041	1062
			1040	1061
			1040	1060
			1039	1059
			1039	1058
			1038	1057
			1038	1056
			1037	1055
			1037	1054
			1036	1053
			1036	1052
			1035	1051
			1035	1050
			1034	1049
			1034	1048
			1033	1047
			1033	1046
			1032	1045
			1032	1044
			1032	1043
			1031	1042
			1031	1041
			1030	1040
			1030	1039
			1029	1038
			1029	1037
			1028	1036
			1028	1035
			1028	1034
			1027	1033
			1027	1032
			1026	1031
			1026	1030
			1026	1029
			1025	1028
			1025	1027
			1025	1026
			1024	1025
			1024	1024
			1023	1023
			1023	1022
			1023	1021
			1022	1020
			1022	1019
			1022	1018
			1021	1017
			1021	1016
			1021	1015
			1020	1015
			1020	1014
			1019	1013
			1019	1012
			1019	1011
			1018	1010
			1018	1009
			1018	1008
			1017	1007
			1017	1006
			1017	1005
			1016	1004
			1016	1003
			1016	1002
			1016	1001
			1015	1000
			1015	999
			1015	998
			1014	997
			1014	996
			1014	995
			1013	994
			1013	993
			1012	992
			1012	991
			1012	990
			1012	989
			1011	988
			1011	987
			1011	986
			1010	985
			1010	984
			1010	983
			1010	982
			1009	981
			1009	980
			1009	979
			1008	978
			1008	977
			1008	976
			1007	975
			1007	974
			1007	973
			1007	972
			1007	971
			1006	971
			1006	970
			1006	969
			1006	968
			1005	967
			1005	966
			1005	965
			1005	964
			1004	963
			1004	962
			1004	961
			1004	960
			1003	959
			1003	958
			1003	957
			1003	956
			1003	955
			1002	954
			1002	953
			1002	952
			1001	951
			1001	950
			1001	949
			1001	948
			1001	947
			1000	946
			1000	945
			1000	944
			1000	943
			999	942
			999	941
			999	940
			999	939
			999	938
			998	937
			998	936
			998	935
			998	934
			998	933
			997	932
			997	931
			997	930
			997	929
			997	928
			996	927
			996	926
			996	925
			996	924
			996	923
			996	922
			995	921
			995	920
			995	919
			995	918
			995	917
			995	916
			995	915
			995	914
			996	913
			996	912
			996	911
			996	910
			996	909
			996	908
			996	907
			996	906
			996	905
			996	904
			996	903
			997	902
			997	901
			997	900
			997	899
			997	898
			997	897
			997	896
			997	895
			997	894
			998	893
			998	892
			998	891
			998	890
			998	889
			998	888
			998	887
			998	886
			998	885
			999	884
			999	883
			999	882
			999	881
			999	880
			999	879
			999	878
			999	877
			1000	876
			1000	875
			1000	874
			1000	873
			1000	872
			1000	871
			1000	870
			1000	869
			1001	868
			1001	867
			1001	866
			1001	865
			1001	864
			1001	863
			1001	862
			1002	861
			1002	860
			1002	859
			1002	858
			1002	857
			1002	856
			1003	855
			1003	854
			1003	853
			1003	852
			1003	851
			1003	850
			1004	849
			1004	848
			1004	847
			1004	846
			1004	845
			1004	844
			1005	843
			1005	842
			1005	841
			1005	840
			1005	839
			1005	838
			1006	838
			1006	837
			1006	836
			1006	835
			1006	834
			1006	833
			1007	832
			1007	831
			1007	830
			1007	829
			1007	828
			1008	827
			1008	826
			1008	825
			1008	824
			1008	823
			1009	823
			1009	822
			1009	821
			1009	820
			1009	819
			1010	818
			1010	817
			1010	816
			1010	815
			1010	814
			1011	813
			1011	812
			1011	811
			1011	810
			1012	809
			1012	808
			1012	807
			1012	806
			1013	805
			1013	804
			1013	803
			1013	802
			1014	801
			1014	800
			1014	799
			1014	798
			1015	797
			1015	796
			1015	795
			1015	794
			1016	793
			1016	792
			1016	791
			1016	790
			1017	789
			1017	788
			1017	787
			1017	786
			1018	786
			1018	785
			1018	784
			1018	783
			1019	782
			1019	781
			1019	780
			1019	779
			1020	779
			1020	778
			1020	777
			1020	776
			1021	776
			1021	775
			1021	774
			1021	773
			1021	772
			1022	772
			1022	771
			1022	770
			1022	769
			1023	769
			1023	768
			1023	767
			1023	766
			1024	766
			1024	765
			1024	764
			1024	763
			1025	763
			1025	762
			1025	761
			1025	760
			1026	760
			1026	759
			1026	758
			1026	757
			1027	757
			1027	756
			1027	755
			1027	754
			1028	754
			1028	753
			1028	752
			1028	751
			1029	751
			1029	750
			1029	749
			1030	748
			1030	747
			1030	746
			1031	745
			1031	744
			1031	743
			1032	743
			1032	742
			1032	741
			1033	740
			1033	739
			1033	738
			1034	737
			1034	736
			1035	735
			1035	734
			1036	733
			1036	732
			1036	731
			1037	730
			1037	729
			1038	728
			1038	727
			1038	726
			1039	725
			1039	724
			1040	723
			1040	722
			1041	721
			1041	720
			1041	719
			1042	718
			1042	717
			1043	716
			1043	715
			1044	714
			1044	713
			1045	712
			1045	711
			1045	710
			1046	709
			1046	708
			1047	707
			1047	706
			1048	705
			1048	704
			1049	703
			1050	702
			1050	701
			1050	700
			1051	700
			1051	699
			1051	698
			1052	698
			1052	697
			1052	696
			1053	696
			1053	695
			1053	694
			1054	694
			1054	693
			1054	692
			1055	692
			1055	691
			1056	690
			1056	689
			1057	688
			1057	687
			1058	686
			1058	685
			1059	685
			1059	684
			1060	683
			1060	682
			1061	681
			1061	680
			1062	679
			1063	678
			1063	677
			1064	676
			1064	675
			1065	675
			1065	674
			1066	673
			1066	672
			1067	671
			1068	670
			1068	669
			1069	668
			1069	667
			1070	667
			1070	666
			1071	665
			1071	664
			1072	663
			1073	662
			1073	661
			1074	661
			1074	660
			1075	659
			1076	658
			1076	657
			1077	656
			1078	655
			1079	654
			1079	653
			1080	652
			1081	651
			1082	650
			1082	649
			1083	648
			1084	647
			1084	646
			1085	645
			1086	644
			1087	643
			1087	642
			1088	641
			1089	640
			1090	639
			1091	638
			1091	637
			1092	636
			1093	635
			1094	635
			1094	634
			1095	633
			1096	632
			1097	631
			1098	630
			1098	629
			1099	628
			1100	627
			1101	626
			1102	625
			1103	624
			1104	623
			1105	622
			1106	621
			1107	620
			1108	619
			1109	618
			1110	617
			1111	616
			1111	615
			1112	615
			1113	614
			1113	613
			1114	613
			1114	612
			1115	612
			1116	611
			1117	610
			1118	609
			1119	608
			1120	607
			1121	606
			1122	606
			1122	605
			1123	604
			1124	603
			1125	603
			1125	602
			1126	601
			1127	601
			1128	600
			1129	599
			1130	598
			1131	597
			1132	597
			1133	596
			1134	595
			1135	594
			1136	593
			1137	593
			1138	592
			1139	591
			1140	590
			1141	590
			1142	589
			1143	588
			1144	588
			1145	587
			1146	586
			1147	585
			1148	585
			1149	584
			1150	583
			1151	583
			1152	582
			1153	581
			1154	580
			1155	580
			1156	579
			1157	578
			1158	578
			1159	577
			1160	576
			1161	576
			1162	575
			1163	574
			1164	574
			1165	573
			1166	572
			1167	572
			1168	571
			1169	571
			1170	570
			1171	569
			1172	569
			1173	569
			1173	568
			1174	568
			1175	567
			1176	567
			1177	566
			1178	566
			1179	565
			1180	565
			1180	564
			1181	564
			1182	563
			1183	563
			1184	563
			1184	562
			1185	562
			1186	561
			1187	561
			1188	561
			1188	560
			1189	560
			1190	559
			1191	559
			1192	559
			1193	558
			1194	557
			1195	557
			1196	556
			1197	556
			1198	555
			1199	555
			1200	555
			1201	554
			1202	554
			1203	553
			1204	553
			1205	552
			1206	552
			1207	551
			1208	551
			1209	551
			1210	551
			1210	550
			1211	550
			1212	550
			1212	549
			1213	549
			1214	549
			1215	549
			1215	548
			1216	548
			1217	548
			1217	547
			1218	547
			1219	547
			1220	547
			1220	546
			1221	546
			1222	546
			1223	545
			1224	545
			1225	544
			1226	544
			1227	544
			1228	543
			1229	543
			1230	543
			1231	542
			1232	542
			1233	541
			1234	541
			1235	541
			1236	540
			1237	540
			1238	540
			1239	539
			1240	539
			1241	539
			1242	538
			1243	538
			1244	538
			1245	537
			1246	537
			1247	537
			1248	536
			1249	536
			1250	536
			1251	535
			1252	535
			1253	535
			1254	534
			1255	534
			1256	534
			1257	534
			1257	533
			1258	533
			1259	533
			1260	533
			1261	532
			1262	532
			1263	532
			1264	531
			1265	531
			1266	531
			1267	530
			1268	530
			1269	530
			1270	530
			1271	529
			1272	529
			1273	529
			1274	528
			1275	528
			1276	528
			1277	528
			1277	527
			1278	527
			1279	527
			1280	527
			1281	526
			1282	526
			1283	526
			1284	526
			1285	526
			1285	525
			1286	525
			1287	525
			1288	525
			1288	524
			1289	524
			1290	524
			1291	524
			1292	524
			1293	523
			1294	523
			1295	523
			1296	523
			1297	522
			1298	522
			1299	522
			1300	522
			1301	522
			1302	521
			1303	521
			1304	521
			1305	521
			1306	520
			1307	520
			1308	520
			1309	520
			1310	519
			1311	519
			1312	519
			1313	519
			1314	519
			1315	518
			1316	518
			1317	518
			1318	518
			1319	518
			1320	517
			1321	517
			1322	517
			1323	517
			1324	517
			1325	517
			1326	516
			1327	516
			1328	516
			1329	516
			1330	516
			1331	516
			1332	515
			1333	515
			1334	515
			1335	515
			1336	515
			1337	515
			1338	514
			1339	514
			1340	514
			1341	514
			1342	514
			1343	514
			1344	513
			1345	513
			1346	513
			1347	513
			1348	513
			1349	513
			1350	513
			1351	513
			1352	512
			1353	512
			1354	512
			1355	512
			1356	512
			1357	512
			1358	512
			1359	512
			1360	511
			1361	511
			1362	511
			1363	511
			1364	511
			1365	511
			1366	511
			1367	511
			1368	511
			1369	511
			1370	511
			1371	510
			1372	510
			1373	510
			1374	510
			1375	510
			1376	510
			1377	510
			1378	510
			1379	510
			1380	510
			1381	510
			1382	510
			1383	510
			1384	510
			1385	509
			1386	509
			1387	509
			1388	509
			1389	509
			1390	509
			1391	509
			1392	509
			1393	509
			1394	509
			1395	509
			1396	509
			1397	509
			1398	509
			1399	509
			1400	509
			1401	509
			1402	509
			1403	509
			1404	509
			1405	509
			1406	509
			1407	509
			1408	509
			1409	509
			1410	509
			1411	509
			1412	509
			1413	509
			1414	509
			1415	509
			1416	509
			1417	509
			1418	509
			1419	509
			1420	509
			1421	509
			1422	509
			1423	509
			1424	509
			1425	509
			1426	509
			1427	509
			1428	509
			1429	509
			1430	509
			1431	509
			1432	509
			1433	509
			1434	510
			1435	510
			1436	510
			1437	510
			1438	510
			1439	510
			1440	510
			1441	510
			1442	510
			1443	510
			1444	510
			1445	510
			1446	510
			1447	510
			1448	511
			1449	511
			1450	511
			1451	511
			1452	511
			1453	511
			1454	511
			1455	511
			1456	511
			1457	511
			1458	512
			1459	512
			1460	512
			1461	512
			1462	512
			1463	512
			1464	512
			1465	512
			1466	513
			1467	513
			1468	513
			1469	513
			1470	513
			1471	513
			1472	513
			1473	513
			1474	514
			1475	514
			1476	514
			1477	514
			1478	514
			1479	514
			1480	515
			1481	515
			1482	515
			1483	515
			1484	515
			1485	515
			1486	516
			1487	516
			1488	516
			1489	516
			1490	516
			1491	516
			1492	517
			1493	517
			1494	517
			1495	517
			1496	518
			1497	518
			1498	518
			1499	518
			1500	518
			1501	519
			1502	519
			1503	519
			1504	519
			1505	520
			1506	520
			1507	520
			1508	520
			1509	520
			1510	521
			1511	521
			1512	521
			1513	521
			1514	522
			1515	522
			1516	522
			1517	522
			1518	523
			1519	523
			1520	523
			1521	524
			1522	524
			1523	524
			1524	524
			1525	525
			1526	525
			1527	525
			1528	525
			1529	526
			1530	526
			1531	526
			1532	527
			1533	527
			1534	527
			1535	528
			1536	528
			1537	528
			1538	528
			1539	529
			1540	529
			1541	529
			1542	530
			1543	530
			1544	530
			1545	531
			1546	531
			1547	531
			1548	532
			1549	532
			1550	532
			1551	533
			1552	533
			1553	533
			1554	534
			1555	534
			1556	534
			1557	535
			1558	535
			1559	535
			1560	536
			1561	536
			1562	537
			1563	537
			1564	537
			1565	538
			1566	538
			1567	538
			1568	539
			1569	539
			1570	540
			1571	540
			1572	540
			1573	541
			1574	541
			1575	542
			1576	542
			1577	542
			1578	543
			1579	543
			1580	544
			1581	544
			1582	544
			1583	545
			1584	546
			1585	546
			1586	546
			1587	547
			1588	547
			1589	548
			1590	548
			1591	549
			1592	549
			1593	549
			1594	550
			1595	551
			1596	551
			1597	551
			1598	552
			1599	552
			1600	553
			1601	553
			1602	554
			1603	554
			1604	555
			1605	555
			1606	556
			1607	556
			1608	557
			1609	557
			1610	558
			1611	558
			1612	559
			1613	559
			1614	560
			1615	560
			1616	561
			1617	561
			1618	562
			1619	563
			1620	563
			1621	564
			1622	564
			1623	565
			1624	566
			1625	566
			1626	566
			1626	567
			1627	567
			1628	568
			1629	569
			1630	569
			1631	570
			1632	570
			1633	571
			1634	572
			1635	573
			1636	573
			1637	574
			1638	574
			1639	575
			1640	576
			1641	577
			1642	578
			1643	578
			1644	579
			1645	579
			1646	580
			1647	581
			1648	582
			1649	582
			1649	583
			1650	583
			1651	584
			1652	584
			1652	585
			1653	585
			1654	586
			1655	586
			1655	587
			1656	588
			1657	588
			1658	589
			1659	590
			1660	591
			1661	591
			1662	592
			1663	593
			1664	593
			1664	594
			1665	595
			1666	595
			1667	596
			1668	597
			1669	597
			1670	598
			1671	599
			1672	600
			1673	601
			1674	602
			1675	603
			1676	603
			1677	604
			1678	605
			1679	606
			1680	607
			1681	608
			1682	608
			1683	609
			1684	610
			1685	611
			1686	612
			1687	613
			1688	614
			1689	614
			1690	615
			1691	616
			1692	617
			1693	618
			1694	619
			1695	620
			1696	621
			1697	621
			1698	622
			1699	623
			1700	624
			1701	625
			1702	626
			1703	627
			1703	628
			1704	628
			1705	629
			1706	630
			1707	631
			1708	632
			1709	633
			1710	634
			1711	635
			1712	636
			1713	637
			1714	638
			1715	639
			1716	640
			1717	641
			1718	642
			1719	643
			1720	644
			1721	645
			1721	646
			1722	647
			1723	647
			1724	648
			1724	649
			1725	650
			1726	651
			1727	651
			1727	652
			1728	653
			1729	654
			1729	655
			1730	655
			1731	656
			1732	657
			1732	658
			1733	659
			1734	660
			1735	661
			1736	662
			1737	663
			1738	664
			1738	665
			1739	666
			1740	667
			1741	668
			1742	669
			1743	670
			1743	671
			1744	672
			1745	673
			1746	674
			1747	675
			1747	676
			1748	677
			1749	678
			1750	679
			1750	680
			1751	681
			1752	682
			1753	683
			1754	684
			1754	685
			1755	686
			1756	687
			1757	688
			1757	689
			1758	690
			1758	691
			1759	691
			1759	692
			1759	693
			1760	693
			1760	694
			1761	695
			1762	696
			1763	697
			1763	698
			1764	699
			1764	700
			1765	701
			1766	702
			1767	703
			1767	704
			1768	705
			1768	706
			1769	707
			1769	708
			1770	709
			1771	709
			1771	710
			1772	711
			1772	712
			1773	713
			1774	714
			1774	715
			1775	716
			1775	717
			1776	718
			1776	719
			1777	720
			1778	721
			1778	722
			1779	723
			1779	724
			1780	725
			1781	726
			1781	727
			1782	728
			1782	729
			1783	730
			1783	731
			1784	732
			1785	733
			1785	734
			1786	735
			1786	736
			1787	737
			1787	738
			1788	739
			1788	740
			1789	741
			1789	742
			1790	743
			1790	744
			1791	745
			1791	746
			1792	747
			1792	748
			1793	749
			1793	750
			1793	751
			1794	751
			1794	752
			1794	753
			1795	753
			1795	754
			1795	755
			1796	756
			1796	757
			1797	758
			1797	759
			1798	760
			1798	761
			1799	762
			1799	763
			1800	764
			1800	765
			1800	766
			1801	767
			1801	768
			1802	769
			1802	770
			1802	771
			1803	771
			1803	772
			1803	773
			1804	774
			1804	775
			1805	776
			1805	777
			1805	778
			1806	779
			1806	780
			1806	781
			1807	782
			1807	783
			1808	784
			1808	785
			1808	786
			1809	787
			1809	788
			1809	789
			1810	790
			1810	791
			1811	792
			1811	793
			1811	794
			1812	795
			1812	796
			1812	797
			1813	798
			1813	799
			1813	800
			1814	801
			1814	802
			1814	803
			1815	804
			1815	805
			1815	806
			1816	807
			1816	808
			1816	809
			1816	810
			1817	811
			1817	812
			1817	813
			1818	814
			1818	815
			1818	816
			1819	817
			1819	818
			1819	819
			1819	820
			1820	821
			1820	822
			1820	823
			1820	824
			1821	825
			1821	826
			1821	827
			1822	828
			1822	829
			1822	830
			1822	831
			1823	832
			1823	833
			1823	834
			1823	835
			1824	836
			1824	837
			1824	838
			1824	839
			1825	840
			1825	841
			1825	842
			1825	843
			1825	844
			1826	845
			1826	846
			1826	847
			1826	848
			1826	849
			1827	850
			1827	851
			1827	852
			1827	853
			1827	854
			1828	854
			1828	855
			1828	856
			1828	857
			1828	858
			1828	859
			1829	860
			1829	861
			1829	862
			1829	863
			1829	864
			1829	865
			1830	866
			1830	867
			1830	868
			1830	869
			1830	870
			1831	871
			1831	872
			1831	873
			1831	874
			1831	875
			1831	876
			1831	877
			1832	878
			1832	879
			1832	880
			1832	881
			1832	882
			1832	883
			1832	884
			1833	885
			1833	886
			1833	887
			1833	888
			1833	889
			1833	890
			1833	891
			1833	892
			1833	893
			1834	894
			1834	895
			1834	896
			1834	897
			1834	898
			1834	899
			1834	900
			1834	901
			1834	902
			1835	903
			1835	904
			1835	905
			1835	906
			1835	907
			1835	908
			1835	909
			1835	910
			1835	911
			1835	912
			1835	913
			1836	914
			1836	915
			1836	916
			1836	917
			1836	918
			1836	919
			1836	920
			1836	921
			1836	922
			1836	923
			1836	924
			1836	925
			1836	926
			1836	927
			1836	928
			1836	929
			1836	930
			1837	931
			1837	932
			1837	933
			1837	934
			1837	935
			1837	936
			1837	937
			1837	938
			1837	939
			1837	940
			1837	941
			1837	942
			1837	943
			1837	944
			1837	945
			1837	946
			1837	947
			1837	948
			1837	949
			1836	950
			1836	951
			1836	952
			1836	953
			1836	954
			1835	955
			1835	956
			1835	957
			1835	958
			1835	959
			1834	960
			1834	961
			1834	962
			1834	963
			1833	964
			1833	965
			1833	966
			1833	967
			1832	968
			1832	969
			1832	970
			1832	971
			1832	972
			1831	973
			1831	974
			1831	975
			1831	976
			1830	977
			1830	978
			1830	979
			1830	980
			1829	981
			1829	982
			1829	983
			1829	984
			1829	985
			1828	986
			1828	987
			1828	988
			1828	989
			1827	989
			1827	990
			1827	991
			1827	992
			1826	993
			1826	994
			1826	995
			1825	996
			1825	997
			1825	998
			1825	999
			1824	1000
			1824	1001
			1824	1002
			1824	1003
			1823	1004
			1823	1005
			1823	1006
			1822	1007
			1822	1008
			1822	1009
			1821	1010
			1821	1011
			1821	1012
			1821	1013
			1820	1014
			1820	1015
			1820	1016
			1819	1017
			1819	1018
			1819	1019
			1818	1020
			1818	1021
			1818	1022
			1818	1023
			1817	1024
			1817	1025
			1816	1026
			1816	1027
			1816	1028
			1815	1029
			1815	1030
			1815	1031
			1814	1032
			1814	1033
			1814	1034
			1813	1035
			1813	1036
			1813	1037
			1812	1038
			1812	1039
			1812	1040
			1811	1041
			1811	1042
			1810	1043
			1810	1044
			1810	1045
			1809	1046
			1809	1047
			1808	1048
			1808	1049
			1808	1050
			1808	1051
			1807	1051
			1807	1052
			1807	1053
			1806	1054
			1806	1055
			1805	1056
			1805	1057
			1805	1058
			1804	1059
			1804	1060
			1803	1061
			1803	1062
			1803	1063
			1802	1064
			1801	1065
			1801	1066
			1801	1067
			1800	1068
			1800	1069
			1799	1070
			1799	1071
			1799	1072
			1798	1073
			1798	1074
			1797	1075
			1797	1076
			1796	1077
			1796	1078
			1795	1079
			1795	1080
			1795	1081
			1794	1082
			1794	1083
			1793	1083
			1793	1084
			1792	1085
			1792	1086
			1792	1087
			1791	1088
			1791	1089
			1790	1090
			1790	1091
			1789	1091
			1789	1092
			1788	1093
			1788	1094
			1787	1095
			1787	1096
			1787	1097
			1786	1098
			1786	1099
			1785	1099
			1785	1100
			1784	1101
			1784	1102
			1783	1103
			1783	1104
			1782	1105
			1781	1106
			1781	1107
			1780	1108
			1780	1109
			1779	1110
			1779	1111
			1778	1112
			1777	1113
			1777	1114
			1776	1115
			1776	1116
			1775	1117
			1774	1118
			1774	1119
			1773	1120
			1773	1121
			1772	1122
			1771	1123
			1771	1124
			1770	1125
			1770	1126
			1769	1127
			1768	1128
			1768	1129
			1767	1130
			1766	1131
			1766	1132
			1765	1133
			1765	1134
			1764	1135
			1763	1136
			1763	1137
			1762	1138
			1761	1138
			1761	1139
			1760	1140
			1759	1141
			1759	1142
			1758	1143
			1757	1144
			1757	1145
			1756	1146
			1755	1147
			1755	1148
			1754	1149
			1753	1149
			1753	1150
			1752	1151
			1751	1152
			1751	1153
			1750	1154
			1749	1155
			1749	1156
			1748	1156
			1747	1157
			1747	1158
			1746	1159
			1745	1160
			1744	1161
			1744	1162
			1743	1162
			1742	1163
			1742	1164
			1741	1165
			1740	1166
			1740	1167
			1739	1167
			1738	1168
			1737	1169
			1737	1170
			1736	1171
			1735	1172
			1734	1172
			1734	1173
			1733	1174
			1732	1175
			1731	1176
			1730	1177
			1729	1178
			1728	1179
			1727	1180
			1726	1181
			1725	1182
			1725	1183
			1724	1184
			1723	1185
			1722	1186
			1721	1187
			1720	1187
			1719	1188
			1718	1189
			1717	1190
			1716	1191
			1715	1192
			1714	1193
			1713	1194
			1712	1195
			1711	1195
			1710	1196
			1710	1197
			1709	1198
			1708	1199
			1707	1200
			1706	1201
			1705	1201
			1704	1202
			1703	1203
			1702	1204
			1701	1205
			1700	1206
			1699	1206
			1698	1207
			1697	1208
			1696	1209
			1695	1210
			1694	1210
			1693	1211
			1692	1212
			1691	1213
			1690	1214
			1689	1214
		</Eye>
	</curves.pixel>
	<ruler.points type=matrix rownames=TRUE colnames=FALSE nrow=2 ncol=2 as.numeric=TRUE >
		Ruler point 1	2	1894
		Ruler point 2	104	1894
	</ruler.points>
</shapes>

