<shapes type=list>
	<scaling type=logical names=FALSE length=1 as.numeric=FALSE >NA</scaling>
	<landmarks.pixel type=matrix rownames=TRUE colnames=FALSE nrow=11 ncol=2 as.numeric=TRUE >
		LM1Forehead	1744	329
		LM2UJFront	2282	1383
		LM3UJBack	1767	1540
		LM4LacOrb	1597	1110
		LM5QJoint	1718	1609
		LM6IOPL	1706	1736
		LM7IOPSOP	674	1761
		LM8A2A1	959	1239
		LM9A1A3	868	882
		LM10TopMuscR	711	693
		LM11TopMuscL	280	608
	</landmarks.pixel>
	<curves.control type=list>
		<Profile type=matrix rownames=FALSE colnames=FALSE nrow=7 ncol=2 as.numeric=TRUE >
			1744	329
			2009	537
			2274	789
			2551	1170
			2478	1335
			2378	1504
			2282	1383
		</Profile>
		<Eye type=matrix rownames=FALSE colnames=FALSE nrow=13 ncol=2 as.numeric=TRUE >
			1597	1110
			1358	1175
			1172	1053
			1015	945
			1011	741
			1046	498
			1232	399
			1480	303
			1710	485
			1831	659
			1809	849
			1762	1040
			1597	1110
		</Eye>
	</curves.control>
	<curves.pixel type=list>
		<Profile type=matrix rownames=FALSE colnames=FALSE nrow=1359 ncol=2 as.numeric=TRUE >
			1744	329
			1745	330
			1746	331
			1747	331
			1748	332
			1749	333
			1750	334
			1751	335
			1752	335
			1753	336
			1754	337
			1755	338
			1756	339
			1757	339
			1758	340
			1759	341
			1760	342
			1761	343
			1762	343
			1763	344
			1764	345
			1765	346
			1766	347
			1767	347
			1768	348
			1769	349
			1770	350
			1771	351
			1772	351
			1773	352
			1774	352
			1774	353
			1775	353
			1776	354
			1777	355
			1778	356
			1779	357
			1780	358
			1781	358
			1782	359
			1783	360
			1784	361
			1785	361
			1786	362
			1787	363
			1788	364
			1789	365
			1790	366
			1791	367
			1792	367
			1793	368
			1794	369
			1795	370
			1796	370
			1797	371
			1798	371
			1798	372
			1799	373
			1800	373
			1801	374
			1801	375
			1802	375
			1803	376
			1804	376
			1804	377
			1805	378
			1806	378
			1807	379
			1808	380
			1809	381
			1810	382
			1811	382
			1812	383
			1813	384
			1814	384
			1815	385
			1815	386
			1816	387
			1817	387
			1818	388
			1819	389
			1820	390
			1821	390
			1822	391
			1823	392
			1824	393
			1825	393
			1826	394
			1826	395
			1827	396
			1828	396
			1829	397
			1830	398
			1831	398
			1832	399
			1833	400
			1834	401
			1835	401
			1836	402
			1836	403
			1837	404
			1838	404
			1839	405
			1840	406
			1841	407
			1842	407
			1843	408
			1844	409
			1845	410
			1846	410
			1846	411
			1847	412
			1848	413
			1849	413
			1850	414
			1851	415
			1852	416
			1853	416
			1854	417
			1855	418
			1856	419
			1857	419
			1857	420
			1858	421
			1859	422
			1860	422
			1861	423
			1862	424
			1863	425
			1864	425
			1865	426
			1866	427
			1867	428
			1868	429
			1869	430
			1870	430
			1871	431
			1871	432
			1872	432
			1873	433
			1874	434
			1875	435
			1876	435
			1877	436
			1878	437
			1879	437
			1879	438
			1880	439
			1881	439
			1882	440
			1882	441
			1883	441
			1884	442
			1885	443
			1886	443
			1886	444
			1887	445
			1888	445
			1889	446
			1890	447
			1891	448
			1892	449
			1893	449
			1894	450
			1895	451
			1896	452
			1897	453
			1898	453
			1899	454
			1900	455
			1901	456
			1902	457
			1903	458
			1904	459
			1905	459
			1905	460
			1906	460
			1907	461
			1908	462
			1909	463
			1910	464
			1911	464
			1912	465
			1913	466
			1914	467
			1915	468
			1916	469
			1917	470
			1918	470
			1919	471
			1920	472
			1921	473
			1922	474
			1923	474
			1924	475
			1925	476
			1926	477
			1927	478
			1928	479
			1929	479
			1930	480
			1931	481
			1932	482
			1933	483
			1934	484
			1935	484
			1936	485
			1937	486
			1938	487
			1939	488
			1940	489
			1941	489
			1942	490
			1943	491
			1944	492
			1945	493
			1946	494
			1947	495
			1948	496
			1949	496
			1950	497
			1950	498
			1951	498
			1952	499
			1953	500
			1954	501
			1955	501
			1956	502
			1957	503
			1957	504
			1958	504
			1959	505
			1960	506
			1961	506
			1962	507
			1962	508
			1963	509
			1964	509
			1965	510
			1966	511
			1967	512
			1968	512
			1968	513
			1969	514
			1970	514
			1971	515
			1972	516
			1973	517
			1974	518
			1975	519
			1976	520
			1977	521
			1978	522
			1979	522
			1980	523
			1981	524
			1982	525
			1983	526
			1984	527
			1985	528
			1986	529
			1987	529
			1988	530
			1989	531
			1990	532
			1991	533
			1992	533
			1993	534
			1994	535
			1995	536
			1996	537
			1997	538
			1998	539
			1999	539
			2000	540
			2001	541
			2002	542
			2003	542
			2004	543
			2004	544
			2005	545
			2006	546
			2007	546
			2008	547
			2009	548
			2010	549
			2011	549
			2011	550
			2012	551
			2013	552
			2014	552
			2015	553
			2016	554
			2017	555
			2018	555
			2018	556
			2019	557
			2020	558
			2021	558
			2022	559
			2023	560
			2024	561
			2025	562
			2026	563
			2027	564
			2028	565
			2029	566
			2030	566
			2031	567
			2031	568
			2032	568
			2033	569
			2034	570
			2035	571
			2036	572
			2037	573
			2038	573
			2039	574
			2039	575
			2040	575
			2041	576
			2042	577
			2043	577
			2043	578
			2044	579
			2045	579
			2046	580
			2046	581
			2047	581
			2048	582
			2049	583
			2050	584
			2051	585
			2052	586
			2053	586
			2054	587
			2055	588
			2056	589
			2056	590
			2057	590
			2058	591
			2059	592
			2060	593
			2061	594
			2062	594
			2063	595
			2064	596
			2065	597
			2066	598
			2067	599
			2068	600
			2069	601
			2070	601
			2070	602
			2071	603
			2072	603
			2072	604
			2073	604
			2074	605
			2075	606
			2076	607
			2077	608
			2078	609
			2079	609
			2080	610
			2080	611
			2081	611
			2082	612
			2083	613
			2084	614
			2085	615
			2086	616
			2087	617
			2088	618
			2089	618
			2090	619
			2091	620
			2092	621
			2093	622
			2094	623
			2095	623
			2096	624
			2096	625
			2097	626
			2098	627
			2099	628
			2100	629
			2101	629
			2102	630
			2103	631
			2104	632
			2105	633
			2106	634
			2107	634
			2108	635
			2109	636
			2110	637
			2111	638
			2112	639
			2113	640
			2114	641
			2115	642
			2116	642
			2116	643
			2117	644
			2118	644
			2119	645
			2119	646
			2120	646
			2121	647
			2122	648
			2123	649
			2124	650
			2125	651
			2126	651
			2127	652
			2127	653
			2128	654
			2129	654
			2130	655
			2131	656
			2131	657
			2132	657
			2133	658
			2134	659
			2135	660
			2136	661
			2137	662
			2138	663
			2139	664
			2140	665
			2141	665
			2142	666
			2143	667
			2144	668
			2145	669
			2146	670
			2147	671
			2148	672
			2149	673
			2150	673
			2151	674
			2152	675
			2153	676
			2154	677
			2155	678
			2156	679
			2157	680
			2158	681
			2159	682
			2160	682
			2161	683
			2162	684
			2163	685
			2164	686
			2165	687
			2166	688
			2167	689
			2168	690
			2169	691
			2170	691
			2171	692
			2172	693
			2173	694
			2173	695
			2174	696
			2175	697
			2176	698
			2177	699
			2178	700
			2179	700
			2180	701
			2181	702
			2182	703
			2183	704
			2184	705
			2185	706
			2186	707
			2187	708
			2188	709
			2189	709
			2190	710
			2191	711
			2192	712
			2193	713
			2194	714
			2195	715
			2196	716
			2197	717
			2198	718
			2199	718
			2200	719
			2201	720
			2202	721
			2203	722
			2204	723
			2205	724
			2206	725
			2207	726
			2208	727
			2209	728
			2210	728
			2211	729
			2212	730
			2213	731
			2214	732
			2215	733
			2216	734
			2217	735
			2218	736
			2218	737
			2219	738
			2220	739
			2221	739
			2222	740
			2223	741
			2224	742
			2225	743
			2226	744
			2227	745
			2228	746
			2229	747
			2230	748
			2231	749
			2232	750
			2233	750
			2234	751
			2235	752
			2236	753
			2237	754
			2238	755
			2239	756
			2240	757
			2241	758
			2242	759
			2243	760
			2244	761
			2245	761
			2246	762
			2247	763
			2248	764
			2249	765
			2250	766
			2251	767
			2252	768
			2253	769
			2254	770
			2255	771
			2256	772
			2257	773
			2258	773
			2259	774
			2260	775
			2261	776
			2262	777
			2263	778
			2264	779
			2264	780
			2265	781
			2266	782
			2267	783
			2268	784
			2269	785
			2270	786
			2271	786
			2272	787
			2273	788
			2274	789
			2275	790
			2276	791
			2276	792
			2277	793
			2277	794
			2278	794
			2279	795
			2279	796
			2280	797
			2280	798
			2281	799
			2282	799
			2282	800
			2283	801
			2283	802
			2284	803
			2285	804
			2286	805
			2287	806
			2287	807
			2288	808
			2289	809
			2289	810
			2290	811
			2291	812
			2291	813
			2292	814
			2293	815
			2294	816
			2294	817
			2295	818
			2296	819
			2296	820
			2297	821
			2298	822
			2298	823
			2299	824
			2300	825
			2301	826
			2301	827
			2302	828
			2303	829
			2303	830
			2304	831
			2305	832
			2305	833
			2306	834
			2307	835
			2307	836
			2308	837
			2309	838
			2309	839
			2310	840
			2311	841
			2311	842
			2312	843
			2313	844
			2313	845
			2314	846
			2315	847
			2315	848
			2316	849
			2317	850
			2317	851
			2318	852
			2319	852
			2319	853
			2320	854
			2321	855
			2321	856
			2322	857
			2323	858
			2323	859
			2324	860
			2325	861
			2325	862
			2326	863
			2327	864
			2327	865
			2328	866
			2328	867
			2329	868
			2330	869
			2330	870
			2331	871
			2332	872
			2332	873
			2333	874
			2334	874
			2334	875
			2335	876
			2335	877
			2336	878
			2337	879
			2337	880
			2338	881
			2339	882
			2339	883
			2340	884
			2340	885
			2341	886
			2342	887
			2342	888
			2343	889
			2344	890
			2344	891
			2345	892
			2346	893
			2347	894
			2347	895
			2348	896
			2348	897
			2349	898
			2350	899
			2350	900
			2351	901
			2352	902
			2352	903
			2353	904
			2353	905
			2354	906
			2355	907
			2355	908
			2356	909
			2356	910
			2357	911
			2358	912
			2358	913
			2359	914
			2359	915
			2360	915
			2361	916
			2361	917
			2362	918
			2362	919
			2363	920
			2364	921
			2364	922
			2365	923
			2365	924
			2366	925
			2367	926
			2367	927
			2368	928
			2368	929
			2369	930
			2369	931
			2370	931
			2371	932
			2371	933
			2372	934
			2372	935
			2373	936
			2373	937
			2374	938
			2375	939
			2375	940
			2376	941
			2376	942
			2377	943
			2378	944
			2378	945
			2379	946
			2379	947
			2380	948
			2381	949
			2381	950
			2382	951
			2382	952
			2383	952
			2383	953
			2384	954
			2384	955
			2385	956
			2385	957
			2386	958
			2387	959
			2387	960
			2388	961
			2388	962
			2389	963
			2389	964
			2390	965
			2390	966
			2391	967
			2392	968
			2393	969
			2393	970
			2393	971
			2394	971
			2394	972
			2395	973
			2395	974
			2396	975
			2396	976
			2397	977
			2397	978
			2398	979
			2399	980
			2399	981
			2400	982
			2400	983
			2401	984
			2401	985
			2402	986
			2402	987
			2403	988
			2404	989
			2404	990
			2405	991
			2405	992
			2406	993
			2407	994
			2407	995
			2407	996
			2408	996
			2408	997
			2409	998
			2409	999
			2410	1000
			2410	1001
			2411	1002
			2411	1003
			2412	1004
			2412	1005
			2413	1005
			2413	1006
			2413	1007
			2414	1008
			2414	1009
			2415	1009
			2415	1010
			2416	1011
			2416	1012
			2416	1013
			2417	1013
			2417	1014
			2418	1015
			2418	1016
			2419	1017
			2419	1018
			2420	1019
			2420	1020
			2421	1021
			2421	1022
			2422	1023
			2422	1024
			2423	1025
			2423	1026
			2424	1027
			2424	1028
			2425	1029
			2425	1030
			2426	1031
			2427	1032
			2427	1033
			2428	1034
			2428	1035
			2428	1036
			2429	1036
			2429	1037
			2429	1038
			2430	1038
			2430	1039
			2430	1040
			2431	1041
			2431	1042
			2432	1043
			2432	1044
			2433	1045
			2433	1046
			2434	1047
			2434	1048
			2435	1049
			2435	1050
			2436	1051
			2436	1052
			2437	1053
			2437	1054
			2437	1055
			2438	1056
			2438	1057
			2439	1058
			2440	1059
			2440	1060
			2440	1061
			2441	1061
			2441	1062
			2441	1063
			2442	1063
			2442	1064
			2442	1065
			2443	1066
			2443	1067
			2444	1068
			2444	1069
			2444	1070
			2445	1071
			2446	1072
			2446	1073
			2446	1074
			2447	1075
			2447	1076
			2448	1077
			2448	1078
			2448	1079
			2449	1080
			2449	1081
			2450	1082
			2450	1083
			2451	1084
			2451	1085
			2451	1086
			2452	1087
			2453	1088
			2453	1089
			2453	1090
			2454	1091
			2454	1092
			2455	1093
			2455	1094
			2455	1095
			2456	1096
			2456	1097
			2457	1098
			2457	1099
			2457	1100
			2458	1101
			2458	1102
			2458	1103
			2459	1104
			2459	1105
			2460	1106
			2460	1107
			2460	1108
			2461	1109
			2461	1110
			2461	1111
			2462	1111
			2462	1112
			2463	1113
			2463	1114
			2463	1115
			2464	1116
			2464	1117
			2464	1118
			2465	1119
			2465	1120
			2465	1121
			2466	1122
			2466	1123
			2466	1124
			2467	1125
			2467	1126
			2468	1127
			2468	1128
			2468	1129
			2469	1130
			2469	1131
			2469	1132
			2470	1133
			2470	1134
			2470	1135
			2471	1136
			2471	1137
			2471	1138
			2472	1139
			2472	1140
			2472	1141
			2473	1142
			2473	1143
			2473	1144
			2473	1145
			2474	1145
			2474	1146
			2474	1147
			2475	1148
			2475	1149
			2475	1150
			2475	1151
			2476	1152
			2476	1153
			2476	1154
			2477	1155
			2477	1156
			2477	1157
			2478	1158
			2478	1159
			2478	1160
			2478	1161
			2479	1162
			2479	1163
			2479	1164
			2479	1165
			2480	1166
			2480	1167
			2480	1168
			2481	1169
			2481	1170
			2481	1171
			2481	1172
			2482	1173
			2482	1174
			2482	1175
			2482	1176
			2483	1177
			2483	1178
			2483	1179
			2483	1180
			2484	1181
			2484	1182
			2484	1183
			2484	1184
			2484	1185
			2485	1185
			2485	1186
			2485	1187
			2485	1188
			2485	1189
			2486	1190
			2486	1191
			2486	1192
			2486	1193
			2486	1194
			2487	1195
			2487	1196
			2487	1197
			2487	1198
			2487	1199
			2488	1200
			2488	1201
			2488	1202
			2488	1203
			2488	1204
			2488	1205
			2489	1206
			2489	1207
			2489	1208
			2489	1209
			2489	1210
			2489	1211
			2490	1212
			2490	1213
			2490	1214
			2490	1215
			2490	1216
			2490	1217
			2491	1218
			2491	1219
			2491	1220
			2491	1221
			2491	1222
			2491	1223
			2491	1224
			2491	1225
			2491	1226
			2492	1227
			2492	1228
			2492	1229
			2492	1230
			2492	1231
			2492	1232
			2492	1233
			2492	1234
			2492	1235
			2492	1236
			2493	1237
			2493	1238
			2493	1239
			2493	1240
			2493	1241
			2493	1242
			2493	1243
			2493	1244
			2493	1245
			2493	1246
			2493	1247
			2493	1248
			2493	1249
			2493	1250
			2493	1251
			2493	1252
			2493	1253
			2493	1254
			2493	1255
			2493	1256
			2493	1257
			2493	1258
			2493	1259
			2493	1260
			2493	1261
			2493	1262
			2493	1263
			2493	1264
			2493	1265
			2493	1266
			2493	1267
			2493	1268
			2493	1269
			2493	1270
			2493	1271
			2493	1272
			2493	1273
			2493	1274
			2493	1275
			2492	1276
			2492	1277
			2492	1278
			2492	1279
			2492	1280
			2492	1281
			2492	1282
			2492	1283
			2492	1284
			2492	1285
			2491	1286
			2491	1287
			2491	1288
			2491	1289
			2491	1290
			2491	1291
			2491	1292
			2490	1292
			2490	1293
			2490	1294
			2490	1295
			2490	1296
			2490	1297
			2489	1298
			2489	1299
			2489	1300
			2489	1301
			2489	1302
			2488	1303
			2488	1304
			2488	1305
			2488	1306
			2487	1307
			2487	1308
			2487	1309
			2487	1310
			2486	1311
			2486	1312
			2486	1313
			2485	1314
			2485	1315
			2485	1316
			2485	1317
			2484	1318
			2484	1319
			2484	1320
			2484	1321
			2483	1321
			2483	1322
			2483	1323
			2483	1324
			2482	1324
			2482	1325
			2482	1326
			2481	1327
			2481	1328
			2480	1329
			2480	1330
			2480	1331
			2479	1332
			2479	1333
			2478	1334
			2478	1335
			2477	1336
			2477	1337
			2476	1338
			2476	1339
			2475	1340
			2474	1341
			2474	1342
			2473	1343
			2473	1344
			2472	1345
			2471	1346
			2471	1347
			2470	1348
			2470	1349
			2469	1350
			2468	1350
			2468	1351
			2467	1352
			2467	1353
			2466	1354
			2466	1355
			2465	1356
			2464	1357
			2464	1358
			2463	1359
			2462	1360
			2461	1361
			2461	1362
			2460	1363
			2459	1364
			2458	1365
			2458	1366
			2457	1367
			2456	1368
			2456	1369
			2455	1370
			2454	1371
			2454	1372
			2453	1373
			2452	1374
			2451	1375
			2451	1376
			2450	1377
			2449	1378
			2449	1379
			2448	1379
			2447	1380
			2446	1381
			2446	1382
			2445	1383
			2444	1384
			2444	1385
			2443	1385
			2442	1386
			2442	1387
			2441	1388
			2440	1389
			2439	1390
			2438	1391
			2437	1392
			2436	1393
			2436	1394
			2435	1395
			2434	1396
			2433	1397
			2432	1397
			2431	1398
			2430	1399
			2430	1400
			2429	1401
			2428	1402
			2427	1402
			2426	1403
			2425	1404
			2425	1405
			2424	1406
			2423	1406
			2422	1407
			2421	1408
			2420	1409
			2419	1410
			2418	1411
			2417	1412
			2416	1412
			2415	1413
			2414	1414
			2413	1415
			2412	1416
			2411	1416
			2410	1417
			2409	1418
			2408	1418
			2407	1419
			2406	1420
			2405	1420
			2404	1421
			2403	1422
			2402	1422
			2401	1423
			2400	1423
			2399	1424
			2398	1424
			2397	1425
			2396	1425
			2395	1426
			2394	1426
			2393	1427
			2392	1427
			2391	1428
			2390	1428
			2389	1428
			2388	1429
			2387	1429
			2386	1430
			2385	1430
			2384	1430
			2383	1431
			2382	1431
			2381	1431
			2380	1431
			2379	1432
			2378	1432
			2377	1432
			2376	1432
			2375	1432
			2374	1433
			2373	1433
			2372	1433
			2371	1433
			2370	1433
			2369	1433
			2368	1433
			2367	1433
			2366	1433
			2365	1433
			2364	1433
			2363	1433
			2362	1433
			2361	1433
			2360	1433
			2359	1433
			2358	1433
			2357	1433
			2356	1433
			2355	1433
			2354	1433
			2353	1433
			2352	1433
			2351	1432
			2350	1432
			2349	1432
			2348	1432
			2347	1432
			2346	1431
			2345	1431
			2344	1431
			2343	1430
			2342	1430
			2341	1430
			2340	1429
			2339	1429
			2338	1429
			2337	1428
			2336	1428
			2335	1428
			2334	1427
			2333	1427
			2332	1426
			2331	1426
			2330	1425
			2329	1425
			2328	1424
			2327	1424
			2326	1423
			2325	1423
			2324	1422
			2323	1421
			2322	1421
			2321	1420
			2320	1419
			2319	1419
			2318	1418
			2317	1417
			2316	1417
			2315	1416
			2314	1415
			2313	1415
			2312	1414
			2311	1413
			2310	1412
			2309	1411
			2308	1411
			2307	1410
			2306	1409
			2305	1408
			2304	1407
			2303	1406
			2302	1405
			2301	1404
			2300	1403
			2299	1403
			2298	1402
			2297	1401
			2296	1400
			2295	1399
			2295	1398
			2294	1397
			2293	1396
			2292	1395
			2291	1394
			2291	1393
			2290	1392
			2289	1392
			2288	1391
			2288	1390
			2287	1389
			2286	1388
			2286	1387
			2285	1387
			2284	1386
			2283	1385
			2283	1384
			2282	1383
		</Profile>
		<Eye type=matrix rownames=FALSE colnames=FALSE nrow=2348 ncol=2 as.numeric=TRUE >
			1597	1110
			1596	1110
			1595	1111
			1594	1111
			1593	1111
			1592	1111
			1591	1111
			1591	1112
			1590	1112
			1589	1112
			1588	1112
			1587	1113
			1586	1113
			1585	1113
			1584	1113
			1583	1114
			1582	1114
			1581	1114
			1580	1114
			1579	1115
			1578	1115
			1577	1115
			1576	1115
			1575	1116
			1574	1116
			1573	1116
			1572	1116
			1571	1117
			1570	1117
			1569	1117
			1568	1117
			1567	1117
			1566	1118
			1565	1118
			1564	1118
			1563	1118
			1562	1119
			1561	1119
			1560	1119
			1559	1119
			1558	1119
			1557	1120
			1556	1120
			1555	1120
			1554	1120
			1553	1120
			1552	1121
			1551	1121
			1550	1121
			1549	1121
			1548	1121
			1547	1122
			1546	1122
			1545	1122
			1544	1122
			1543	1122
			1542	1123
			1541	1123
			1540	1123
			1539	1123
			1538	1123
			1537	1124
			1536	1124
			1535	1124
			1534	1124
			1533	1124
			1532	1124
			1531	1124
			1531	1125
			1530	1125
			1529	1125
			1528	1125
			1527	1125
			1526	1125
			1525	1126
			1524	1126
			1523	1126
			1522	1126
			1521	1126
			1520	1126
			1519	1126
			1518	1127
			1517	1127
			1516	1127
			1515	1127
			1514	1127
			1513	1127
			1512	1127
			1511	1128
			1510	1128
			1509	1128
			1508	1128
			1507	1128
			1506	1128
			1505	1128
			1504	1128
			1503	1129
			1502	1129
			1501	1129
			1500	1129
			1499	1129
			1498	1129
			1497	1129
			1496	1129
			1495	1129
			1494	1130
			1493	1130
			1492	1130
			1491	1130
			1490	1130
			1489	1130
			1488	1130
			1487	1130
			1486	1130
			1485	1130
			1484	1131
			1483	1131
			1482	1131
			1481	1131
			1480	1131
			1479	1131
			1478	1131
			1477	1131
			1476	1131
			1475	1131
			1474	1131
			1473	1131
			1472	1131
			1471	1131
			1470	1132
			1469	1132
			1468	1132
			1467	1132
			1466	1132
			1465	1132
			1464	1132
			1463	1132
			1462	1132
			1461	1132
			1460	1132
			1459	1132
			1458	1132
			1457	1132
			1456	1132
			1455	1132
			1454	1132
			1453	1132
			1452	1132
			1451	1132
			1450	1132
			1449	1132
			1448	1132
			1447	1133
			1446	1133
			1445	1133
			1444	1133
			1443	1133
			1442	1133
			1441	1133
			1440	1133
			1439	1133
			1438	1133
			1437	1133
			1436	1133
			1435	1133
			1434	1133
			1433	1133
			1432	1133
			1431	1133
			1430	1133
			1429	1133
			1428	1133
			1427	1132
			1426	1132
			1425	1132
			1424	1132
			1423	1132
			1422	1132
			1421	1132
			1420	1132
			1419	1132
			1418	1132
			1417	1132
			1416	1132
			1415	1132
			1414	1132
			1413	1132
			1412	1132
			1411	1132
			1410	1132
			1409	1132
			1408	1132
			1407	1132
			1406	1132
			1405	1132
			1404	1132
			1403	1131
			1402	1131
			1401	1131
			1400	1131
			1399	1131
			1398	1131
			1397	1131
			1396	1131
			1395	1131
			1394	1131
			1393	1131
			1392	1131
			1391	1131
			1390	1130
			1389	1130
			1388	1130
			1387	1130
			1386	1130
			1385	1130
			1384	1130
			1383	1130
			1382	1130
			1381	1129
			1380	1129
			1379	1129
			1378	1129
			1377	1129
			1376	1129
			1375	1129
			1374	1129
			1373	1128
			1372	1128
			1371	1128
			1370	1128
			1369	1128
			1368	1128
			1367	1128
			1366	1128
			1365	1127
			1364	1127
			1363	1127
			1362	1127
			1361	1127
			1360	1127
			1359	1126
			1358	1126
			1357	1126
			1356	1126
			1355	1126
			1354	1126
			1353	1125
			1352	1125
			1351	1125
			1350	1125
			1349	1125
			1348	1125
			1347	1124
			1346	1124
			1345	1124
			1344	1124
			1343	1124
			1342	1123
			1341	1123
			1340	1123
			1339	1123
			1338	1122
			1337	1122
			1336	1122
			1335	1122
			1334	1122
			1333	1121
			1332	1121
			1331	1121
			1330	1121
			1329	1121
			1328	1120
			1327	1120
			1326	1120
			1325	1120
			1324	1119
			1323	1119
			1322	1119
			1321	1119
			1320	1118
			1319	1118
			1318	1118
			1317	1118
			1316	1117
			1315	1117
			1314	1117
			1313	1117
			1312	1116
			1311	1116
			1310	1116
			1309	1116
			1308	1115
			1307	1115
			1306	1115
			1305	1114
			1304	1114
			1303	1114
			1302	1114
			1301	1113
			1300	1113
			1299	1113
			1298	1112
			1297	1112
			1296	1112
			1295	1112
			1294	1111
			1293	1111
			1292	1111
			1291	1110
			1290	1110
			1289	1110
			1288	1109
			1287	1109
			1286	1109
			1285	1108
			1284	1108
			1283	1108
			1282	1107
			1281	1107
			1280	1106
			1279	1106
			1278	1106
			1277	1106
			1277	1105
			1276	1105
			1275	1105
			1274	1104
			1273	1104
			1272	1104
			1271	1103
			1270	1103
			1269	1103
			1268	1102
			1267	1102
			1266	1101
			1265	1101
			1264	1101
			1263	1100
			1262	1100
			1261	1099
			1260	1099
			1259	1099
			1258	1098
			1257	1098
			1256	1097
			1255	1097
			1254	1097
			1253	1096
			1252	1096
			1251	1095
			1250	1095
			1249	1094
			1248	1094
			1247	1094
			1246	1093
			1245	1093
			1244	1092
			1243	1092
			1242	1091
			1241	1091
			1240	1091
			1239	1090
			1238	1090
			1237	1089
			1236	1089
			1235	1088
			1234	1088
			1233	1087
			1232	1087
			1231	1086
			1230	1086
			1229	1086
			1228	1085
			1227	1085
			1226	1084
			1225	1084
			1224	1083
			1223	1082
			1222	1082
			1221	1082
			1220	1081
			1219	1080
			1218	1080
			1217	1079
			1216	1079
			1215	1078
			1214	1078
			1213	1077
			1212	1077
			1211	1076
			1210	1076
			1209	1075
			1208	1074
			1207	1074
			1206	1073
			1205	1073
			1204	1072
			1203	1072
			1202	1071
			1201	1071
			1200	1070
			1199	1069
			1198	1069
			1197	1068
			1196	1068
			1195	1067
			1194	1067
			1193	1066
			1192	1065
			1191	1065
			1190	1064
			1189	1064
			1188	1063
			1187	1062
			1186	1062
			1185	1061
			1184	1061
			1183	1060
			1182	1059
			1181	1059
			1180	1058
			1179	1058
			1178	1057
			1177	1056
			1176	1056
			1175	1055
			1174	1055
			1173	1054
			1172	1053
			1171	1052
			1170	1051
			1169	1051
			1168	1050
			1167	1049
			1166	1049
			1165	1048
			1164	1047
			1163	1047
			1162	1046
			1161	1045
			1160	1045
			1159	1044
			1158	1043
			1157	1042
			1156	1042
			1156	1041
			1155	1040
			1154	1040
			1153	1039
			1152	1038
			1151	1038
			1150	1037
			1149	1036
			1148	1035
			1147	1035
			1146	1034
			1146	1033
			1145	1032
			1144	1032
			1143	1031
			1142	1030
			1141	1030
			1140	1029
			1139	1028
			1138	1027
			1137	1026
			1136	1025
			1135	1024
			1134	1023
			1133	1022
			1132	1021
			1131	1020
			1130	1020
			1129	1019
			1128	1018
			1127	1017
			1126	1016
			1125	1015
			1124	1014
			1123	1013
			1122	1012
			1121	1011
			1120	1010
			1119	1009
			1118	1008
			1117	1007
			1116	1006
			1115	1006
			1114	1005
			1113	1004
			1112	1003
			1111	1002
			1110	1001
			1109	1000
			1108	999
			1107	998
			1107	997
			1106	996
			1105	995
			1104	994
			1103	993
			1102	992
			1101	991
			1100	990
			1099	989
			1099	988
			1098	987
			1097	986
			1096	985
			1095	984
			1094	983
			1093	982
			1093	981
			1092	980
			1091	979
			1090	978
			1089	977
			1089	976
			1088	975
			1087	974
			1086	973
			1085	972
			1084	971
			1084	970
			1084	969
			1083	969
			1083	968
			1082	967
			1081	966
			1080	965
			1079	964
			1079	963
			1078	962
			1078	961
			1077	961
			1077	960
			1076	959
			1076	958
			1075	957
			1074	957
			1074	956
			1073	955
			1073	954
			1072	953
			1071	952
			1071	951
			1070	950
			1069	949
			1069	948
			1068	947
			1068	946
			1067	945
			1066	944
			1066	943
			1065	942
			1065	941
			1064	940
			1064	939
			1063	938
			1062	938
			1062	937
			1061	936
			1061	935
			1060	934
			1060	933
			1059	932
			1058	931
			1058	930
			1057	929
			1057	928
			1056	927
			1056	926
			1055	925
			1055	924
			1054	923
			1054	922
			1053	921
			1053	920
			1052	919
			1052	918
			1051	917
			1051	916
			1050	915
			1050	914
			1049	913
			1049	912
			1048	911
			1048	910
			1047	909
			1047	908
			1046	907
			1046	906
			1046	905
			1045	905
			1045	904
			1045	903
			1044	902
			1044	901
			1043	900
			1043	899
			1042	898
			1042	897
			1042	896
			1041	895
			1041	894
			1040	893
			1040	892
			1039	891
			1039	890
			1039	889
			1038	888
			1038	887
			1038	886
			1037	885
			1037	884
			1036	883
			1036	882
			1036	881
			1035	880
			1035	879
			1035	878
			1034	877
			1034	876
			1034	875
			1033	874
			1033	873
			1033	872
			1032	871
			1032	870
			1032	869
			1031	868
			1031	867
			1031	866
			1030	865
			1030	864
			1030	863
			1029	862
			1029	861
			1029	860
			1028	859
			1028	858
			1028	857
			1028	856
			1027	855
			1027	854
			1027	853
			1026	852
			1026	851
			1026	850
			1026	849
			1025	848
			1025	847
			1025	846
			1024	845
			1024	844
			1024	843
			1024	842
			1023	841
			1023	840
			1023	839
			1023	838
			1023	837
			1022	837
			1022	836
			1022	835
			1022	834
			1022	833
			1021	832
			1021	831
			1021	830
			1021	829
			1021	828
			1020	827
			1020	826
			1020	825
			1020	824
			1020	823
			1019	822
			1019	821
			1019	820
			1019	819
			1018	818
			1018	817
			1018	816
			1018	815
			1018	814
			1018	813
			1017	812
			1017	811
			1017	810
			1017	809
			1017	808
			1017	807
			1017	806
			1016	805
			1016	804
			1016	803
			1016	802
			1016	801
			1016	800
			1016	799
			1015	798
			1015	797
			1015	796
			1015	795
			1015	794
			1015	793
			1015	792
			1014	791
			1014	790
			1014	789
			1014	788
			1014	787
			1014	786
			1014	785
			1014	784
			1014	783
			1013	782
			1013	781
			1013	780
			1013	779
			1013	778
			1013	777
			1013	776
			1013	775
			1013	774
			1013	773
			1013	772
			1012	771
			1012	770
			1012	769
			1012	768
			1012	767
			1012	766
			1012	765
			1012	764
			1012	763
			1012	762
			1012	761
			1012	760
			1012	759
			1012	758
			1012	757
			1012	756
			1011	755
			1011	754
			1011	753
			1011	752
			1011	751
			1011	750
			1011	749
			1011	748
			1011	747
			1011	746
			1011	745
			1011	744
			1011	743
			1011	742
			1011	741
			1011	740
			1011	739
			1011	738
			1012	737
			1012	736
			1012	735
			1012	734
			1012	733
			1012	732
			1013	731
			1013	730
			1013	729
			1013	728
			1013	727
			1013	726
			1014	725
			1014	724
			1014	723
			1014	722
			1014	721
			1014	720
			1015	719
			1015	718
			1015	717
			1015	716
			1015	715
			1016	714
			1016	713
			1016	712
			1016	711
			1016	710
			1016	709
			1017	708
			1017	707
			1017	706
			1017	705
			1017	704
			1018	703
			1018	702
			1018	701
			1018	700
			1018	699
			1019	698
			1019	697
			1019	696
			1019	695
			1019	694
			1020	693
			1020	692
			1020	691
			1020	690
			1021	689
			1021	688
			1021	687
			1021	686
			1022	685
			1022	684
			1022	683
			1022	682
			1022	681
			1023	680
			1023	679
			1023	678
			1023	677
			1024	677
			1024	676
			1024	675
			1024	674
			1025	673
			1025	672
			1025	671
			1025	670
			1025	669
			1026	668
			1026	667
			1026	666
			1027	665
			1027	664
			1027	663
			1027	662
			1028	661
			1028	660
			1028	659
			1028	658
			1029	658
			1029	657
			1029	656
			1029	655
			1030	654
			1030	653
			1030	652
			1031	651
			1031	650
			1031	649
			1031	648
			1032	647
			1032	646
			1032	645
			1033	645
			1033	644
			1033	643
			1033	642
			1034	641
			1034	640
			1034	639
			1035	638
			1035	637
			1035	636
			1036	635
			1036	634
			1037	633
			1037	632
			1037	631
			1037	630
			1038	629
			1038	628
			1038	627
			1039	626
			1039	625
			1040	624
			1040	623
			1040	622
			1041	621
			1041	620
			1041	619
			1042	618
			1042	617
			1043	616
			1043	615
			1043	614
			1044	613
			1044	612
			1045	611
			1045	610
			1045	609
			1046	608
			1046	607
			1046	606
			1047	605
			1047	604
			1048	603
			1048	602
			1048	601
			1049	600
			1049	599
			1050	599
			1050	598
			1050	597
			1051	596
			1051	595
			1052	594
			1052	593
			1052	592
			1053	591
			1053	590
			1054	590
			1054	589
			1054	588
			1055	587
			1055	586
			1056	585
			1056	584
			1056	583
			1057	582
			1058	581
			1058	580
			1059	579
			1059	578
			1060	577
			1060	576
			1060	575
			1061	574
			1062	573
			1062	572
			1062	571
			1063	570
			1064	569
			1064	568
			1065	567
			1065	566
			1065	565
			1066	564
			1066	563
			1067	563
			1067	562
			1068	561
			1068	560
			1069	559
			1069	558
			1070	557
			1070	556
			1071	556
			1071	555
			1072	554
			1072	553
			1073	552
			1073	551
			1074	550
			1075	549
			1075	548
			1076	547
			1076	546
			1077	545
			1078	544
			1078	543
			1079	542
			1080	541
			1080	540
			1081	539
			1081	538
			1082	537
			1083	536
			1083	535
			1084	534
			1085	533
			1085	532
			1086	531
			1087	530
			1087	529
			1088	528
			1088	527
			1089	526
			1090	525
			1090	524
			1091	523
			1092	522
			1092	521
			1093	520
			1094	519
			1094	518
			1095	517
			1096	516
			1097	515
			1097	514
			1098	514
			1099	513
			1099	512
			1100	511
			1101	510
			1101	509
			1102	508
			1103	507
			1104	506
			1104	505
			1105	504
			1106	503
			1106	502
			1107	502
			1108	501
			1109	500
			1109	499
			1110	498
			1111	497
			1112	496
			1112	495
			1113	494
			1114	494
			1114	493
			1115	492
			1116	491
			1117	490
			1117	489
			1118	488
			1119	487
			1120	487
			1121	486
			1121	485
			1122	484
			1123	483
			1124	482
			1124	481
			1125	481
			1126	480
			1127	479
			1128	478
			1128	477
			1129	476
			1130	475
			1131	475
			1132	474
			1132	473
			1133	472
			1134	471
			1135	471
			1136	470
			1136	469
			1137	468
			1138	467
			1139	466
			1140	466
			1141	465
			1141	464
			1142	463
			1143	462
			1144	462
			1145	461
			1146	460
			1146	459
			1147	459
			1148	458
			1149	457
			1150	456
			1151	455
			1152	455
			1152	454
			1153	453
			1154	452
			1155	452
			1156	451
			1157	450
			1158	449
			1159	449
			1159	448
			1160	447
			1161	446
			1162	446
			1163	445
			1164	444
			1165	443
			1166	443
			1167	442
			1168	441
			1168	440
			1169	440
			1170	439
			1171	438
			1172	438
			1173	437
			1174	436
			1175	435
			1176	435
			1177	434
			1178	433
			1179	433
			1180	432
			1181	431
			1182	431
			1182	430
			1183	429
			1184	428
			1185	428
			1186	427
			1187	426
			1188	426
			1189	425
			1190	424
			1191	424
			1192	423
			1193	422
			1194	422
			1195	421
			1196	420
			1197	420
			1198	419
			1199	418
			1200	418
			1201	417
			1202	417
			1203	416
			1204	415
			1205	415
			1206	414
			1207	413
			1208	413
			1209	412
			1210	411
			1211	411
			1212	410
			1213	410
			1214	409
			1215	408
			1216	408
			1217	407
			1218	407
			1219	406
			1220	405
			1221	405
			1222	404
			1223	404
			1224	403
			1225	403
			1226	402
			1227	402
			1228	401
			1229	401
			1229	400
			1230	400
			1231	400
			1232	399
			1233	399
			1234	398
			1235	398
			1236	398
			1237	397
			1238	397
			1239	396
			1240	396
			1241	396
			1242	395
			1243	395
			1244	395
			1245	394
			1246	394
			1247	393
			1248	393
			1249	393
			1250	392
			1251	392
			1252	392
			1253	391
			1254	391
			1255	391
			1256	390
			1257	390
			1258	390
			1259	389
			1260	389
			1261	389
			1262	388
			1263	388
			1264	388
			1265	387
			1266	387
			1267	387
			1268	387
			1269	386
			1270	386
			1271	386
			1272	385
			1273	385
			1274	385
			1275	384
			1276	384
			1277	384
			1278	384
			1279	383
			1280	383
			1281	383
			1282	382
			1283	382
			1284	382
			1285	382
			1286	381
			1287	381
			1288	381
			1289	381
			1290	380
			1291	380
			1292	380
			1293	380
			1294	379
			1295	379
			1296	379
			1297	379
			1298	378
			1299	378
			1300	378
			1301	378
			1302	377
			1303	377
			1304	377
			1305	377
			1306	376
			1307	376
			1308	376
			1309	376
			1310	376
			1311	375
			1312	375
			1313	375
			1314	375
			1315	375
			1316	374
			1317	374
			1318	374
			1319	374
			1320	374
			1320	373
			1321	373
			1322	373
			1323	373
			1324	373
			1325	373
			1326	372
			1327	372
			1328	372
			1329	372
			1330	372
			1331	372
			1332	372
			1333	371
			1334	371
			1335	371
			1336	371
			1337	371
			1338	371
			1339	370
			1340	370
			1341	370
			1342	370
			1343	370
			1344	370
			1345	370
			1346	369
			1347	369
			1348	369
			1349	369
			1350	369
			1351	369
			1352	369
			1353	369
			1354	368
			1355	368
			1356	368
			1357	368
			1358	368
			1359	368
			1360	368
			1361	368
			1362	368
			1363	368
			1364	368
			1365	367
			1366	367
			1367	367
			1368	367
			1369	367
			1370	367
			1371	367
			1372	367
			1373	367
			1374	367
			1375	367
			1376	367
			1377	367
			1378	366
			1379	366
			1380	366
			1381	366
			1382	366
			1383	366
			1384	366
			1385	366
			1386	366
			1387	366
			1388	366
			1389	366
			1390	366
			1391	366
			1392	366
			1393	366
			1394	366
			1395	366
			1396	366
			1397	366
			1398	366
			1399	366
			1400	366
			1401	366
			1402	366
			1403	366
			1404	366
			1405	366
			1406	366
			1407	366
			1408	366
			1409	366
			1410	366
			1411	366
			1412	366
			1413	366
			1414	366
			1415	366
			1416	366
			1417	366
			1418	366
			1419	366
			1420	366
			1421	366
			1422	366
			1423	366
			1424	366
			1425	367
			1426	367
			1427	367
			1428	367
			1429	367
			1430	367
			1431	367
			1432	367
			1433	367
			1434	367
			1435	367
			1436	367
			1437	367
			1438	368
			1439	368
			1440	368
			1441	368
			1442	368
			1443	368
			1444	368
			1445	368
			1446	368
			1447	368
			1448	369
			1449	369
			1450	369
			1451	369
			1452	369
			1453	369
			1454	369
			1455	369
			1456	369
			1457	370
			1458	370
			1459	370
			1460	370
			1461	370
			1462	370
			1463	370
			1464	371
			1465	371
			1466	371
			1467	371
			1468	371
			1469	371
			1470	372
			1471	372
			1472	372
			1473	372
			1474	372
			1475	372
			1476	373
			1477	373
			1478	373
			1479	373
			1480	373
			1481	374
			1482	374
			1483	374
			1484	374
			1485	374
			1486	375
			1487	375
			1488	375
			1489	375
			1490	375
			1491	376
			1492	376
			1493	376
			1494	376
			1495	376
			1496	377
			1497	377
			1498	377
			1499	377
			1500	378
			1501	378
			1502	378
			1503	378
			1504	379
			1505	379
			1506	379
			1507	379
			1508	380
			1509	380
			1510	380
			1511	380
			1512	381
			1513	381
			1514	381
			1515	381
			1516	382
			1517	382
			1518	382
			1519	383
			1520	383
			1521	383
			1522	383
			1523	384
			1524	384
			1525	385
			1526	385
			1527	385
			1528	385
			1529	386
			1530	386
			1531	386
			1532	387
			1533	387
			1534	387
			1535	388
			1536	388
			1537	388
			1538	389
			1539	389
			1540	389
			1541	390
			1542	390
			1543	390
			1544	391
			1545	391
			1546	392
			1547	392
			1548	392
			1549	393
			1550	393
			1551	393
			1552	394
			1553	394
			1554	394
			1555	395
			1556	395
			1557	396
			1558	396
			1559	396
			1560	397
			1561	397
			1562	397
			1563	398
			1564	398
			1565	399
			1566	399
			1567	399
			1568	400
			1569	400
			1570	400
			1570	401
			1571	401
			1572	402
			1573	402
			1574	402
			1575	403
			1576	403
			1577	403
			1577	404
			1578	404
			1579	405
			1580	405
			1581	405
			1582	406
			1583	406
			1584	407
			1585	407
			1586	408
			1587	408
			1588	409
			1589	409
			1590	409
			1590	410
			1591	410
			1592	410
			1592	411
			1593	411
			1594	411
			1595	412
			1596	412
			1597	413
			1598	413
			1598	414
			1599	414
			1600	414
			1601	415
			1602	415
			1603	416
			1604	416
			1605	417
			1606	417
			1607	418
			1608	418
			1608	419
			1609	419
			1610	420
			1611	420
			1612	421
			1613	421
			1614	421
			1615	422
			1616	422
			1617	423
			1618	424
			1619	425
			1620	425
			1621	425
			1621	426
			1622	426
			1623	426
			1623	427
			1624	427
			1625	427
			1625	428
			1626	428
			1627	428
			1627	429
			1628	429
			1629	430
			1630	430
			1631	431
			1632	432
			1633	432
			1634	433
			1635	433
			1635	434
			1636	434
			1637	435
			1638	435
			1639	435
			1639	436
			1640	436
			1641	437
			1642	437
			1642	438
			1643	438
			1644	439
			1645	439
			1646	440
			1647	441
			1648	441
			1649	442
			1650	442
			1651	443
			1652	444
			1653	444
			1654	445
			1655	445
			1655	446
			1656	447
			1657	447
			1658	448
			1659	448
			1660	449
			1661	450
			1662	450
			1663	451
			1664	451
			1665	452
			1666	453
			1667	453
			1668	454
			1669	455
			1670	456
			1671	456
			1672	457
			1673	458
			1674	459
			1675	459
			1676	460
			1677	460
			1678	461
			1679	462
			1680	463
			1681	463
			1682	464
			1683	465
			1684	465
			1685	466
			1686	467
			1687	467
			1688	468
			1689	469
			1690	470
			1691	470
			1692	471
			1693	472
			1694	472
			1695	473
			1696	474
			1696	475
			1697	475
			1698	476
			1699	477
			1700	477
			1701	478
			1702	479
			1703	480
			1704	480
			1705	481
			1706	482
			1707	483
			1708	483
			1709	484
			1710	485
			1710	486
			1711	486
			1711	487
			1712	488
			1713	489
			1713	490
			1714	491
			1715	492
			1715	493
			1716	494
			1717	495
			1718	496
			1718	497
			1719	498
			1720	499
			1720	500
			1721	501
			1721	502
			1722	502
			1722	503
			1722	504
			1723	504
			1723	505
			1724	505
			1724	506
			1725	507
			1725	508
			1726	509
			1727	510
			1727	511
			1728	512
			1728	513
			1729	513
			1729	514
			1730	515
			1730	516
			1731	517
			1732	518
			1732	519
			1733	520
			1733	521
			1734	522
			1734	523
			1735	523
			1735	524
			1736	525
			1736	526
			1737	527
			1738	528
			1738	529
			1739	530
			1739	531
			1740	532
			1740	533
			1741	533
			1741	534
			1742	535
			1742	536
			1743	537
			1743	538
			1744	539
			1744	540
			1745	541
			1745	542
			1746	543
			1747	544
			1747	545
			1748	546
			1748	547
			1749	547
			1749	548
			1749	549
			1750	549
			1750	550
			1750	551
			1751	551
			1751	552
			1751	553
			1752	553
			1752	554
			1752	555
			1753	555
			1753	556
			1753	557
			1754	557
			1754	558
			1754	559
			1755	559
			1755	560
			1755	561
			1756	561
			1756	562
			1756	563
			1757	563
			1757	564
			1758	565
			1758	566
			1759	567
			1759	568
			1760	569
			1760	570
			1761	571
			1761	572
			1762	573
			1762	574
			1763	575
			1763	576
			1763	577
			1764	578
			1764	579
			1765	580
			1765	581
			1766	582
			1766	583
			1767	584
			1767	585
			1767	586
			1768	586
			1768	587
			1769	588
			1769	589
			1769	590
			1770	591
			1770	592
			1771	593
			1771	594
			1772	595
			1772	596
			1772	597
			1773	598
			1773	599
			1774	600
			1774	601
			1774	602
			1775	603
			1775	604
			1776	605
			1776	606
			1776	607
			1777	608
			1777	609
			1778	610
			1778	611
			1778	612
			1779	612
			1779	613
			1779	614
			1780	615
			1780	616
			1780	617
			1781	618
			1781	619
			1781	620
			1782	621
			1782	622
			1783	623
			1783	624
			1783	625
			1784	626
			1784	627
			1784	628
			1785	629
			1785	630
			1785	631
			1786	632
			1786	633
			1786	634
			1787	635
			1787	636
			1787	637
			1788	638
			1788	639
			1788	640
			1789	641
			1789	642
			1789	643
			1790	644
			1790	645
			1790	646
			1791	647
			1791	648
			1791	649
			1792	650
			1792	651
			1792	652
			1792	653
			1793	654
			1793	655
			1793	656
			1794	657
			1794	658
			1794	659
			1795	660
			1795	661
			1795	662
			1795	663
			1796	664
			1796	665
			1796	666
			1796	667
			1797	668
			1797	669
			1797	670
			1797	671
			1798	672
			1798	673
			1798	674
			1798	675
			1799	676
			1799	677
			1799	678
			1799	679
			1800	680
			1800	681
			1800	682
			1800	683
			1800	684
			1801	684
			1801	685
			1801	686
			1801	687
			1801	688
			1802	689
			1802	690
			1802	691
			1802	692
			1802	693
			1803	694
			1803	695
			1803	696
			1803	697
			1803	698
			1804	698
			1804	699
			1804	700
			1804	701
			1804	702
			1804	703
			1805	704
			1805	705
			1805	706
			1805	707
			1805	708
			1805	709
			1806	710
			1806	711
			1806	712
			1806	713
			1806	714
			1806	715
			1807	716
			1807	717
			1807	718
			1807	719
			1807	720
			1807	721
			1807	722
			1808	723
			1808	724
			1808	725
			1808	726
			1808	727
			1808	728
			1808	729
			1809	730
			1809	731
			1809	732
			1809	733
			1809	734
			1809	735
			1809	736
			1809	737
			1810	738
			1810	739
			1810	740
			1810	741
			1810	742
			1810	743
			1810	744
			1810	745
			1810	746
			1810	747
			1810	748
			1811	748
			1811	749
			1811	750
			1811	751
			1811	752
			1811	753
			1811	754
			1811	755
			1811	756
			1811	757
			1811	758
			1811	759
			1811	760
			1811	761
			1812	762
			1812	763
			1812	764
			1812	765
			1812	766
			1812	767
			1812	768
			1812	769
			1812	770
			1812	771
			1812	772
			1812	773
			1812	774
			1812	775
			1812	776
			1812	777
			1812	778
			1812	779
			1812	780
			1812	781
			1812	782
			1812	783
			1812	784
			1812	785
			1812	786
			1812	787
			1812	788
			1812	789
			1812	790
			1812	791
			1812	792
			1812	793
			1812	794
			1812	795
			1812	796
			1812	797
			1812	798
			1812	799
			1812	800
			1812	801
			1812	802
			1812	803
			1812	804
			1812	805
			1812	806
			1812	807
			1812	808
			1812	809
			1812	810
			1812	811
			1812	812
			1812	813
			1812	814
			1812	815
			1812	816
			1812	817
			1812	818
			1812	819
			1812	820
			1811	821
			1811	822
			1811	823
			1811	824
			1811	825
			1811	826
			1811	827
			1811	828
			1811	829
			1811	830
			1811	831
			1811	832
			1811	833
			1811	834
			1810	834
			1810	835
			1810	836
			1810	837
			1810	838
			1810	839
			1810	840
			1810	841
			1810	842
			1810	843
			1810	844
			1809	845
			1809	846
			1809	847
			1809	848
			1809	849
			1809	850
			1809	851
			1808	852
			1808	853
			1808	854
			1807	855
			1807	856
			1807	857
			1807	858
			1806	859
			1806	860
			1806	861
			1806	862
			1805	863
			1805	864
			1805	865
			1805	866
			1804	867
			1804	868
			1804	869
			1803	870
			1803	871
			1803	872
			1802	873
			1802	874
			1802	875
			1802	876
			1801	877
			1801	878
			1801	879
			1800	880
			1800	881
			1800	882
			1799	883
			1799	884
			1799	885
			1798	886
			1798	887
			1798	888
			1798	889
			1797	889
			1797	890
			1797	891
			1796	892
			1796	893
			1796	894
			1795	895
			1795	896
			1795	897
			1794	898
			1794	899
			1794	900
			1793	901
			1793	902
			1793	903
			1792	904
			1792	905
			1791	906
			1791	907
			1790	908
			1790	909
			1790	910
			1789	911
			1789	912
			1788	913
			1788	914
			1788	915
			1787	916
			1787	917
			1787	918
			1786	919
			1786	920
			1785	921
			1785	922
			1785	923
			1784	923
			1784	924
			1783	925
			1783	926
			1783	927
			1782	928
			1782	929
			1782	930
			1781	930
			1781	931
			1780	932
			1780	933
			1780	934
			1779	935
			1779	936
			1778	937
			1778	938
			1777	939
			1777	940
			1776	941
			1776	942
			1775	943
			1775	944
			1774	945
			1774	946
			1773	947
			1772	948
			1772	949
			1771	950
			1771	951
			1770	952
			1770	953
			1769	954
			1769	955
			1768	956
			1768	957
			1767	958
			1767	959
			1766	960
			1766	961
			1765	962
			1764	963
			1764	964
			1763	965
			1763	966
			1762	967
			1762	968
			1761	969
			1761	970
			1760	971
			1759	972
			1759	973
			1758	973
			1758	974
			1757	975
			1756	976
			1756	977
			1755	978
			1755	979
			1754	980
			1754	981
			1753	982
			1752	983
			1752	984
			1751	985
			1750	986
			1749	987
			1748	988
			1748	989
			1748	990
			1747	990
			1747	991
			1746	992
			1745	993
			1744	994
			1744	995
			1743	996
			1743	997
			1742	997
			1742	998
			1741	999
			1740	1000
			1739	1001
			1738	1002
			1738	1003
			1737	1004
			1736	1005
			1735	1006
			1735	1007
			1734	1008
			1733	1009
			1732	1010
			1731	1011
			1730	1012
			1729	1013
			1729	1014
			1728	1015
			1727	1016
			1726	1017
			1726	1018
			1725	1018
			1725	1019
			1724	1020
			1723	1021
			1722	1022
			1721	1023
			1720	1024
			1719	1025
			1718	1026
			1718	1027
			1717	1028
			1716	1028
			1716	1029
			1715	1030
			1714	1030
			1714	1031
			1713	1032
			1712	1032
			1712	1033
			1711	1034
			1710	1034
			1710	1035
			1709	1036
			1708	1036
			1708	1037
			1707	1038
			1706	1038
			1706	1039
			1705	1040
			1704	1040
			1703	1041
			1703	1042
			1702	1042
			1701	1043
			1701	1044
			1700	1044
			1699	1045
			1699	1046
			1698	1046
			1697	1047
			1696	1048
			1695	1049
			1694	1050
			1693	1051
			1692	1052
			1691	1052
			1690	1053
			1689	1054
			1688	1055
			1687	1055
			1687	1056
			1686	1057
			1685	1058
			1684	1058
			1683	1059
			1682	1060
			1681	1060
			1680	1061
			1679	1062
			1678	1063
			1677	1064
			1676	1065
			1675	1065
			1674	1066
			1673	1067
			1672	1068
			1671	1068
			1670	1069
			1669	1070
			1668	1070
			1668	1071
			1667	1071
			1666	1072
			1665	1073
			1664	1073
			1663	1074
			1662	1075
			1661	1076
			1660	1076
			1659	1077
			1658	1078
			1657	1078
			1656	1079
			1655	1080
			1654	1080
			1653	1081
			1652	1081
			1651	1082
			1650	1083
			1649	1083
			1648	1084
			1647	1084
			1647	1085
			1646	1085
			1645	1085
			1645	1086
			1644	1086
			1643	1087
			1642	1088
			1641	1088
			1640	1088
			1639	1089
			1638	1090
			1637	1090
			1636	1091
			1635	1091
			1634	1092
			1633	1092
			1632	1093
			1631	1093
			1630	1094
			1629	1094
			1628	1095
			1627	1096
			1626	1096
			1625	1097
			1624	1097
			1623	1098
			1622	1098
			1621	1099
			1620	1100
			1619	1100
			1618	1101
			1617	1101
			1616	1101
			1615	1102
			1614	1102
			1613	1103
			1612	1103
			1611	1104
			1610	1104
			1609	1105
			1608	1105
			1607	1106
			1606	1106
			1605	1106
			1605	1107
			1604	1107
			1603	1107
			1602	1108
			1601	1108
			1600	1109
			1599	1109
			1598	1110
			1597	1110
		</Eye>
	</curves.pixel>
	<ruler.points type=matrix rownames=TRUE colnames=FALSE nrow=2 ncol=2 as.numeric=TRUE >
		Ruler point 1	2	1894
		Ruler point 2	104	1894
	</ruler.points>
</shapes>

