<shapes type=list>
	<scaling type=logical names=FALSE length=1 as.numeric=FALSE >NA</scaling>
	<landmarks.pixel type=matrix rownames=TRUE colnames=FALSE nrow=11 ncol=2 as.numeric=TRUE >
		LM1Forehead	1931	407
		LM2UJFront	2279	1524
		LM3UJBack	1733	1635
		LM4LacOrb	1831	1084
		LM5QJoint	1693	1672
		LM6IOPL	1641	1782
		LM7IOPSOP	591	1694
		LM8A2A1	971	1273
		LM9A1A3	987	821
		LM10TopMuscR	868	637
		LM11TopMuscL	441	495
	</landmarks.pixel>
	<curves.control type=list>
		<Profile type=matrix rownames=FALSE colnames=FALSE nrow=7 ncol=2 as.numeric=TRUE >
			1931	407
			2136	627
			2316	859
			2490	1224
			2497	1427
			2298	1692
			2279	1524
		</Profile>
		<Eye type=matrix rownames=FALSE colnames=FALSE nrow=13 ncol=2 as.numeric=TRUE >
			1831	1084
			1623	1214
			1384	1144
			1176	1040
			1150	845
			1137	581
			1319	438
			1523	316
			1753	425
			1913	555
			1957	745
			1983	949
			1831	1084
		</Eye>
	</curves.control>
	<curves.pixel type=list>
		<Profile type=matrix rownames=FALSE colnames=FALSE nrow=1365 ncol=2 as.numeric=TRUE >
			1931	407
			1932	408
			1933	409
			1933	410
			1934	410
			1935	411
			1936	412
			1937	413
			1937	414
			1938	415
			1939	416
			1940	417
			1941	417
			1941	418
			1942	419
			1943	420
			1944	421
			1945	422
			1946	423
			1947	424
			1948	425
			1949	426
			1950	427
			1951	428
			1951	429
			1952	429
			1952	430
			1953	431
			1954	432
			1955	433
			1956	434
			1957	435
			1958	436
			1958	437
			1959	437
			1960	438
			1961	439
			1961	440
			1962	440
			1963	441
			1963	442
			1964	443
			1965	443
			1965	444
			1966	445
			1967	446
			1968	447
			1969	448
			1970	449
			1971	450
			1971	451
			1972	452
			1973	453
			1974	453
			1975	454
			1976	455
			1976	456
			1977	457
			1978	458
			1979	459
			1980	460
			1981	461
			1981	462
			1982	463
			1983	463
			1984	464
			1985	465
			1985	466
			1986	467
			1987	468
			1988	469
			1989	470
			1990	471
			1990	472
			1991	472
			1992	473
			1993	474
			1994	475
			1995	476
			1995	477
			1996	478
			1997	479
			1998	480
			1999	481
			1999	482
			2000	482
			2001	483
			2002	484
			2003	485
			2004	486
			2004	487
			2005	488
			2006	489
			2007	490
			2008	491
			2008	492
			2009	492
			2010	493
			2011	494
			2012	495
			2013	496
			2013	497
			2014	498
			2015	499
			2016	500
			2017	501
			2017	502
			2018	502
			2019	503
			2020	504
			2021	505
			2022	506
			2022	507
			2023	508
			2024	509
			2025	510
			2026	511
			2026	512
			2027	512
			2028	513
			2029	514
			2030	515
			2030	516
			2031	517
			2032	518
			2033	519
			2034	520
			2035	521
			2035	522
			2036	522
			2037	523
			2038	524
			2039	525
			2039	526
			2040	527
			2041	528
			2042	529
			2043	530
			2043	531
			2044	532
			2045	533
			2046	533
			2047	534
			2047	535
			2048	536
			2049	537
			2050	538
			2051	539
			2052	540
			2052	541
			2053	542
			2054	543
			2055	543
			2056	544
			2056	545
			2057	546
			2058	547
			2059	548
			2060	549
			2060	550
			2061	551
			2062	552
			2063	553
			2064	554
			2065	555
			2066	556
			2067	557
			2067	558
			2068	558
			2068	559
			2069	560
			2070	560
			2070	561
			2071	562
			2072	563
			2073	564
			2074	565
			2074	566
			2075	567
			2076	568
			2077	568
			2077	569
			2078	570
			2079	571
			2080	572
			2081	573
			2082	574
			2082	575
			2083	576
			2084	577
			2085	578
			2086	579
			2087	580
			2087	581
			2088	582
			2089	583
			2090	584
			2091	585
			2092	586
			2092	587
			2093	588
			2094	588
			2095	589
			2096	590
			2097	591
			2097	592
			2098	593
			2099	594
			2100	595
			2101	596
			2101	597
			2102	598
			2103	599
			2104	600
			2105	601
			2106	602
			2106	603
			2107	604
			2108	605
			2109	606
			2110	607
			2111	608
			2112	609
			2113	610
			2113	611
			2114	612
			2115	612
			2115	613
			2116	614
			2117	615
			2118	616
			2119	617
			2119	618
			2120	619
			2121	620
			2122	620
			2122	621
			2123	622
			2124	623
			2124	624
			2125	625
			2126	625
			2127	626
			2127	627
			2128	628
			2129	629
			2129	630
			2130	630
			2131	631
			2131	632
			2132	633
			2133	634
			2134	635
			2135	636
			2136	637
			2137	638
			2138	639
			2138	640
			2139	641
			2140	642
			2141	643
			2142	644
			2143	645
			2143	646
			2144	647
			2145	648
			2146	649
			2147	650
			2148	651
			2148	652
			2149	653
			2150	654
			2151	655
			2152	656
			2153	657
			2154	658
			2154	659
			2155	660
			2156	661
			2157	662
			2158	663
			2159	664
			2159	665
			2160	666
			2161	667
			2162	668
			2163	669
			2164	670
			2164	671
			2165	672
			2166	673
			2167	674
			2168	675
			2169	676
			2169	677
			2170	678
			2171	679
			2172	680
			2173	681
			2174	682
			2174	683
			2175	684
			2176	685
			2177	686
			2178	687
			2179	688
			2179	689
			2180	690
			2181	691
			2182	692
			2183	693
			2184	694
			2184	695
			2185	696
			2186	697
			2187	698
			2188	699
			2189	700
			2189	701
			2190	702
			2191	703
			2192	704
			2193	705
			2193	706
			2194	707
			2195	708
			2196	709
			2197	710
			2198	711
			2198	712
			2199	713
			2200	714
			2201	715
			2202	716
			2203	717
			2203	718
			2204	719
			2205	720
			2206	721
			2207	722
			2208	723
			2208	724
			2209	725
			2210	726
			2211	727
			2212	728
			2212	729
			2213	730
			2214	731
			2215	732
			2216	733
			2217	734
			2217	735
			2218	736
			2219	737
			2220	738
			2221	739
			2221	740
			2222	741
			2223	742
			2224	743
			2225	744
			2226	745
			2226	746
			2227	747
			2228	748
			2229	749
			2230	750
			2230	751
			2231	752
			2232	753
			2233	754
			2234	755
			2235	756
			2235	757
			2236	758
			2237	759
			2238	760
			2239	761
			2239	762
			2240	763
			2241	764
			2242	765
			2243	766
			2243	767
			2244	768
			2245	769
			2246	770
			2247	771
			2248	772
			2248	773
			2249	774
			2250	775
			2251	776
			2252	777
			2252	778
			2253	779
			2254	780
			2255	781
			2256	782
			2256	783
			2257	784
			2258	785
			2259	786
			2260	787
			2260	788
			2261	789
			2262	790
			2263	791
			2263	792
			2264	792
			2264	793
			2265	794
			2265	795
			2266	796
			2267	797
			2268	798
			2269	799
			2270	800
			2270	801
			2271	801
			2271	802
			2272	803
			2273	804
			2274	805
			2274	806
			2275	807
			2276	808
			2276	809
			2277	809
			2278	810
			2279	811
			2279	812
			2280	813
			2281	814
			2281	815
			2282	816
			2283	816
			2283	817
			2284	818
			2285	819
			2285	820
			2286	821
			2287	822
			2288	823
			2289	824
			2290	825
			2291	826
			2291	827
			2292	828
			2293	829
			2294	830
			2294	831
			2295	832
			2295	833
			2296	833
			2297	834
			2297	835
			2298	836
			2299	837
			2300	838
			2300	839
			2301	840
			2302	841
			2302	842
			2303	843
			2304	843
			2305	844
			2305	845
			2306	846
			2307	847
			2307	848
			2308	849
			2309	850
			2310	851
			2310	852
			2311	853
			2312	853
			2312	854
			2313	855
			2314	856
			2315	857
			2315	858
			2316	859
			2317	860
			2317	861
			2317	862
			2318	863
			2318	864
			2319	865
			2319	866
			2320	866
			2320	867
			2320	868
			2321	869
			2321	870
			2322	871
			2322	872
			2323	873
			2323	874
			2324	875
			2324	876
			2325	877
			2325	878
			2326	879
			2326	880
			2327	881
			2327	882
			2328	883
			2328	884
			2329	885
			2329	886
			2329	887
			2330	888
			2330	889
			2331	890
			2331	891
			2332	892
			2332	893
			2332	894
			2333	894
			2333	895
			2333	896
			2334	896
			2334	897
			2334	898
			2335	899
			2335	900
			2336	901
			2336	902
			2337	903
			2337	904
			2338	905
			2338	906
			2339	907
			2339	908
			2340	909
			2340	910
			2340	911
			2341	912
			2341	913
			2342	914
			2342	915
			2343	916
			2343	917
			2344	918
			2344	919
			2344	920
			2345	921
			2345	922
			2346	923
			2346	924
			2347	925
			2347	926
			2348	927
			2348	928
			2349	929
			2349	930
			2349	931
			2350	932
			2350	933
			2351	934
			2351	935
			2352	936
			2352	937
			2353	938
			2353	939
			2353	940
			2354	941
			2354	942
			2355	943
			2355	944
			2356	945
			2356	946
			2356	947
			2357	947
			2357	948
			2357	949
			2358	949
			2358	950
			2358	951
			2359	952
			2359	953
			2360	954
			2360	955
			2360	956
			2361	956
			2361	957
			2361	958
			2362	959
			2362	960
			2363	961
			2363	962
			2364	963
			2364	964
			2364	965
			2365	966
			2365	967
			2366	968
			2366	969
			2366	970
			2367	970
			2367	971
			2368	972
			2368	973
			2368	974
			2369	975
			2369	976
			2370	977
			2370	978
			2370	979
			2371	980
			2371	981
			2372	982
			2372	983
			2373	984
			2373	985
			2374	986
			2374	987
			2375	988
			2375	989
			2375	990
			2376	991
			2376	992
			2377	993
			2377	994
			2377	995
			2378	996
			2378	997
			2379	998
			2379	999
			2379	1000
			2380	1001
			2380	1002
			2381	1003
			2381	1004
			2382	1005
			2382	1006
			2383	1007
			2383	1008
			2383	1009
			2384	1010
			2384	1011
			2385	1012
			2385	1013
			2385	1014
			2386	1014
			2386	1015
			2386	1016
			2387	1017
			2387	1018
			2388	1019
			2388	1020
			2388	1021
			2389	1022
			2389	1023
			2390	1024
			2390	1025
			2390	1026
			2391	1027
			2391	1028
			2392	1029
			2392	1030
			2392	1031
			2393	1032
			2393	1033
			2393	1034
			2394	1035
			2395	1036
			2395	1037
			2395	1038
			2396	1039
			2396	1040
			2397	1041
			2397	1042
			2397	1043
			2398	1044
			2398	1045
			2399	1046
			2399	1047
			2399	1048
			2400	1049
			2400	1050
			2400	1051
			2401	1052
			2401	1053
			2402	1054
			2402	1055
			2402	1056
			2403	1057
			2403	1058
			2404	1059
			2404	1060
			2404	1061
			2405	1062
			2405	1063
			2405	1064
			2406	1065
			2406	1066
			2407	1067
			2407	1068
			2408	1069
			2408	1070
			2408	1071
			2409	1072
			2409	1073
			2409	1074
			2410	1074
			2410	1075
			2410	1076
			2411	1077
			2411	1078
			2411	1079
			2412	1079
			2412	1080
			2412	1081
			2413	1082
			2413	1083
			2413	1084
			2414	1085
			2414	1086
			2414	1087
			2415	1088
			2415	1089
			2416	1090
			2416	1091
			2416	1092
			2417	1093
			2417	1094
			2417	1095
			2418	1096
			2418	1097
			2419	1098
			2419	1099
			2419	1100
			2420	1101
			2420	1102
			2420	1103
			2421	1104
			2421	1105
			2421	1106
			2422	1106
			2422	1107
			2422	1108
			2423	1109
			2423	1110
			2423	1111
			2424	1112
			2424	1113
			2425	1114
			2425	1115
			2425	1116
			2426	1117
			2426	1118
			2426	1119
			2427	1120
			2427	1121
			2427	1122
			2428	1123
			2428	1124
			2428	1125
			2429	1126
			2429	1127
			2430	1128
			2430	1129
			2430	1130
			2431	1131
			2431	1132
			2431	1133
			2432	1134
			2432	1135
			2432	1136
			2433	1137
			2433	1138
			2433	1139
			2434	1140
			2434	1141
			2434	1142
			2435	1143
			2435	1144
			2435	1145
			2436	1146
			2436	1147
			2436	1148
			2437	1149
			2437	1150
			2437	1151
			2438	1152
			2438	1153
			2438	1154
			2439	1154
			2439	1155
			2439	1156
			2440	1157
			2440	1158
			2440	1159
			2441	1160
			2441	1161
			2441	1162
			2442	1163
			2442	1164
			2442	1165
			2443	1166
			2443	1167
			2443	1168
			2443	1169
			2444	1170
			2444	1171
			2444	1172
			2445	1172
			2445	1173
			2445	1174
			2446	1175
			2446	1176
			2446	1177
			2447	1178
			2447	1179
			2447	1180
			2447	1181
			2448	1182
			2448	1183
			2448	1184
			2449	1185
			2449	1186
			2449	1187
			2450	1188
			2450	1189
			2450	1190
			2451	1191
			2451	1192
			2451	1193
			2452	1194
			2452	1195
			2452	1196
			2453	1197
			2453	1198
			2453	1199
			2453	1200
			2454	1201
			2454	1202
			2454	1203
			2455	1204
			2455	1205
			2455	1206
			2455	1207
			2456	1208
			2456	1209
			2457	1210
			2457	1211
			2457	1212
			2457	1213
			2458	1214
			2458	1215
			2458	1216
			2458	1217
			2459	1218
			2459	1219
			2459	1220
			2460	1221
			2460	1222
			2460	1223
			2461	1224
			2461	1225
			2461	1226
			2461	1227
			2462	1228
			2462	1229
			2462	1230
			2462	1231
			2463	1232
			2463	1233
			2463	1234
			2464	1235
			2464	1236
			2464	1237
			2464	1238
			2465	1238
			2465	1239
			2465	1240
			2465	1241
			2466	1242
			2466	1243
			2466	1244
			2466	1245
			2467	1246
			2467	1247
			2467	1248
			2468	1249
			2468	1250
			2468	1251
			2468	1252
			2469	1253
			2469	1254
			2469	1255
			2469	1256
			2470	1257
			2470	1258
			2470	1259
			2470	1260
			2471	1261
			2471	1262
			2471	1263
			2471	1264
			2472	1265
			2472	1266
			2472	1267
			2472	1268
			2473	1269
			2473	1270
			2473	1271
			2473	1272
			2474	1273
			2474	1274
			2474	1275
			2474	1276
			2475	1277
			2475	1278
			2475	1279
			2475	1280
			2476	1281
			2476	1282
			2476	1283
			2476	1284
			2476	1285
			2477	1286
			2477	1287
			2477	1288
			2477	1289
			2478	1289
			2478	1290
			2478	1291
			2478	1292
			2478	1293
			2479	1294
			2479	1295
			2479	1296
			2479	1297
			2479	1298
			2480	1299
			2480	1300
			2480	1301
			2480	1302
			2480	1303
			2481	1304
			2481	1305
			2481	1306
			2481	1307
			2482	1308
			2482	1309
			2482	1310
			2482	1311
			2482	1312
			2483	1313
			2483	1314
			2483	1315
			2483	1316
			2483	1317
			2484	1318
			2484	1319
			2484	1320
			2484	1321
			2484	1322
			2485	1323
			2485	1324
			2485	1325
			2485	1326
			2485	1327
			2485	1328
			2486	1328
			2486	1329
			2486	1330
			2486	1331
			2486	1332
			2486	1333
			2487	1334
			2487	1335
			2487	1336
			2487	1337
			2487	1338
			2487	1339
			2488	1340
			2488	1341
			2488	1342
			2488	1343
			2488	1344
			2488	1345
			2489	1345
			2489	1346
			2489	1347
			2489	1348
			2489	1349
			2489	1350
			2489	1351
			2490	1352
			2490	1353
			2490	1354
			2490	1355
			2490	1356
			2490	1357
			2490	1358
			2491	1359
			2491	1360
			2491	1361
			2491	1362
			2491	1363
			2491	1364
			2492	1365
			2492	1366
			2492	1367
			2492	1368
			2492	1369
			2492	1370
			2492	1371
			2492	1372
			2493	1373
			2493	1374
			2493	1375
			2493	1376
			2493	1377
			2493	1378
			2493	1379
			2493	1380
			2493	1381
			2494	1381
			2494	1382
			2494	1383
			2494	1384
			2494	1385
			2494	1386
			2494	1387
			2494	1388
			2494	1389
			2494	1390
			2495	1391
			2495	1392
			2495	1393
			2495	1394
			2495	1395
			2495	1396
			2495	1397
			2495	1398
			2495	1399
			2495	1400
			2495	1401
			2496	1402
			2496	1403
			2496	1404
			2496	1405
			2496	1406
			2496	1407
			2496	1408
			2496	1409
			2496	1410
			2496	1411
			2496	1412
			2496	1413
			2496	1414
			2496	1415
			2497	1416
			2497	1417
			2497	1418
			2497	1419
			2497	1420
			2497	1421
			2497	1422
			2497	1423
			2497	1424
			2497	1425
			2497	1426
			2497	1427
			2496	1428
			2495	1429
			2494	1430
			2494	1431
			2493	1432
			2492	1433
			2492	1434
			2491	1435
			2490	1436
			2490	1437
			2489	1437
			2489	1438
			2488	1439
			2487	1440
			2487	1441
			2486	1442
			2485	1442
			2485	1443
			2484	1444
			2483	1445
			2483	1446
			2482	1446
			2482	1447
			2481	1448
			2480	1449
			2480	1450
			2479	1450
			2478	1451
			2478	1452
			2477	1453
			2477	1454
			2476	1454
			2475	1455
			2475	1456
			2474	1457
			2474	1458
			2473	1458
			2472	1459
			2472	1460
			2471	1461
			2470	1461
			2470	1462
			2469	1463
			2469	1464
			2468	1464
			2467	1465
			2467	1466
			2466	1467
			2465	1468
			2464	1469
			2464	1470
			2463	1471
			2462	1472
			2461	1473
			2461	1474
			2460	1474
			2459	1475
			2459	1476
			2458	1477
			2457	1478
			2457	1479
			2456	1480
			2455	1480
			2454	1481
			2454	1482
			2453	1483
			2452	1484
			2452	1485
			2451	1485
			2450	1486
			2450	1487
			2449	1488
			2448	1489
			2448	1490
			2447	1490
			2446	1491
			2445	1492
			2445	1493
			2444	1494
			2443	1494
			2443	1495
			2442	1496
			2441	1497
			2440	1498
			2439	1499
			2438	1500
			2438	1501
			2437	1502
			2436	1503
			2435	1504
			2434	1505
			2434	1506
			2433	1506
			2432	1507
			2431	1508
			2431	1509
			2430	1510
			2429	1511
			2428	1512
			2427	1513
			2426	1514
			2425	1515
			2424	1516
			2423	1517
			2422	1518
			2421	1519
			2420	1520
			2420	1521
			2419	1522
			2418	1523
			2417	1524
			2416	1525
			2415	1526
			2414	1527
			2413	1528
			2412	1529
			2412	1530
			2411	1530
			2410	1531
			2409	1532
			2408	1533
			2407	1534
			2406	1535
			2405	1536
			2405	1537
			2404	1537
			2403	1538
			2402	1539
			2401	1540
			2400	1541
			2400	1542
			2399	1542
			2398	1543
			2397	1544
			2396	1545
			2395	1546
			2394	1547
			2393	1548
			2392	1549
			2391	1550
			2390	1551
			2389	1551
			2388	1552
			2387	1553
			2386	1554
			2385	1555
			2384	1556
			2383	1556
			2382	1557
			2381	1558
			2380	1559
			2380	1560
			2379	1560
			2378	1561
			2377	1562
			2376	1563
			2375	1563
			2374	1564
			2373	1565
			2372	1565
			2371	1566
			2371	1567
			2370	1567
			2369	1568
			2368	1569
			2367	1569
			2366	1570
			2365	1571
			2364	1572
			2363	1572
			2362	1573
			2361	1574
			2360	1574
			2359	1575
			2358	1576
			2357	1576
			2356	1577
			2355	1578
			2354	1578
			2353	1579
			2352	1579
			2351	1580
			2350	1580
			2349	1581
			2348	1581
			2347	1582
			2346	1582
			2346	1583
			2345	1583
			2344	1583
			2343	1584
			2342	1584
			2341	1585
			2340	1585
			2339	1585
			2339	1586
			2338	1586
			2337	1586
			2336	1586
			2335	1587
			2334	1587
			2333	1587
			2332	1588
			2331	1588
			2330	1588
			2329	1588
			2328	1589
			2327	1589
			2326	1589
			2325	1589
			2324	1589
			2323	1589
			2322	1589
			2321	1589
			2320	1589
			2319	1589
			2318	1589
			2317	1589
			2316	1589
			2315	1589
			2314	1588
			2313	1588
			2312	1588
			2311	1588
			2310	1587
			2309	1587
			2308	1587
			2307	1586
			2306	1585
			2305	1585
			2304	1584
			2303	1583
			2302	1583
			2301	1582
			2300	1581
			2299	1580
			2298	1579
			2297	1579
			2297	1578
			2296	1577
			2295	1576
			2295	1575
			2294	1575
			2294	1574
			2293	1573
			2292	1572
			2292	1571
			2291	1570
			2291	1569
			2290	1568
			2290	1567
			2289	1566
			2289	1565
			2289	1564
			2288	1563
			2288	1562
			2287	1561
			2287	1560
			2286	1559
			2286	1558
			2286	1557
			2286	1556
			2285	1556
			2285	1555
			2285	1554
			2284	1553
			2284	1552
			2284	1551
			2284	1550
			2283	1549
			2283	1548
			2283	1547
			2283	1546
			2282	1545
			2282	1544
			2282	1543
			2282	1542
			2282	1541
			2281	1540
			2281	1539
			2281	1538
			2281	1537
			2281	1536
			2281	1535
			2280	1534
			2280	1533
			2280	1532
			2280	1531
			2280	1530
			2280	1529
			2280	1528
			2279	1527
			2279	1526
			2279	1525
			2279	1524
		</Profile>
		<Eye type=matrix rownames=FALSE colnames=FALSE nrow=2381 ncol=2 as.numeric=TRUE >
			1831	1084
			1830	1085
			1829	1085
			1828	1086
			1827	1086
			1826	1087
			1825	1088
			1824	1088
			1823	1089
			1822	1089
			1821	1090
			1820	1091
			1819	1091
			1818	1092
			1817	1092
			1816	1093
			1815	1094
			1814	1094
			1813	1095
			1812	1095
			1811	1096
			1810	1096
			1809	1097
			1808	1098
			1807	1098
			1806	1099
			1805	1099
			1804	1100
			1803	1100
			1802	1101
			1801	1101
			1800	1102
			1799	1103
			1798	1103
			1797	1104
			1796	1104
			1795	1105
			1794	1105
			1793	1106
			1792	1106
			1791	1107
			1790	1107
			1789	1108
			1788	1108
			1787	1109
			1786	1109
			1785	1110
			1784	1110
			1783	1111
			1782	1111
			1781	1112
			1780	1112
			1779	1113
			1778	1113
			1777	1114
			1776	1114
			1775	1115
			1774	1115
			1773	1116
			1772	1116
			1771	1117
			1770	1117
			1769	1118
			1768	1118
			1767	1119
			1766	1119
			1765	1120
			1764	1120
			1763	1121
			1762	1121
			1761	1122
			1760	1122
			1759	1122
			1758	1123
			1757	1123
			1756	1124
			1755	1124
			1754	1125
			1753	1125
			1752	1126
			1751	1126
			1750	1126
			1749	1127
			1748	1127
			1747	1128
			1746	1128
			1745	1129
			1744	1129
			1743	1129
			1742	1130
			1741	1130
			1740	1131
			1739	1131
			1738	1131
			1737	1132
			1736	1132
			1735	1133
			1734	1133
			1733	1133
			1732	1134
			1731	1134
			1730	1135
			1729	1135
			1728	1135
			1727	1136
			1726	1136
			1725	1137
			1724	1137
			1723	1137
			1722	1138
			1721	1138
			1720	1138
			1719	1139
			1718	1139
			1717	1140
			1716	1140
			1715	1140
			1714	1141
			1713	1141
			1712	1141
			1711	1142
			1710	1142
			1709	1142
			1708	1143
			1707	1143
			1706	1143
			1705	1143
			1704	1144
			1703	1144
			1702	1145
			1701	1145
			1700	1145
			1699	1145
			1698	1146
			1697	1146
			1696	1146
			1695	1147
			1694	1147
			1693	1147
			1692	1148
			1691	1148
			1690	1148
			1689	1148
			1689	1149
			1688	1149
			1687	1149
			1686	1149
			1685	1150
			1684	1150
			1683	1150
			1682	1150
			1681	1151
			1680	1151
			1679	1151
			1678	1151
			1677	1152
			1676	1152
			1675	1152
			1674	1152
			1673	1153
			1672	1153
			1671	1153
			1670	1153
			1670	1154
			1669	1154
			1668	1154
			1667	1154
			1666	1155
			1665	1155
			1664	1155
			1663	1155
			1662	1155
			1662	1156
			1661	1156
			1660	1156
			1659	1156
			1658	1156
			1657	1157
			1656	1157
			1655	1157
			1654	1157
			1653	1157
			1652	1158
			1651	1158
			1650	1158
			1649	1158
			1648	1158
			1647	1159
			1646	1159
			1645	1159
			1644	1159
			1643	1159
			1642	1160
			1641	1160
			1640	1160
			1639	1160
			1638	1160
			1637	1161
			1636	1161
			1635	1161
			1634	1161
			1633	1161
			1632	1161
			1631	1162
			1630	1162
			1629	1162
			1628	1162
			1627	1162
			1626	1162
			1625	1163
			1624	1163
			1623	1163
			1622	1163
			1621	1163
			1620	1163
			1619	1163
			1619	1164
			1618	1164
			1617	1164
			1616	1164
			1615	1164
			1614	1164
			1613	1164
			1612	1164
			1611	1165
			1610	1165
			1609	1165
			1608	1165
			1607	1165
			1606	1165
			1605	1165
			1604	1165
			1603	1166
			1602	1166
			1601	1166
			1600	1166
			1599	1166
			1598	1166
			1597	1166
			1596	1166
			1595	1166
			1594	1166
			1593	1166
			1592	1167
			1591	1167
			1590	1167
			1589	1167
			1588	1167
			1587	1167
			1586	1167
			1585	1167
			1584	1167
			1583	1167
			1582	1167
			1581	1167
			1580	1167
			1580	1168
			1579	1168
			1578	1168
			1577	1168
			1576	1168
			1575	1168
			1574	1168
			1573	1168
			1572	1168
			1571	1168
			1570	1168
			1569	1168
			1568	1168
			1567	1168
			1566	1168
			1565	1168
			1564	1168
			1563	1168
			1562	1168
			1561	1168
			1560	1168
			1559	1168
			1558	1168
			1557	1168
			1556	1168
			1555	1168
			1554	1168
			1553	1168
			1552	1168
			1551	1168
			1550	1168
			1549	1168
			1548	1168
			1547	1168
			1546	1168
			1545	1168
			1544	1168
			1543	1168
			1542	1168
			1541	1168
			1540	1168
			1539	1168
			1538	1168
			1537	1168
			1536	1168
			1535	1168
			1534	1168
			1533	1168
			1532	1168
			1531	1168
			1530	1168
			1529	1168
			1528	1168
			1527	1168
			1526	1168
			1525	1168
			1524	1168
			1523	1168
			1522	1168
			1521	1168
			1520	1168
			1519	1168
			1518	1168
			1517	1168
			1516	1168
			1515	1167
			1514	1167
			1513	1167
			1512	1167
			1511	1167
			1510	1167
			1509	1167
			1508	1167
			1507	1167
			1506	1167
			1505	1167
			1504	1167
			1503	1167
			1502	1167
			1501	1166
			1500	1166
			1499	1166
			1498	1166
			1497	1166
			1496	1166
			1495	1166
			1494	1166
			1493	1166
			1492	1166
			1491	1165
			1490	1165
			1489	1165
			1488	1165
			1487	1165
			1486	1165
			1485	1165
			1484	1165
			1483	1165
			1482	1164
			1481	1164
			1480	1164
			1479	1164
			1478	1164
			1477	1164
			1476	1164
			1475	1164
			1474	1163
			1473	1163
			1472	1163
			1471	1163
			1470	1163
			1469	1163
			1468	1163
			1467	1162
			1466	1162
			1465	1162
			1464	1162
			1463	1162
			1462	1162
			1461	1162
			1460	1161
			1459	1161
			1458	1161
			1457	1161
			1456	1161
			1455	1160
			1454	1160
			1453	1160
			1452	1160
			1451	1160
			1450	1160
			1449	1159
			1448	1159
			1447	1159
			1446	1159
			1445	1159
			1444	1158
			1443	1158
			1442	1158
			1441	1158
			1440	1158
			1439	1158
			1438	1157
			1437	1157
			1436	1157
			1435	1157
			1434	1157
			1433	1156
			1432	1156
			1431	1156
			1430	1156
			1429	1155
			1428	1155
			1427	1155
			1426	1155
			1425	1155
			1424	1154
			1423	1154
			1422	1154
			1421	1154
			1420	1154
			1420	1153
			1419	1153
			1418	1153
			1417	1153
			1416	1153
			1415	1152
			1414	1152
			1413	1152
			1412	1151
			1411	1151
			1410	1151
			1409	1151
			1408	1150
			1407	1150
			1406	1150
			1405	1150
			1404	1149
			1403	1149
			1402	1149
			1401	1149
			1400	1148
			1399	1148
			1398	1148
			1397	1148
			1396	1147
			1395	1147
			1394	1147
			1393	1146
			1392	1146
			1391	1146
			1390	1146
			1389	1145
			1388	1145
			1387	1145
			1386	1144
			1385	1144
			1384	1144
			1383	1143
			1382	1143
			1381	1143
			1380	1142
			1379	1142
			1378	1141
			1377	1140
			1376	1140
			1375	1139
			1374	1139
			1373	1138
			1372	1138
			1371	1137
			1370	1137
			1369	1136
			1368	1136
			1367	1135
			1366	1134
			1365	1134
			1364	1134
			1363	1133
			1362	1132
			1361	1132
			1360	1131
			1359	1131
			1358	1130
			1357	1130
			1356	1129
			1355	1129
			1355	1128
			1354	1128
			1353	1127
			1352	1127
			1351	1126
			1350	1126
			1349	1125
			1348	1124
			1347	1124
			1346	1123
			1345	1123
			1344	1122
			1343	1121
			1342	1121
			1341	1120
			1340	1120
			1339	1119
			1338	1118
			1337	1118
			1336	1117
			1335	1117
			1334	1116
			1333	1115
			1332	1115
			1331	1114
			1330	1114
			1329	1113
			1328	1112
			1327	1112
			1326	1111
			1325	1111
			1324	1110
			1323	1109
			1322	1108
			1321	1108
			1320	1107
			1319	1106
			1318	1105
			1317	1105
			1316	1104
			1315	1104
			1314	1103
			1313	1102
			1312	1101
			1311	1101
			1310	1100
			1309	1099
			1308	1099
			1307	1098
			1306	1097
			1305	1097
			1304	1096
			1303	1095
			1302	1094
			1301	1093
			1300	1093
			1299	1092
			1298	1091
			1297	1090
			1296	1090
			1295	1089
			1294	1089
			1294	1088
			1293	1087
			1292	1087
			1291	1086
			1290	1086
			1290	1085
			1289	1084
			1288	1084
			1287	1083
			1286	1082
			1285	1081
			1284	1081
			1283	1080
			1282	1079
			1281	1078
			1280	1077
			1279	1076
			1278	1075
			1277	1074
			1276	1073
			1275	1073
			1274	1072
			1273	1071
			1272	1070
			1271	1069
			1270	1068
			1269	1068
			1268	1067
			1268	1066
			1267	1066
			1266	1065
			1265	1064
			1264	1063
			1263	1062
			1262	1061
			1261	1060
			1260	1059
			1259	1059
			1258	1058
			1258	1057
			1257	1056
			1256	1055
			1255	1055
			1254	1054
			1253	1053
			1253	1052
			1252	1051
			1251	1051
			1250	1050
			1249	1049
			1249	1048
			1248	1047
			1247	1047
			1246	1046
			1245	1045
			1245	1044
			1244	1043
			1243	1042
			1242	1042
			1242	1041
			1241	1040
			1240	1039
			1239	1038
			1238	1037
			1237	1036
			1236	1035
			1235	1034
			1234	1033
			1233	1032
			1233	1031
			1232	1030
			1231	1029
			1230	1028
			1229	1027
			1228	1026
			1227	1025
			1227	1024
			1226	1023
			1225	1022
			1224	1021
			1223	1020
			1223	1019
			1222	1018
			1222	1017
			1221	1017
			1220	1016
			1220	1015
			1219	1014
			1219	1013
			1218	1013
			1217	1012
			1217	1011
			1216	1010
			1215	1009
			1214	1008
			1214	1007
			1213	1006
			1212	1005
			1212	1004
			1211	1003
			1210	1002
			1210	1001
			1209	1001
			1209	1000
			1208	999
			1207	998
			1207	997
			1206	996
			1205	995
			1205	994
			1204	993
			1203	992
			1203	991
			1202	990
			1202	989
			1201	988
			1200	987
			1200	986
			1199	985
			1199	984
			1198	983
			1197	982
			1197	981
			1196	980
			1196	979
			1195	979
			1195	978
			1194	977
			1193	976
			1193	975
			1192	974
			1192	973
			1191	972
			1191	971
			1190	970
			1190	969
			1189	968
			1189	967
			1188	966
			1187	965
			1187	964
			1186	963
			1186	962
			1185	961
			1185	960
			1184	959
			1184	958
			1183	957
			1183	956
			1182	955
			1182	954
			1181	953
			1181	952
			1180	951
			1180	950
			1179	949
			1179	948
			1179	947
			1178	946
			1178	945
			1177	944
			1177	943
			1177	942
			1176	941
			1176	940
			1175	939
			1175	938
			1175	937
			1174	936
			1174	935
			1173	934
			1173	933
			1172	932
			1172	931
			1172	930
			1171	930
			1171	929
			1171	928
			1170	927
			1170	926
			1170	925
			1169	924
			1169	923
			1169	922
			1168	922
			1168	921
			1168	920
			1168	919
			1167	918
			1167	917
			1166	916
			1166	915
			1166	914
			1165	913
			1165	912
			1165	911
			1165	910
			1164	909
			1164	908
			1164	907
			1163	906
			1163	905
			1163	904
			1162	903
			1162	902
			1162	901
			1162	900
			1161	899
			1161	898
			1161	897
			1160	896
			1160	895
			1160	894
			1160	893
			1159	892
			1159	891
			1159	890
			1159	889
			1158	888
			1158	887
			1158	886
			1158	885
			1157	884
			1157	883
			1157	882
			1157	881
			1156	880
			1156	879
			1156	878
			1156	877
			1155	876
			1155	875
			1155	874
			1155	873
			1155	872
			1154	871
			1154	870
			1154	869
			1154	868
			1154	867
			1153	866
			1153	865
			1153	864
			1153	863
			1153	862
			1152	861
			1152	860
			1152	859
			1152	858
			1152	857
			1152	856
			1151	855
			1151	854
			1151	853
			1151	852
			1151	851
			1151	850
			1151	849
			1150	848
			1150	847
			1150	846
			1150	845
			1150	844
			1150	843
			1150	842
			1150	841
			1150	840
			1150	839
			1150	838
			1150	837
			1150	836
			1150	835
			1150	834
			1150	833
			1149	833
			1149	832
			1149	831
			1149	830
			1149	829
			1149	828
			1149	827
			1149	826
			1149	825
			1149	824
			1149	823
			1149	822
			1149	821
			1149	820
			1149	819
			1149	818
			1149	817
			1149	816
			1149	815
			1149	814
			1149	813
			1149	812
			1149	811
			1149	810
			1149	809
			1149	808
			1149	807
			1149	806
			1149	805
			1149	804
			1149	803
			1149	802
			1149	801
			1149	800
			1149	799
			1149	798
			1149	797
			1149	796
			1149	795
			1149	794
			1149	793
			1149	792
			1149	791
			1149	790
			1149	789
			1150	788
			1150	787
			1150	786
			1150	785
			1150	784
			1150	783
			1150	782
			1150	781
			1150	780
			1150	779
			1150	778
			1150	777
			1150	776
			1150	775
			1150	774
			1150	773
			1150	772
			1150	771
			1150	770
			1150	769
			1151	768
			1151	767
			1151	766
			1151	765
			1151	764
			1151	763
			1151	762
			1151	761
			1151	760
			1151	759
			1151	758
			1151	757
			1151	756
			1152	755
			1152	754
			1152	753
			1152	752
			1152	751
			1152	750
			1152	749
			1152	748
			1152	747
			1152	746
			1153	745
			1153	744
			1153	743
			1153	742
			1153	741
			1153	740
			1153	739
			1153	738
			1153	737
			1154	736
			1154	735
			1154	734
			1154	733
			1154	732
			1154	731
			1154	730
			1154	729
			1155	728
			1155	727
			1155	726
			1155	725
			1155	724
			1155	723
			1155	722
			1156	721
			1156	720
			1156	719
			1156	718
			1156	717
			1156	716
			1157	715
			1157	714
			1157	713
			1157	712
			1157	711
			1157	710
			1158	709
			1158	708
			1158	707
			1158	706
			1158	705
			1158	704
			1159	703
			1159	702
			1159	701
			1159	700
			1159	699
			1160	698
			1160	697
			1160	696
			1160	695
			1160	694
			1161	694
			1161	693
			1161	692
			1161	691
			1161	690
			1162	689
			1162	688
			1162	687
			1162	686
			1162	685
			1163	684
			1163	683
			1163	682
			1163	681
			1163	680
			1164	679
			1164	678
			1164	677
			1165	676
			1165	675
			1165	674
			1165	673
			1166	672
			1166	671
			1166	670
			1166	669
			1167	668
			1167	667
			1167	666
			1167	665
			1168	664
			1168	663
			1168	662
			1168	661
			1169	660
			1169	659
			1169	658
			1170	657
			1170	656
			1170	655
			1171	654
			1171	653
			1171	652
			1171	651
			1172	650
			1172	649
			1172	648
			1173	647
			1173	646
			1173	645
			1174	644
			1174	643
			1174	642
			1175	641
			1175	640
			1175	639
			1176	638
			1176	637
			1176	636
			1177	635
			1177	634
			1177	633
			1178	632
			1178	631
			1179	630
			1179	629
			1179	628
			1180	627
			1180	626
			1180	625
			1181	624
			1181	623
			1181	622
			1182	622
			1182	621
			1182	620
			1183	619
			1183	618
			1183	617
			1184	617
			1184	616
			1184	615
			1184	614
			1185	614
			1185	613
			1185	612
			1186	611
			1186	610
			1187	609
			1187	608
			1188	607
			1188	606
			1188	605
			1189	604
			1189	603
			1190	602
			1190	601
			1190	600
			1191	599
			1191	598
			1192	597
			1193	596
			1193	595
			1193	594
			1194	594
			1194	593
			1194	592
			1195	592
			1195	591
			1195	590
			1196	589
			1196	588
			1197	587
			1197	586
			1198	585
			1198	584
			1199	583
			1199	582
			1200	581
			1200	580
			1201	579
			1201	578
			1202	577
			1202	576
			1203	575
			1203	574
			1204	573
			1205	572
			1205	571
			1206	570
			1206	569
			1207	568
			1207	567
			1208	566
			1208	565
			1209	564
			1209	563
			1210	563
			1210	562
			1211	561
			1211	560
			1212	559
			1213	558
			1213	557
			1214	556
			1214	555
			1215	554
			1215	553
			1216	552
			1216	551
			1217	550
			1218	549
			1219	548
			1219	547
			1220	546
			1221	545
			1221	544
			1222	543
			1222	542
			1223	541
			1223	540
			1224	540
			1225	539
			1225	538
			1226	537
			1227	536
			1227	535
			1228	534
			1229	533
			1229	532
			1230	531
			1231	530
			1231	529
			1232	528
			1232	527
			1233	526
			1234	526
			1235	525
			1235	524
			1236	523
			1237	522
			1237	521
			1238	520
			1239	519
			1239	518
			1240	517
			1241	516
			1242	515
			1243	514
			1243	513
			1244	512
			1245	511
			1246	510
			1247	509
			1247	508
			1248	507
			1249	506
			1250	505
			1251	504
			1251	503
			1252	502
			1253	501
			1254	500
			1255	499
			1256	498
			1257	497
			1257	496
			1258	496
			1258	495
			1259	494
			1260	494
			1260	493
			1261	492
			1262	491
			1263	490
			1264	489
			1265	488
			1266	487
			1266	486
			1267	486
			1268	485
			1268	484
			1269	483
			1270	483
			1271	482
			1271	481
			1272	480
			1273	480
			1273	479
			1274	478
			1275	477
			1276	477
			1276	476
			1277	475
			1278	474
			1279	474
			1279	473
			1280	472
			1281	471
			1282	471
			1282	470
			1283	469
			1284	468
			1285	468
			1285	467
			1286	466
			1287	466
			1288	465
			1288	464
			1289	463
			1290	463
			1291	462
			1292	461
			1293	460
			1294	459
			1295	458
			1296	457
			1297	456
			1298	456
			1299	455
			1300	454
			1301	453
			1302	452
			1303	451
			1304	451
			1305	450
			1306	449
			1307	448
			1308	447
			1309	446
			1310	445
			1311	444
			1312	444
			1313	443
			1313	442
			1314	442
			1315	441
			1316	441
			1316	440
			1317	440
			1318	439
			1318	438
			1319	438
			1320	437
			1321	437
			1322	436
			1323	436
			1323	435
			1324	435
			1325	434
			1326	434
			1327	434
			1327	433
			1328	433
			1329	432
			1330	432
			1331	431
			1332	431
			1332	430
			1333	430
			1334	429
			1335	429
			1336	428
			1337	428
			1338	427
			1339	427
			1340	426
			1341	425
			1342	425
			1343	424
			1344	424
			1345	423
			1346	423
			1347	422
			1348	422
			1349	421
			1350	421
			1351	420
			1352	420
			1353	419
			1354	419
			1355	418
			1356	418
			1357	417
			1358	417
			1359	416
			1360	416
			1361	415
			1362	415
			1363	414
			1364	414
			1365	414
			1366	413
			1367	413
			1368	412
			1369	412
			1370	411
			1371	411
			1372	410
			1373	410
			1374	409
			1375	409
			1376	409
			1377	408
			1378	408
			1379	407
			1380	407
			1381	406
			1382	406
			1383	406
			1384	405
			1385	405
			1386	404
			1387	404
			1388	404
			1389	403
			1390	403
			1391	402
			1392	402
			1393	402
			1394	401
			1395	401
			1396	400
			1397	400
			1398	400
			1399	399
			1400	399
			1401	399
			1402	398
			1403	398
			1404	397
			1405	397
			1406	397
			1407	397
			1407	396
			1408	396
			1409	396
			1410	396
			1411	395
			1412	395
			1413	394
			1414	394
			1415	394
			1416	394
			1416	393
			1417	393
			1418	393
			1419	393
			1419	392
			1420	392
			1421	392
			1422	392
			1423	391
			1424	391
			1425	391
			1426	391
			1427	390
			1428	390
			1429	389
			1430	389
			1431	389
			1432	389
			1433	388
			1434	388
			1435	388
			1436	388
			1437	387
			1438	387
			1439	387
			1440	387
			1441	386
			1442	386
			1443	386
			1444	386
			1445	385
			1446	385
			1447	385
			1448	385
			1449	384
			1450	384
			1451	384
			1452	384
			1453	383
			1454	383
			1455	383
			1456	383
			1457	382
			1458	382
			1459	382
			1460	382
			1461	382
			1462	381
			1463	381
			1464	381
			1465	381
			1466	381
			1467	381
			1468	380
			1469	380
			1470	380
			1471	380
			1472	380
			1473	380
			1474	379
			1475	379
			1476	379
			1477	379
			1478	379
			1479	378
			1480	378
			1481	378
			1482	378
			1483	378
			1484	378
			1485	378
			1486	377
			1487	377
			1488	377
			1489	377
			1490	377
			1491	377
			1492	377
			1493	376
			1494	376
			1495	376
			1496	376
			1497	376
			1498	376
			1499	376
			1500	376
			1501	376
			1502	375
			1503	375
			1504	375
			1505	375
			1506	375
			1507	375
			1508	375
			1509	375
			1510	375
			1511	375
			1512	375
			1513	375
			1514	374
			1515	374
			1516	374
			1517	374
			1518	374
			1519	374
			1520	374
			1521	374
			1522	374
			1523	374
			1524	374
			1525	374
			1526	374
			1527	374
			1528	374
			1529	374
			1530	374
			1531	374
			1532	374
			1533	374
			1534	374
			1535	374
			1536	374
			1537	374
			1538	374
			1539	374
			1540	374
			1541	374
			1542	374
			1543	374
			1544	374
			1545	374
			1546	374
			1547	374
			1548	374
			1549	374
			1550	374
			1551	374
			1552	374
			1553	374
			1554	374
			1555	374
			1556	374
			1557	374
			1558	374
			1559	374
			1560	374
			1561	374
			1562	374
			1563	374
			1564	374
			1565	374
			1566	374
			1567	374
			1568	374
			1569	374
			1570	375
			1571	375
			1572	375
			1573	375
			1574	375
			1575	375
			1576	375
			1577	375
			1578	375
			1579	375
			1580	375
			1581	375
			1582	375
			1583	376
			1584	376
			1585	376
			1586	376
			1587	376
			1588	376
			1589	376
			1590	376
			1591	376
			1592	377
			1593	377
			1594	377
			1595	377
			1596	377
			1597	377
			1598	377
			1599	378
			1600	378
			1601	378
			1602	378
			1603	378
			1604	378
			1605	378
			1606	379
			1607	379
			1608	379
			1609	379
			1610	379
			1611	379
			1612	380
			1613	380
			1614	380
			1615	380
			1616	380
			1617	380
			1618	381
			1619	381
			1620	381
			1621	381
			1622	381
			1623	381
			1624	382
			1625	382
			1626	382
			1627	382
			1628	382
			1629	383
			1630	383
			1631	383
			1632	383
			1633	384
			1634	384
			1635	384
			1636	384
			1637	384
			1638	385
			1639	385
			1640	385
			1641	385
			1642	386
			1643	386
			1644	386
			1645	386
			1646	387
			1647	387
			1648	387
			1649	387
			1650	388
			1651	388
			1652	388
			1653	388
			1654	389
			1655	389
			1656	389
			1657	389
			1658	390
			1659	390
			1660	390
			1661	390
			1662	391
			1663	391
			1664	391
			1665	392
			1666	392
			1667	392
			1668	392
			1669	393
			1670	393
			1671	393
			1672	394
			1673	394
			1674	394
			1675	394
			1676	395
			1677	395
			1678	395
			1679	396
			1680	396
			1681	396
			1682	397
			1683	397
			1684	397
			1685	398
			1686	398
			1687	398
			1688	399
			1689	399
			1690	399
			1691	400
			1692	400
			1693	400
			1694	401
			1695	401
			1696	401
			1696	402
			1697	402
			1698	402
			1699	402
			1700	403
			1701	403
			1702	404
			1703	404
			1704	404
			1705	405
			1706	405
			1707	405
			1708	406
			1709	406
			1710	406
			1711	407
			1712	407
			1713	408
			1714	408
			1715	409
			1716	409
			1717	409
			1718	410
			1719	410
			1720	410
			1721	411
			1722	411
			1723	412
			1724	412
			1725	413
			1726	413
			1727	413
			1728	414
			1729	414
			1730	415
			1731	415
			1732	415
			1733	416
			1734	416
			1735	417
			1736	417
			1737	418
			1738	418
			1739	418
			1740	419
			1741	419
			1742	420
			1743	420
			1744	421
			1745	421
			1746	422
			1747	422
			1748	423
			1749	423
			1750	424
			1751	424
			1752	425
			1753	425
			1754	426
			1755	426
			1755	427
			1756	427
			1757	428
			1758	429
			1759	430
			1760	431
			1761	432
			1762	432
			1763	433
			1763	434
			1764	434
			1765	435
			1766	436
			1767	436
			1767	437
			1768	438
			1769	438
			1770	439
			1771	440
			1772	441
			1773	442
			1774	443
			1775	444
			1776	445
			1777	445
			1778	446
			1779	447
			1780	448
			1781	449
			1782	450
			1783	450
			1783	451
			1784	452
			1785	453
			1786	454
			1787	455
			1788	456
			1789	456
			1790	457
			1791	458
			1792	459
			1793	460
			1794	461
			1795	462
			1796	463
			1797	464
			1798	465
			1799	466
			1800	467
			1801	468
			1802	469
			1803	470
			1804	470
			1804	471
			1805	472
			1806	473
			1807	473
			1807	474
			1808	475
			1809	476
			1810	476
			1810	477
			1811	478
			1812	479
			1812	480
			1813	480
			1814	481
			1815	482
			1815	483
			1816	483
			1817	484
			1818	485
			1818	486
			1819	486
			1820	487
			1820	488
			1821	489
			1822	490
			1823	490
			1823	491
			1824	492
			1825	493
			1826	494
			1827	495
			1828	496
			1829	497
			1830	498
			1830	499
			1831	500
			1832	501
			1833	502
			1834	503
			1834	504
			1835	505
			1836	506
			1837	506
			1838	507
			1839	508
			1839	509
			1840	510
			1841	511
			1842	512
			1843	513
			1843	514
			1844	515
			1845	516
			1846	517
			1847	518
			1847	519
			1848	520
			1849	521
			1850	522
			1850	523
			1851	524
			1852	525
			1853	526
			1853	527
			1854	528
			1855	529
			1856	530
			1857	531
			1857	532
			1858	533
			1859	534
			1860	535
			1860	536
			1861	537
			1862	538
			1862	539
			1863	540
			1864	541
			1865	542
			1865	543
			1866	544
			1867	545
			1868	546
			1868	547
			1869	548
			1870	549
			1870	550
			1871	551
			1872	552
			1872	553
			1873	554
			1874	555
			1875	556
			1875	557
			1876	558
			1877	559
			1877	560
			1878	561
			1879	562
			1879	563
			1880	564
			1881	565
			1881	566
			1882	567
			1883	568
			1883	569
			1884	570
			1885	571
			1885	572
			1886	573
			1887	574
			1887	575
			1888	576
			1889	577
			1889	578
			1890	579
			1890	580
			1891	581
			1892	582
			1892	583
			1893	584
			1893	585
			1894	586
			1894	587
			1895	588
			1896	589
			1896	590
			1897	591
			1897	592
			1898	593
			1898	594
			1899	595
			1900	596
			1900	597
			1901	598
			1901	599
			1902	599
			1902	600
			1902	601
			1903	601
			1903	602
			1903	603
			1904	603
			1904	604
			1904	605
			1905	605
			1905	606
			1906	607
			1906	608
			1907	609
			1907	610
			1908	611
			1908	612
			1909	613
			1909	614
			1910	615
			1910	616
			1911	617
			1911	618
			1912	619
			1912	620
			1913	621
			1913	622
			1914	623
			1914	624
			1915	625
			1915	626
			1916	627
			1916	628
			1917	629
			1917	630
			1918	631
			1918	632
			1919	633
			1919	634
			1919	635
			1920	636
			1920	637
			1921	638
			1921	639
			1922	640
			1922	641
			1923	642
			1923	643
			1923	644
			1924	645
			1924	646
			1925	647
			1925	648
			1926	649
			1926	650
			1927	651
			1927	652
			1927	653
			1928	654
			1928	655
			1929	656
			1929	657
			1929	658
			1930	659
			1930	660
			1931	661
			1931	662
			1932	663
			1932	664
			1932	665
			1933	666
			1933	667
			1934	668
			1934	669
			1934	670
			1935	671
			1935	672
			1935	673
			1936	674
			1936	675
			1937	676
			1937	677
			1937	678
			1938	679
			1938	680
			1938	681
			1939	682
			1939	683
			1940	684
			1940	685
			1940	686
			1940	687
			1941	687
			1941	688
			1941	689
			1941	690
			1942	690
			1942	691
			1942	692
			1942	693
			1943	694
			1943	695
			1943	696
			1944	697
			1944	698
			1944	699
			1945	700
			1945	701
			1945	702
			1946	703
			1946	704
			1946	705
			1947	706
			1947	707
			1947	708
			1947	709
			1948	710
			1948	711
			1948	712
			1949	713
			1949	714
			1949	715
			1950	716
			1950	717
			1950	718
			1950	719
			1951	720
			1951	721
			1951	722
			1951	723
			1952	724
			1952	725
			1952	726
			1952	727
			1953	728
			1953	729
			1953	730
			1954	731
			1954	732
			1954	733
			1954	734
			1955	735
			1955	736
			1955	737
			1955	738
			1956	739
			1956	740
			1956	741
			1956	742
			1957	743
			1957	744
			1957	745
			1957	746
			1957	747
			1957	748
			1958	749
			1958	750
			1958	751
			1958	752
			1958	753
			1958	754
			1958	755
			1958	756
			1958	757
			1958	758
			1959	759
			1959	760
			1959	761
			1959	762
			1959	763
			1959	764
			1959	765
			1959	766
			1959	767
			1959	768
			1959	769
			1960	770
			1960	771
			1960	772
			1960	773
			1960	774
			1960	775
			1960	776
			1960	777
			1960	778
			1960	779
			1960	780
			1960	781
			1960	782
			1960	783
			1960	784
			1960	785
			1960	786
			1960	787
			1961	788
			1961	789
			1961	790
			1961	791
			1961	792
			1961	793
			1961	794
			1961	795
			1961	796
			1961	797
			1961	798
			1961	799
			1961	800
			1961	801
			1961	802
			1961	803
			1961	804
			1961	805
			1961	806
			1961	807
			1961	808
			1961	809
			1961	810
			1961	811
			1961	812
			1961	813
			1961	814
			1961	815
			1961	816
			1961	817
			1961	818
			1961	819
			1960	819
			1960	820
			1960	821
			1960	822
			1960	823
			1960	824
			1960	825
			1960	826
			1960	827
			1960	828
			1960	829
			1960	830
			1960	831
			1960	832
			1960	833
			1960	834
			1960	835
			1959	836
			1959	837
			1959	838
			1959	839
			1959	840
			1959	841
			1959	842
			1959	843
			1959	844
			1959	845
			1959	846
			1958	847
			1958	848
			1958	849
			1958	850
			1958	851
			1958	852
			1958	853
			1958	854
			1957	855
			1957	856
			1957	857
			1957	858
			1957	859
			1957	860
			1957	861
			1956	862
			1956	863
			1956	864
			1956	865
			1956	866
			1956	867
			1955	868
			1955	869
			1955	870
			1955	871
			1955	872
			1955	873
			1954	874
			1954	875
			1954	876
			1954	877
			1954	878
			1954	879
			1953	880
			1953	881
			1953	882
			1953	883
			1953	884
			1952	884
			1952	885
			1952	886
			1952	887
			1951	888
			1951	889
			1951	890
			1951	891
			1951	892
			1950	893
			1950	894
			1950	895
			1950	896
			1949	897
			1949	898
			1949	899
			1949	900
			1948	901
			1948	902
			1948	903
			1947	904
			1947	905
			1947	906
			1947	907
			1946	908
			1946	909
			1946	910
			1946	911
			1945	912
			1945	913
			1944	914
			1944	915
			1944	916
			1944	917
			1943	918
			1943	919
			1943	920
			1942	921
			1942	922
			1942	923
			1941	924
			1941	925
			1941	926
			1940	927
			1940	928
			1940	929
			1939	930
			1939	931
			1938	932
			1938	933
			1938	934
			1937	935
			1937	936
			1936	937
			1936	938
			1936	939
			1936	940
			1935	940
			1935	941
			1935	942
			1934	943
			1934	944
			1933	945
			1933	946
			1932	947
			1932	948
			1932	949
			1931	950
			1931	951
			1930	952
			1930	953
			1929	954
			1929	955
			1929	956
			1928	957
			1928	958
			1927	958
			1927	959
			1926	960
			1926	961
			1925	962
			1925	963
			1925	964
			1924	965
			1924	966
			1923	967
			1923	968
			1922	969
			1922	970
			1921	971
			1921	972
			1920	973
			1919	974
			1919	975
			1918	976
			1918	977
			1917	978
			1916	979
			1916	980
			1916	981
			1915	982
			1915	983
			1914	983
			1914	984
			1913	985
			1913	986
			1912	987
			1911	988
			1911	989
			1910	990
			1910	991
			1909	992
			1909	993
			1908	994
			1907	995
			1907	996
			1906	997
			1906	998
			1905	998
			1905	999
			1904	1000
			1903	1001
			1903	1002
			1902	1003
			1901	1004
			1901	1005
			1900	1006
			1900	1007
			1899	1008
			1898	1009
			1897	1010
			1897	1011
			1896	1012
			1895	1013
			1894	1014
			1894	1015
			1893	1016
			1893	1017
			1892	1017
			1892	1018
			1891	1019
			1890	1020
			1890	1021
			1889	1021
			1889	1022
			1888	1023
			1887	1024
			1886	1025
			1886	1026
			1885	1027
			1884	1028
			1883	1029
			1883	1030
			1882	1031
			1881	1032
			1880	1033
			1879	1034
			1878	1035
			1877	1036
			1877	1037
			1876	1037
			1876	1038
			1875	1039
			1874	1040
			1873	1041
			1872	1042
			1872	1043
			1871	1044
			1870	1044
			1870	1045
			1869	1046
			1868	1047
			1868	1048
			1867	1048
			1866	1049
			1866	1050
			1865	1051
			1864	1051
			1863	1052
			1863	1053
			1862	1054
			1861	1054
			1861	1055
			1860	1056
			1859	1057
			1858	1058
			1857	1059
			1856	1060
			1855	1061
			1854	1062
			1854	1063
			1853	1064
			1852	1064
			1851	1065
			1850	1066
			1849	1067
			1848	1068
			1847	1069
			1846	1070
			1845	1071
			1844	1072
			1843	1073
			1842	1074
			1841	1075
			1840	1076
			1839	1077
			1838	1078
			1837	1079
			1836	1079
			1835	1080
			1834	1081
			1834	1082
			1833	1082
			1832	1083
			1831	1084
		</Eye>
	</curves.pixel>
	<ruler.points type=matrix rownames=TRUE colnames=FALSE nrow=2 ncol=2 as.numeric=TRUE >
		Ruler point 1	2	1894
		Ruler point 2	104	1894
	</ruler.points>
</shapes>

