<shapes type=list>
	<scaling type=logical names=FALSE length=1 as.numeric=FALSE >NA</scaling>
	<landmarks.pixel type=matrix rownames=TRUE colnames=FALSE nrow=11 ncol=2 as.numeric=TRUE >
		LM1Forehead	2211	543
		LM2UJFront	2702	1902
		LM3UJBack	2087	1991
		LM4LacOrb	2174	1384
		LM5QJoint	2052	2110
		LM6IOPL	2038	2222
		LM7IOPSOP	869	2217
		LM8A2A1	1211	1619
		LM9A1A3	1194	1173
		LM10TopMuscR	1055	994
		LM11TopMuscL	551	858
	</landmarks.pixel>
	<curves.control type=list>
		<Profile type=matrix rownames=FALSE colnames=FALSE nrow=7 ncol=2 as.numeric=TRUE >
			2211	543
			2582	846
			2760	1123
			3047	1578
			3006	1797
			2864	2053
			2702	1902
		</Profile>
		<Eye type=matrix rownames=FALSE colnames=FALSE nrow=13 ncol=2 as.numeric=TRUE >
			2174	1384
			1955	1541
			1709	1484
			1474	1400
			1390	1191
			1354	899
			1505	731
			1756	564
			2028	679
			2232	778
			2300	1024
			2300	1249
			2174	1384
		</Eye>
	</curves.control>
	<curves.pixel type=list>
		<Profile type=matrix rownames=FALSE colnames=FALSE nrow=1720 ncol=2 as.numeric=TRUE >
			2211	543
			2212	544
			2213	545
			2214	546
			2215	546
			2216	547
			2217	548
			2218	549
			2219	550
			2220	550
			2221	551
			2222	552
			2223	553
			2224	554
			2225	555
			2226	556
			2227	556
			2228	557
			2229	558
			2230	559
			2231	560
			2232	560
			2233	561
			2234	562
			2235	563
			2236	564
			2237	564
			2238	565
			2239	566
			2240	567
			2241	568
			2242	569
			2243	569
			2244	570
			2245	571
			2246	572
			2247	573
			2248	573
			2249	574
			2250	575
			2251	576
			2252	577
			2253	577
			2254	578
			2255	579
			2256	580
			2257	581
			2258	582
			2259	582
			2259	583
			2260	584
			2261	585
			2262	586
			2263	586
			2264	587
			2265	588
			2266	589
			2267	590
			2268	590
			2269	591
			2270	592
			2271	593
			2272	594
			2273	595
			2274	595
			2275	596
			2276	597
			2277	598
			2278	599
			2279	599
			2280	600
			2281	601
			2281	602
			2282	603
			2283	603
			2284	604
			2285	605
			2286	606
			2287	607
			2288	607
			2289	608
			2290	609
			2291	610
			2292	611
			2293	612
			2294	612
			2295	613
			2296	614
			2297	615
			2298	616
			2299	617
			2300	618
			2301	618
			2301	619
			2302	620
			2303	620
			2303	621
			2304	621
			2305	622
			2306	623
			2307	624
			2308	625
			2309	626
			2310	626
			2311	627
			2311	628
			2312	628
			2313	629
			2314	630
			2315	630
			2315	631
			2316	632
			2317	633
			2318	633
			2319	634
			2319	635
			2320	635
			2321	636
			2322	637
			2323	637
			2323	638
			2324	639
			2325	639
			2326	640
			2327	641
			2327	642
			2328	642
			2329	643
			2330	644
			2331	644
			2331	645
			2332	646
			2333	646
			2334	647
			2334	648
			2335	649
			2336	649
			2337	650
			2338	651
			2339	652
			2340	653
			2341	654
			2342	655
			2343	655
			2344	656
			2345	657
			2346	658
			2347	659
			2348	660
			2349	660
			2349	661
			2350	662
			2351	663
			2352	664
			2353	665
			2354	665
			2355	666
			2356	667
			2357	668
			2358	669
			2359	669
			2360	670
			2361	671
			2361	672
			2362	673
			2363	674
			2364	674
			2365	675
			2366	676
			2367	677
			2368	678
			2369	679
			2370	679
			2371	680
			2372	681
			2372	682
			2373	683
			2374	684
			2375	684
			2376	685
			2377	686
			2378	687
			2379	688
			2380	689
			2381	689
			2382	690
			2382	691
			2383	692
			2384	693
			2385	694
			2386	694
			2387	695
			2388	696
			2389	697
			2390	698
			2391	699
			2392	700
			2393	701
			2394	702
			2395	702
			2395	703
			2396	704
			2397	704
			2397	705
			2398	705
			2399	706
			2399	707
			2400	707
			2401	708
			2402	709
			2403	710
			2404	711
			2405	712
			2406	713
			2407	713
			2407	714
			2408	715
			2409	716
			2410	716
			2410	717
			2411	718
			2412	718
			2413	719
			2413	720
			2414	721
			2415	721
			2416	722
			2416	723
			2417	723
			2418	724
			2419	725
			2420	726
			2421	727
			2422	728
			2423	729
			2424	730
			2425	730
			2426	731
			2426	732
			2427	733
			2428	734
			2429	735
			2430	736
			2431	736
			2432	737
			2433	738
			2434	739
			2434	740
			2435	741
			2436	741
			2437	742
			2438	743
			2439	744
			2440	745
			2441	746
			2442	747
			2443	748
			2444	749
			2445	750
			2446	751
			2447	752
			2448	753
			2449	754
			2450	755
			2451	756
			2452	756
			2452	757
			2453	758
			2454	758
			2455	759
			2455	760
			2456	761
			2457	761
			2458	762
			2458	763
			2459	764
			2460	764
			2461	765
			2461	766
			2462	767
			2463	767
			2464	768
			2464	769
			2465	769
			2466	770
			2467	771
			2467	772
			2468	772
			2469	773
			2469	774
			2470	775
			2471	775
			2472	776
			2472	777
			2473	778
			2474	778
			2475	779
			2475	780
			2476	780
			2477	781
			2478	782
			2478	783
			2479	783
			2480	784
			2481	785
			2481	786
			2482	786
			2483	787
			2483	788
			2484	789
			2485	789
			2486	790
			2486	791
			2487	791
			2488	792
			2489	793
			2489	794
			2490	794
			2491	795
			2491	796
			2492	797
			2493	797
			2494	798
			2494	799
			2495	799
			2496	800
			2497	801
			2497	802
			2498	802
			2499	803
			2499	804
			2500	805
			2501	805
			2502	806
			2502	807
			2503	808
			2504	808
			2504	809
			2505	810
			2506	810
			2507	811
			2507	812
			2508	813
			2509	813
			2509	814
			2510	815
			2511	816
			2512	817
			2513	818
			2514	819
			2515	820
			2516	820
			2516	821
			2517	822
			2518	823
			2519	824
			2520	825
			2521	826
			2521	827
			2522	827
			2523	828
			2524	829
			2525	830
			2526	831
			2526	832
			2527	833
			2528	834
			2529	834
			2530	835
			2531	836
			2531	837
			2532	838
			2533	839
			2534	840
			2535	841
			2536	841
			2536	842
			2537	843
			2538	844
			2539	845
			2540	846
			2540	847
			2541	848
			2542	848
			2543	849
			2544	850
			2545	851
			2545	852
			2546	853
			2547	854
			2548	854
			2549	855
			2549	856
			2550	857
			2551	858
			2552	859
			2553	860
			2553	861
			2554	861
			2555	862
			2556	863
			2557	864
			2557	865
			2558	866
			2559	867
			2560	867
			2561	868
			2561	869
			2562	870
			2563	871
			2564	872
			2565	873
			2565	874
			2566	874
			2567	875
			2568	876
			2569	877
			2569	878
			2570	879
			2571	880
			2572	880
			2572	881
			2573	882
			2574	883
			2575	884
			2576	885
			2576	886
			2577	887
			2578	887
			2579	888
			2579	889
			2580	890
			2581	891
			2582	892
			2583	893
			2584	894
			2585	895
			2586	896
			2587	897
			2588	898
			2589	899
			2589	900
			2590	901
			2591	902
			2592	903
			2593	904
			2594	905
			2594	906
			2595	907
			2596	907
			2596	908
			2597	909
			2598	910
			2599	911
			2600	912
			2601	913
			2601	914
			2602	915
			2603	916
			2604	917
			2605	918
			2606	919
			2607	920
			2608	921
			2608	922
			2609	922
			2609	923
			2610	924
			2611	925
			2612	926
			2613	927
			2613	928
			2614	929
			2615	929
			2615	930
			2616	931
			2617	932
			2618	933
			2619	934
			2620	935
			2620	936
			2621	937
			2622	938
			2623	939
			2623	940
			2624	941
			2625	941
			2626	942
			2627	943
			2627	944
			2628	945
			2629	946
			2630	947
			2630	948
			2631	949
			2632	950
			2633	951
			2633	952
			2634	952
			2635	953
			2636	954
			2636	955
			2637	956
			2638	957
			2639	958
			2640	959
			2640	960
			2641	961
			2642	962
			2643	963
			2643	964
			2644	964
			2645	965
			2646	966
			2646	967
			2647	968
			2648	969
			2649	970
			2649	971
			2650	972
			2651	973
			2652	974
			2652	975
			2653	975
			2654	976
			2654	977
			2655	978
			2656	979
			2657	980
			2657	981
			2658	982
			2659	983
			2660	984
			2660	985
			2661	986
			2662	986
			2663	987
			2663	988
			2664	989
			2665	990
			2665	991
			2666	992
			2667	993
			2668	994
			2668	995
			2669	996
			2670	996
			2670	997
			2671	998
			2672	999
			2673	1000
			2673	1001
			2674	1002
			2675	1003
			2675	1004
			2676	1005
			2677	1006
			2678	1007
			2679	1008
			2680	1009
			2680	1010
			2681	1011
			2682	1012
			2683	1013
			2683	1014
			2684	1015
			2685	1016
			2685	1017
			2686	1017
			2686	1018
			2687	1019
			2688	1020
			2689	1021
			2689	1022
			2690	1023
			2691	1024
			2692	1025
			2692	1026
			2693	1027
			2694	1028
			2694	1029
			2695	1030
			2696	1031
			2697	1032
			2697	1033
			2698	1034
			2699	1034
			2699	1035
			2700	1036
			2701	1037
			2701	1038
			2702	1039
			2703	1040
			2704	1041
			2704	1042
			2705	1043
			2706	1044
			2706	1045
			2707	1046
			2708	1047
			2708	1048
			2709	1049
			2710	1049
			2710	1050
			2711	1051
			2712	1052
			2712	1053
			2713	1054
			2714	1055
			2714	1056
			2715	1057
			2716	1058
			2716	1059
			2717	1060
			2718	1061
			2718	1062
			2719	1063
			2720	1064
			2721	1065
			2722	1066
			2722	1067
			2723	1067
			2723	1068
			2723	1069
			2724	1069
			2724	1070
			2725	1071
			2726	1072
			2726	1073
			2727	1074
			2728	1075
			2729	1076
			2729	1077
			2730	1078
			2731	1079
			2731	1080
			2732	1081
			2733	1082
			2733	1083
			2734	1084
			2735	1085
			2735	1086
			2736	1087
			2737	1088
			2737	1089
			2738	1090
			2739	1091
			2739	1092
			2740	1093
			2741	1094
			2741	1095
			2742	1096
			2743	1097
			2744	1098
			2744	1099
			2745	1100
			2745	1101
			2746	1101
			2746	1102
			2747	1103
			2748	1104
			2749	1105
			2749	1106
			2750	1107
			2750	1108
			2751	1109
			2751	1110
			2752	1110
			2752	1111
			2753	1112
			2753	1113
			2754	1114
			2755	1115
			2756	1116
			2756	1117
			2757	1118
			2758	1119
			2758	1120
			2759	1121
			2759	1122
			2760	1123
			2761	1124
			2761	1125
			2762	1126
			2763	1127
			2763	1128
			2764	1129
			2765	1130
			2765	1131
			2766	1132
			2766	1133
			2767	1134
			2768	1135
			2768	1136
			2769	1137
			2769	1138
			2770	1139
			2771	1140
			2771	1141
			2772	1142
			2772	1143
			2773	1144
			2774	1145
			2774	1146
			2775	1147
			2775	1148
			2776	1149
			2777	1150
			2777	1151
			2778	1152
			2778	1153
			2779	1154
			2780	1154
			2780	1155
			2781	1156
			2781	1157
			2782	1158
			2783	1159
			2783	1160
			2784	1161
			2784	1162
			2785	1163
			2786	1164
			2786	1165
			2787	1166
			2787	1167
			2788	1168
			2788	1169
			2789	1170
			2790	1171
			2790	1172
			2791	1173
			2791	1174
			2792	1175
			2793	1176
			2793	1177
			2794	1177
			2794	1178
			2795	1179
			2795	1180
			2796	1181
			2797	1182
			2797	1183
			2798	1184
			2798	1185
			2799	1186
			2799	1187
			2800	1188
			2801	1189
			2801	1190
			2802	1191
			2802	1192
			2803	1193
			2803	1194
			2804	1195
			2805	1195
			2805	1196
			2806	1197
			2806	1198
			2807	1199
			2807	1200
			2808	1201
			2808	1202
			2809	1203
			2810	1204
			2810	1205
			2811	1206
			2811	1207
			2812	1208
			2812	1209
			2813	1210
			2814	1211
			2815	1212
			2815	1213
			2815	1214
			2816	1214
			2816	1215
			2817	1216
			2817	1217
			2818	1218
			2818	1219
			2819	1220
			2820	1221
			2820	1222
			2821	1223
			2821	1224
			2822	1225
			2823	1226
			2823	1227
			2824	1228
			2824	1229
			2825	1230
			2825	1231
			2826	1232
			2826	1233
			2827	1234
			2827	1235
			2828	1236
			2829	1236
			2829	1237
			2830	1238
			2830	1239
			2831	1240
			2831	1241
			2832	1242
			2832	1243
			2833	1244
			2833	1245
			2834	1246
			2835	1247
			2835	1248
			2836	1249
			2836	1250
			2837	1251
			2837	1252
			2838	1253
			2839	1254
			2839	1255
			2840	1256
			2840	1257
			2841	1258
			2842	1259
			2842	1260
			2843	1261
			2843	1262
			2844	1263
			2844	1264
			2845	1265
			2845	1266
			2846	1267
			2847	1268
			2847	1269
			2848	1270
			2848	1271
			2849	1272
			2849	1273
			2850	1274
			2850	1275
			2851	1276
			2851	1277
			2852	1278
			2852	1279
			2853	1280
			2854	1281
			2854	1282
			2855	1283
			2856	1284
			2856	1285
			2856	1286
			2857	1287
			2857	1288
			2858	1289
			2859	1290
			2859	1291
			2860	1292
			2860	1293
			2861	1294
			2861	1295
			2862	1296
			2863	1297
			2863	1298
			2864	1299
			2864	1300
			2865	1301
			2865	1302
			2866	1303
			2866	1304
			2867	1305
			2867	1306
			2868	1307
			2868	1308
			2869	1309
			2869	1310
			2870	1311
			2870	1312
			2871	1313
			2871	1314
			2872	1315
			2872	1316
			2873	1317
			2873	1318
			2874	1319
			2875	1320
			2875	1321
			2876	1322
			2876	1323
			2877	1324
			2878	1325
			2878	1326
			2878	1327
			2879	1328
			2879	1329
			2880	1329
			2880	1330
			2881	1331
			2881	1332
			2881	1333
			2882	1334
			2883	1335
			2883	1336
			2884	1337
			2884	1338
			2885	1339
			2885	1340
			2886	1341
			2886	1342
			2887	1343
			2887	1344
			2888	1345
			2888	1346
			2889	1347
			2889	1348
			2890	1349
			2890	1350
			2891	1351
			2891	1352
			2892	1353
			2892	1354
			2893	1355
			2893	1356
			2894	1357
			2894	1358
			2895	1359
			2895	1360
			2896	1361
			2896	1362
			2897	1363
			2897	1364
			2898	1365
			2899	1366
			2899	1367
			2899	1368
			2900	1369
			2900	1370
			2901	1371
			2901	1372
			2902	1373
			2902	1374
			2903	1375
			2903	1376
			2904	1377
			2904	1378
			2905	1379
			2905	1380
			2906	1381
			2906	1382
			2907	1383
			2907	1384
			2908	1385
			2908	1386
			2909	1387
			2909	1388
			2910	1389
			2910	1390
			2911	1391
			2911	1392
			2912	1393
			2912	1394
			2912	1395
			2913	1396
			2913	1397
			2914	1398
			2914	1399
			2915	1400
			2915	1401
			2916	1402
			2916	1403
			2917	1404
			2917	1405
			2918	1406
			2918	1407
			2918	1408
			2919	1409
			2919	1410
			2920	1411
			2920	1412
			2921	1412
			2921	1413
			2922	1414
			2922	1415
			2922	1416
			2923	1417
			2923	1418
			2924	1419
			2924	1420
			2925	1421
			2925	1422
			2926	1423
			2926	1424
			2926	1425
			2927	1426
			2927	1427
			2928	1428
			2928	1429
			2929	1430
			2929	1431
			2929	1432
			2930	1433
			2931	1434
			2931	1435
			2931	1436
			2932	1436
			2932	1437
			2932	1438
			2932	1439
			2933	1439
			2933	1440
			2933	1441
			2934	1441
			2934	1442
			2934	1443
			2935	1443
			2935	1444
			2935	1445
			2936	1446
			2936	1447
			2937	1448
			2937	1449
			2937	1450
			2938	1451
			2938	1452
			2939	1453
			2939	1454
			2940	1455
			2940	1456
			2940	1457
			2941	1458
			2941	1459
			2942	1460
			2942	1461
			2942	1462
			2943	1463
			2943	1464
			2944	1465
			2944	1466
			2945	1467
			2945	1468
			2945	1469
			2946	1469
			2946	1470
			2946	1471
			2947	1472
			2947	1473
			2948	1474
			2948	1475
			2948	1476
			2949	1477
			2949	1478
			2950	1479
			2950	1480
			2950	1481
			2951	1482
			2951	1483
			2952	1484
			2952	1485
			2952	1486
			2953	1487
			2953	1488
			2954	1489
			2954	1490
			2954	1491
			2955	1492
			2955	1493
			2955	1494
			2956	1495
			2956	1496
			2957	1497
			2957	1498
			2958	1499
			2958	1500
			2958	1501
			2959	1502
			2959	1503
			2959	1504
			2960	1505
			2960	1506
			2961	1507
			2961	1508
			2961	1509
			2962	1510
			2962	1511
			2962	1512
			2963	1513
			2963	1514
			2964	1515
			2964	1516
			2964	1517
			2965	1518
			2965	1519
			2965	1520
			2966	1521
			2966	1522
			2966	1523
			2967	1524
			2967	1525
			2967	1526
			2968	1527
			2968	1528
			2968	1529
			2969	1530
			2969	1531
			2969	1532
			2970	1533
			2971	1534
			2971	1535
			2971	1536
			2971	1537
			2972	1538
			2972	1539
			2972	1540
			2973	1540
			2973	1541
			2973	1542
			2973	1543
			2974	1544
			2974	1545
			2975	1546
			2975	1547
			2975	1548
			2975	1549
			2976	1550
			2976	1551
			2976	1552
			2977	1553
			2977	1554
			2977	1555
			2978	1556
			2978	1557
			2978	1558
			2979	1559
			2979	1560
			2979	1561
			2980	1562
			2980	1563
			2980	1564
			2980	1565
			2981	1566
			2981	1567
			2982	1568
			2982	1569
			2982	1570
			2983	1571
			2983	1572
			2983	1573
			2983	1574
			2984	1575
			2984	1576
			2984	1577
			2985	1578
			2985	1579
			2985	1580
			2985	1581
			2986	1582
			2986	1583
			2986	1584
			2987	1585
			2987	1586
			2987	1587
			2987	1588
			2988	1589
			2988	1590
			2988	1591
			2989	1592
			2989	1593
			2989	1594
			2989	1595
			2990	1596
			2990	1597
			2990	1598
			2991	1599
			2991	1600
			2991	1601
			2991	1602
			2992	1603
			2992	1604
			2992	1605
			2992	1606
			2993	1607
			2993	1608
			2993	1609
			2993	1610
			2994	1611
			2994	1612
			2994	1613
			2994	1614
			2995	1615
			2995	1616
			2995	1617
			2995	1618
			2996	1619
			2996	1620
			2996	1621
			2996	1622
			2996	1623
			2997	1624
			2997	1625
			2997	1626
			2997	1627
			2998	1628
			2998	1629
			2998	1630
			2998	1631
			2999	1632
			2999	1633
			2999	1634
			2999	1635
			2999	1636
			3000	1637
			3000	1638
			3000	1639
			3000	1640
			3000	1641
			3001	1642
			3001	1643
			3001	1644
			3001	1645
			3001	1646
			3002	1647
			3002	1648
			3002	1649
			3002	1650
			3002	1651
			3002	1652
			3003	1653
			3003	1654
			3003	1655
			3003	1656
			3004	1657
			3004	1658
			3004	1659
			3004	1660
			3004	1661
			3004	1662
			3004	1663
			3005	1664
			3005	1665
			3005	1666
			3005	1667
			3005	1668
			3005	1669
			3006	1670
			3006	1671
			3006	1672
			3006	1673
			3006	1674
			3006	1675
			3006	1676
			3007	1677
			3007	1678
			3007	1679
			3007	1680
			3007	1681
			3007	1682
			3007	1683
			3008	1684
			3008	1685
			3008	1686
			3008	1687
			3008	1688
			3008	1689
			3008	1690
			3008	1691
			3008	1692
			3009	1692
			3009	1693
			3009	1694
			3009	1695
			3009	1696
			3009	1697
			3009	1698
			3009	1699
			3009	1700
			3009	1701
			3009	1702
			3010	1703
			3010	1704
			3010	1705
			3010	1706
			3010	1707
			3010	1708
			3010	1709
			3010	1710
			3010	1711
			3010	1712
			3010	1713
			3010	1714
			3010	1715
			3010	1716
			3011	1717
			3011	1718
			3011	1719
			3011	1720
			3011	1721
			3011	1722
			3011	1723
			3011	1724
			3011	1725
			3011	1726
			3011	1727
			3011	1728
			3011	1729
			3011	1730
			3011	1731
			3011	1732
			3011	1733
			3011	1734
			3011	1735
			3011	1736
			3011	1737
			3011	1738
			3011	1739
			3011	1740
			3011	1741
			3011	1742
			3011	1743
			3011	1744
			3011	1745
			3011	1746
			3011	1747
			3011	1748
			3011	1749
			3011	1750
			3011	1751
			3011	1752
			3011	1753
			3011	1754
			3011	1755
			3011	1756
			3011	1757
			3011	1758
			3011	1759
			3010	1760
			3010	1761
			3010	1762
			3010	1763
			3010	1764
			3010	1765
			3010	1766
			3010	1767
			3010	1768
			3010	1769
			3010	1770
			3010	1771
			3010	1772
			3009	1773
			3009	1774
			3009	1775
			3009	1776
			3009	1777
			3009	1778
			3009	1779
			3009	1780
			3008	1781
			3008	1782
			3008	1783
			3008	1784
			3008	1785
			3008	1786
			3008	1787
			3008	1788
			3007	1789
			3007	1790
			3007	1791
			3007	1792
			3007	1793
			3006	1794
			3006	1795
			3006	1796
			3006	1797
			3005	1798
			3005	1799
			3004	1800
			3004	1801
			3003	1802
			3003	1803
			3002	1804
			3002	1805
			3001	1805
			3001	1806
			3000	1807
			3000	1808
			2999	1809
			2999	1810
			2998	1811
			2998	1812
			2997	1812
			2997	1813
			2996	1814
			2996	1815
			2995	1816
			2995	1817
			2994	1818
			2993	1819
			2992	1820
			2992	1821
			2991	1822
			2991	1823
			2990	1824
			2989	1825
			2989	1826
			2988	1827
			2988	1828
			2987	1829
			2986	1830
			2986	1831
			2985	1832
			2984	1833
			2984	1834
			2983	1835
			2983	1836
			2982	1837
			2981	1838
			2981	1839
			2980	1840
			2980	1841
			2979	1842
			2978	1843
			2978	1844
			2977	1845
			2976	1846
			2975	1847
			2974	1848
			2974	1849
			2974	1850
			2973	1850
			2973	1851
			2972	1852
			2971	1853
			2970	1854
			2970	1855
			2969	1856
			2969	1857
			2968	1858
			2967	1858
			2967	1859
			2966	1860
			2966	1861
			2965	1861
			2965	1862
			2964	1863
			2964	1864
			2963	1864
			2963	1865
			2962	1866
			2962	1867
			2961	1867
			2960	1868
			2960	1869
			2959	1869
			2959	1870
			2958	1871
			2957	1872
			2957	1873
			2956	1874
			2955	1875
			2954	1876
			2953	1877
			2952	1878
			2952	1879
			2951	1880
			2950	1881
			2949	1882
			2949	1883
			2948	1884
			2947	1885
			2946	1886
			2945	1887
			2945	1888
			2944	1888
			2943	1889
			2942	1890
			2942	1891
			2941	1892
			2940	1893
			2939	1894
			2938	1895
			2937	1896
			2936	1897
			2935	1898
			2934	1899
			2933	1900
			2932	1901
			2931	1902
			2930	1903
			2929	1904
			2928	1905
			2927	1906
			2926	1907
			2926	1908
			2925	1909
			2924	1910
			2923	1911
			2922	1911
			2921	1912
			2920	1913
			2919	1914
			2918	1915
			2917	1916
			2916	1917
			2915	1917
			2914	1918
			2913	1919
			2912	1920
			2911	1921
			2910	1921
			2909	1922
			2908	1923
			2907	1924
			2907	1925
			2906	1925
			2905	1926
			2904	1927
			2903	1927
			2902	1928
			2901	1929
			2900	1930
			2899	1930
			2898	1931
			2897	1932
			2896	1932
			2895	1933
			2894	1934
			2893	1934
			2892	1935
			2891	1935
			2890	1936
			2889	1937
			2888	1937
			2887	1938
			2886	1938
			2885	1939
			2884	1940
			2883	1941
			2882	1941
			2881	1941
			2880	1942
			2879	1942
			2878	1943
			2877	1944
			2876	1944
			2875	1944
			2874	1945
			2873	1946
			2872	1946
			2871	1947
			2870	1947
			2869	1947
			2868	1948
			2867	1948
			2866	1949
			2865	1949
			2864	1950
			2863	1950
			2862	1950
			2861	1951
			2860	1951
			2859	1951
			2858	1952
			2857	1952
			2856	1952
			2855	1953
			2854	1953
			2853	1953
			2852	1954
			2851	1954
			2850	1954
			2849	1954
			2848	1954
			2847	1955
			2846	1955
			2845	1955
			2844	1955
			2843	1956
			2842	1956
			2841	1956
			2840	1956
			2839	1956
			2838	1957
			2837	1957
			2836	1957
			2835	1957
			2834	1957
			2833	1957
			2832	1957
			2831	1957
			2830	1958
			2829	1958
			2828	1958
			2827	1958
			2826	1958
			2825	1958
			2824	1958
			2823	1958
			2822	1958
			2821	1958
			2820	1958
			2819	1958
			2818	1958
			2817	1958
			2816	1958
			2815	1958
			2814	1958
			2813	1958
			2812	1958
			2811	1958
			2810	1958
			2809	1958
			2808	1957
			2807	1957
			2806	1957
			2805	1957
			2804	1957
			2803	1957
			2802	1957
			2801	1957
			2800	1956
			2799	1956
			2798	1956
			2797	1956
			2796	1956
			2795	1956
			2794	1955
			2793	1955
			2792	1955
			2791	1955
			2790	1954
			2789	1954
			2788	1954
			2787	1954
			2786	1953
			2785	1953
			2784	1953
			2783	1952
			2782	1952
			2781	1952
			2780	1951
			2779	1951
			2778	1951
			2777	1951
			2776	1950
			2775	1950
			2774	1949
			2773	1949
			2772	1949
			2771	1948
			2770	1948
			2769	1947
			2768	1947
			2767	1946
			2766	1946
			2765	1946
			2764	1945
			2763	1945
			2762	1944
			2761	1944
			2760	1943
			2759	1943
			2758	1942
			2757	1942
			2756	1941
			2755	1941
			2754	1940
			2753	1939
			2752	1939
			2751	1938
			2750	1938
			2749	1937
			2748	1937
			2747	1936
			2746	1936
			2745	1935
			2744	1934
			2743	1934
			2742	1934
			2742	1933
			2741	1933
			2740	1932
			2739	1932
			2739	1931
			2738	1931
			2737	1930
			2736	1929
			2735	1929
			2734	1928
			2733	1927
			2732	1927
			2731	1926
			2730	1926
			2730	1925
			2729	1924
			2728	1924
			2727	1923
			2726	1922
			2725	1922
			2724	1921
			2723	1920
			2722	1919
			2721	1918
			2720	1918
			2719	1917
			2719	1916
			2718	1916
			2717	1915
			2716	1914
			2715	1913
			2714	1912
			2713	1912
			2712	1911
			2711	1910
			2710	1910
			2710	1909
			2709	1908
			2708	1908
			2707	1907
			2707	1906
			2706	1905
			2705	1905
			2704	1904
			2703	1903
			2702	1902
		</Profile>
		<Eye type=matrix rownames=FALSE colnames=FALSE nrow=2648 ncol=2 as.numeric=TRUE >
			2174	1384
			2173	1385
			2172	1385
			2171	1386
			2170	1387
			2169	1387
			2168	1388
			2167	1389
			2166	1390
			2165	1390
			2164	1391
			2163	1392
			2162	1393
			2161	1393
			2160	1394
			2159	1394
			2158	1395
			2157	1396
			2156	1397
			2155	1397
			2154	1398
			2153	1399
			2152	1399
			2151	1400
			2150	1401
			2149	1401
			2148	1402
			2147	1402
			2146	1403
			2145	1404
			2144	1404
			2143	1405
			2142	1406
			2141	1406
			2140	1407
			2139	1407
			2138	1408
			2137	1409
			2136	1409
			2135	1410
			2134	1411
			2133	1411
			2132	1412
			2131	1412
			2130	1413
			2129	1414
			2128	1414
			2128	1415
			2127	1415
			2126	1416
			2125	1417
			2124	1417
			2123	1418
			2122	1418
			2121	1419
			2120	1419
			2119	1420
			2118	1421
			2117	1421
			2116	1422
			2115	1422
			2114	1423
			2113	1423
			2112	1424
			2111	1425
			2110	1425
			2109	1426
			2108	1426
			2107	1427
			2106	1427
			2105	1428
			2104	1428
			2103	1429
			2102	1429
			2101	1430
			2100	1431
			2099	1431
			2098	1432
			2097	1432
			2096	1433
			2095	1433
			2094	1434
			2093	1434
			2092	1435
			2091	1435
			2090	1436
			2089	1436
			2088	1437
			2087	1437
			2086	1438
			2085	1438
			2084	1439
			2083	1439
			2082	1440
			2081	1440
			2080	1441
			2079	1441
			2078	1442
			2077	1442
			2076	1443
			2075	1443
			2074	1444
			2073	1444
			2072	1445
			2071	1445
			2070	1446
			2069	1446
			2068	1447
			2067	1447
			2066	1447
			2065	1448
			2064	1448
			2063	1449
			2062	1449
			2061	1450
			2060	1450
			2059	1451
			2058	1451
			2057	1452
			2056	1452
			2055	1452
			2054	1453
			2053	1453
			2052	1454
			2051	1454
			2050	1455
			2049	1455
			2048	1455
			2047	1456
			2046	1456
			2045	1457
			2044	1457
			2043	1458
			2042	1458
			2041	1458
			2040	1459
			2039	1459
			2038	1460
			2037	1460
			2036	1460
			2035	1461
			2034	1461
			2033	1462
			2032	1462
			2031	1462
			2030	1463
			2029	1463
			2028	1464
			2027	1464
			2026	1464
			2025	1465
			2024	1465
			2023	1465
			2022	1466
			2021	1466
			2020	1467
			2019	1467
			2018	1467
			2017	1468
			2016	1468
			2015	1468
			2014	1469
			2013	1469
			2012	1469
			2011	1470
			2010	1470
			2009	1471
			2008	1471
			2007	1471
			2006	1472
			2005	1472
			2004	1472
			2003	1473
			2002	1473
			2001	1473
			2000	1474
			1999	1474
			1998	1474
			1997	1475
			1996	1475
			1995	1475
			1994	1475
			1993	1476
			1992	1476
			1991	1476
			1990	1477
			1989	1477
			1988	1477
			1987	1478
			1986	1478
			1985	1478
			1984	1479
			1983	1479
			1982	1479
			1981	1479
			1980	1480
			1979	1480
			1978	1480
			1977	1481
			1976	1481
			1975	1481
			1974	1481
			1973	1482
			1972	1482
			1971	1482
			1970	1482
			1969	1483
			1968	1483
			1967	1483
			1966	1483
			1965	1484
			1964	1484
			1963	1484
			1962	1484
			1961	1485
			1960	1485
			1959	1485
			1958	1485
			1957	1486
			1956	1486
			1955	1486
			1954	1486
			1953	1486
			1952	1487
			1951	1487
			1950	1487
			1949	1487
			1948	1487
			1947	1488
			1946	1488
			1945	1488
			1944	1488
			1943	1489
			1942	1489
			1941	1489
			1940	1489
			1939	1489
			1938	1490
			1937	1490
			1936	1490
			1935	1490
			1934	1490
			1933	1491
			1932	1491
			1931	1491
			1930	1491
			1929	1491
			1928	1491
			1927	1492
			1926	1492
			1925	1492
			1924	1492
			1923	1492
			1922	1492
			1922	1493
			1921	1493
			1920	1493
			1919	1493
			1918	1493
			1917	1493
			1916	1493
			1915	1494
			1914	1494
			1913	1494
			1912	1494
			1911	1494
			1910	1494
			1909	1494
			1908	1495
			1907	1495
			1906	1495
			1905	1495
			1904	1495
			1903	1495
			1902	1495
			1901	1495
			1900	1496
			1899	1496
			1898	1496
			1897	1496
			1896	1496
			1895	1496
			1894	1496
			1893	1496
			1892	1496
			1891	1497
			1890	1497
			1889	1497
			1888	1497
			1887	1497
			1886	1497
			1885	1497
			1884	1497
			1883	1497
			1882	1497
			1881	1497
			1880	1498
			1879	1498
			1878	1498
			1877	1498
			1876	1498
			1875	1498
			1874	1498
			1873	1498
			1872	1498
			1871	1498
			1870	1498
			1869	1498
			1868	1498
			1867	1498
			1866	1498
			1865	1499
			1864	1499
			1863	1499
			1862	1499
			1861	1499
			1860	1499
			1859	1499
			1858	1499
			1857	1499
			1856	1499
			1855	1499
			1854	1499
			1853	1499
			1852	1499
			1851	1499
			1850	1499
			1849	1499
			1848	1499
			1847	1499
			1846	1499
			1845	1499
			1844	1499
			1843	1499
			1842	1499
			1841	1499
			1840	1499
			1839	1499
			1838	1499
			1837	1499
			1836	1499
			1835	1499
			1834	1499
			1833	1499
			1832	1499
			1831	1499
			1830	1499
			1829	1499
			1828	1499
			1827	1499
			1826	1499
			1825	1499
			1824	1499
			1823	1499
			1822	1499
			1821	1499
			1820	1499
			1819	1499
			1818	1499
			1817	1499
			1816	1499
			1815	1499
			1814	1499
			1813	1499
			1812	1499
			1811	1499
			1810	1498
			1809	1498
			1808	1498
			1807	1498
			1806	1498
			1805	1498
			1804	1498
			1803	1498
			1802	1498
			1801	1498
			1800	1498
			1799	1498
			1798	1498
			1797	1498
			1796	1498
			1795	1497
			1794	1497
			1793	1497
			1792	1497
			1791	1497
			1790	1497
			1789	1497
			1788	1497
			1787	1497
			1786	1497
			1785	1497
			1784	1496
			1783	1496
			1782	1496
			1781	1496
			1780	1496
			1779	1496
			1778	1496
			1777	1496
			1776	1496
			1775	1495
			1774	1495
			1773	1495
			1772	1495
			1771	1495
			1770	1495
			1769	1495
			1768	1495
			1767	1495
			1766	1494
			1765	1494
			1764	1494
			1763	1494
			1762	1494
			1761	1494
			1760	1494
			1759	1493
			1758	1493
			1757	1493
			1756	1493
			1755	1493
			1754	1493
			1753	1493
			1752	1492
			1751	1492
			1750	1492
			1749	1492
			1748	1492
			1747	1492
			1746	1491
			1745	1491
			1744	1491
			1743	1491
			1742	1491
			1741	1491
			1740	1490
			1739	1490
			1738	1490
			1737	1490
			1736	1490
			1735	1489
			1734	1489
			1733	1489
			1732	1489
			1731	1489
			1730	1489
			1729	1488
			1728	1488
			1727	1488
			1726	1488
			1725	1488
			1724	1487
			1723	1487
			1722	1487
			1721	1487
			1720	1486
			1719	1486
			1718	1486
			1717	1486
			1716	1486
			1715	1485
			1714	1485
			1713	1485
			1712	1485
			1711	1484
			1710	1484
			1709	1484
			1708	1484
			1707	1483
			1706	1483
			1705	1483
			1704	1482
			1703	1482
			1702	1482
			1701	1481
			1700	1481
			1699	1481
			1699	1480
			1698	1480
			1697	1479
			1696	1479
			1695	1479
			1694	1478
			1693	1478
			1692	1478
			1691	1477
			1690	1477
			1689	1477
			1688	1476
			1687	1476
			1686	1475
			1685	1475
			1684	1475
			1684	1474
			1683	1474
			1682	1474
			1681	1473
			1680	1473
			1679	1472
			1678	1472
			1677	1472
			1676	1471
			1675	1471
			1674	1471
			1673	1470
			1672	1469
			1671	1469
			1670	1469
			1669	1468
			1668	1468
			1667	1467
			1666	1467
			1665	1467
			1664	1466
			1663	1466
			1662	1465
			1661	1465
			1660	1464
			1659	1464
			1658	1464
			1657	1463
			1656	1463
			1655	1462
			1654	1462
			1653	1461
			1652	1461
			1651	1460
			1650	1460
			1649	1459
			1648	1459
			1647	1458
			1646	1458
			1645	1458
			1645	1457
			1644	1457
			1643	1457
			1642	1456
			1641	1455
			1640	1455
			1639	1455
			1638	1454
			1637	1454
			1636	1453
			1635	1453
			1634	1452
			1633	1452
			1632	1451
			1631	1450
			1630	1450
			1629	1449
			1628	1449
			1627	1448
			1626	1448
			1625	1447
			1624	1447
			1623	1447
			1622	1446
			1621	1445
			1620	1445
			1619	1444
			1618	1444
			1617	1443
			1616	1443
			1615	1442
			1614	1442
			1613	1441
			1612	1440
			1611	1440
			1610	1439
			1609	1439
			1608	1438
			1607	1437
			1606	1437
			1605	1437
			1604	1436
			1603	1436
			1603	1435
			1602	1435
			1601	1434
			1600	1434
			1600	1433
			1599	1433
			1598	1432
			1597	1432
			1596	1431
			1595	1431
			1594	1430
			1593	1429
			1592	1429
			1591	1428
			1590	1428
			1589	1427
			1588	1427
			1588	1426
			1587	1426
			1586	1425
			1585	1424
			1584	1424
			1583	1423
			1582	1423
			1581	1422
			1580	1422
			1579	1421
			1579	1420
			1578	1420
			1577	1419
			1576	1419
			1575	1418
			1574	1417
			1573	1417
			1572	1416
			1571	1416
			1571	1415
			1570	1415
			1569	1414
			1568	1413
			1567	1413
			1566	1412
			1565	1412
			1564	1411
			1564	1410
			1563	1410
			1562	1409
			1561	1409
			1560	1408
			1559	1407
			1558	1407
			1558	1406
			1557	1405
			1556	1405
			1555	1404
			1554	1404
			1553	1403
			1553	1402
			1552	1402
			1551	1401
			1550	1401
			1549	1400
			1548	1399
			1547	1398
			1546	1397
			1545	1396
			1544	1396
			1543	1395
			1542	1394
			1541	1393
			1540	1393
			1539	1392
			1538	1391
			1537	1390
			1536	1390
			1535	1389
			1534	1388
			1533	1387
			1532	1386
			1531	1386
			1530	1385
			1529	1384
			1528	1383
			1527	1382
			1526	1382
			1525	1381
			1525	1380
			1524	1379
			1523	1378
			1522	1378
			1521	1377
			1520	1376
			1519	1375
			1518	1374
			1517	1374
			1516	1373
			1515	1372
			1514	1371
			1513	1370
			1513	1369
			1512	1369
			1511	1368
			1510	1367
			1509	1366
			1508	1365
			1507	1364
			1506	1364
			1505	1363
			1504	1362
			1504	1361
			1503	1360
			1502	1359
			1501	1359
			1500	1358
			1499	1357
			1498	1356
			1497	1355
			1497	1354
			1496	1353
			1495	1353
			1494	1352
			1493	1351
			1492	1350
			1491	1349
			1491	1348
			1490	1347
			1489	1346
			1488	1345
			1487	1345
			1486	1344
			1486	1343
			1485	1342
			1484	1341
			1483	1340
			1482	1339
			1481	1338
			1481	1337
			1480	1337
			1479	1336
			1478	1335
			1477	1334
			1477	1333
			1476	1332
			1475	1331
			1474	1330
			1473	1329
			1473	1328
			1472	1327
			1471	1326
			1470	1326
			1469	1325
			1469	1324
			1468	1323
			1467	1322
			1466	1321
			1466	1320
			1465	1319
			1464	1318
			1463	1317
			1463	1316
			1462	1315
			1461	1314
			1460	1313
			1460	1312
			1459	1311
			1458	1310
			1457	1309
			1457	1308
			1456	1308
			1455	1307
			1454	1306
			1454	1305
			1453	1304
			1452	1303
			1451	1302
			1451	1301
			1450	1300
			1449	1299
			1449	1298
			1448	1297
			1447	1296
			1446	1295
			1446	1294
			1445	1293
			1444	1292
			1444	1291
			1443	1290
			1442	1289
			1442	1288
			1441	1287
			1440	1286
			1439	1285
			1439	1284
			1438	1283
			1437	1282
			1437	1281
			1436	1280
			1435	1279
			1435	1278
			1434	1277
			1433	1276
			1433	1275
			1432	1274
			1432	1273
			1431	1272
			1430	1271
			1430	1270
			1429	1269
			1429	1268
			1428	1267
			1427	1266
			1427	1265
			1426	1264
			1426	1263
			1425	1262
			1425	1261
			1424	1260
			1423	1259
			1423	1258
			1422	1258
			1422	1257
			1421	1256
			1421	1255
			1420	1254
			1420	1253
			1419	1252
			1419	1251
			1418	1250
			1418	1249
			1417	1248
			1417	1247
			1416	1246
			1416	1245
			1415	1245
			1415	1244
			1414	1243
			1414	1242
			1413	1241
			1413	1240
			1412	1239
			1412	1238
			1411	1237
			1411	1236
			1410	1235
			1410	1234
			1409	1233
			1409	1232
			1408	1231
			1408	1230
			1407	1229
			1407	1228
			1406	1227
			1406	1226
			1405	1225
			1405	1224
			1404	1223
			1404	1222
			1403	1221
			1403	1220
			1402	1220
			1402	1219
			1402	1218
			1401	1217
			1401	1216
			1400	1215
			1400	1214
			1399	1213
			1399	1212
			1398	1211
			1398	1210
			1397	1209
			1397	1208
			1397	1207
			1396	1206
			1396	1205
			1395	1204
			1395	1203
			1394	1202
			1394	1201
			1394	1200
			1393	1199
			1393	1198
			1392	1197
			1392	1196
			1391	1195
			1391	1194
			1391	1193
			1390	1192
			1390	1191
			1390	1190
			1390	1189
			1390	1188
			1389	1187
			1389	1186
			1389	1185
			1389	1184
			1389	1183
			1389	1182
			1389	1181
			1389	1180
			1389	1179
			1389	1178
			1388	1178
			1388	1177
			1388	1176
			1388	1175
			1388	1174
			1388	1173
			1388	1172
			1388	1171
			1388	1170
			1388	1169
			1387	1169
			1387	1168
			1387	1167
			1387	1166
			1387	1165
			1387	1164
			1387	1163
			1387	1162
			1387	1161
			1387	1160
			1387	1159
			1387	1158
			1386	1157
			1386	1156
			1386	1155
			1386	1154
			1386	1153
			1386	1152
			1386	1151
			1386	1150
			1386	1149
			1386	1148
			1386	1147
			1385	1146
			1385	1145
			1385	1144
			1385	1143
			1385	1142
			1385	1141
			1385	1140
			1385	1139
			1385	1138
			1385	1137
			1385	1136
			1385	1135
			1385	1134
			1385	1133
			1385	1132
			1385	1131
			1384	1131
			1384	1130
			1384	1129
			1384	1128
			1384	1127
			1384	1126
			1384	1125
			1384	1124
			1384	1123
			1384	1122
			1384	1121
			1384	1120
			1384	1119
			1384	1118
			1384	1117
			1384	1116
			1384	1115
			1384	1114
			1384	1113
			1384	1112
			1384	1111
			1384	1110
			1383	1109
			1383	1108
			1383	1107
			1383	1106
			1383	1105
			1383	1104
			1383	1103
			1383	1102
			1383	1101
			1383	1100
			1383	1099
			1383	1098
			1383	1097
			1383	1096
			1383	1095
			1383	1094
			1383	1093
			1383	1092
			1383	1091
			1383	1090
			1383	1089
			1383	1088
			1383	1087
			1383	1086
			1383	1085
			1383	1084
			1383	1083
			1383	1082
			1383	1081
			1383	1080
			1383	1079
			1383	1078
			1383	1077
			1383	1076
			1383	1075
			1383	1074
			1383	1073
			1383	1072
			1383	1071
			1383	1070
			1383	1069
			1383	1068
			1383	1067
			1383	1066
			1383	1065
			1383	1064
			1383	1063
			1383	1062
			1383	1061
			1383	1060
			1383	1059
			1383	1058
			1384	1057
			1384	1056
			1384	1055
			1384	1054
			1384	1053
			1384	1052
			1384	1051
			1384	1050
			1384	1049
			1384	1048
			1384	1047
			1384	1046
			1384	1045
			1384	1044
			1384	1043
			1384	1042
			1384	1041
			1384	1040
			1384	1039
			1384	1038
			1385	1037
			1385	1036
			1385	1035
			1385	1034
			1385	1033
			1385	1032
			1385	1031
			1385	1030
			1385	1029
			1385	1028
			1385	1027
			1385	1026
			1385	1025
			1385	1024
			1386	1023
			1386	1022
			1386	1021
			1386	1020
			1386	1019
			1386	1018
			1386	1017
			1386	1016
			1386	1015
			1386	1014
			1387	1013
			1387	1012
			1387	1011
			1387	1010
			1387	1009
			1387	1008
			1387	1007
			1387	1006
			1387	1005
			1387	1004
			1388	1003
			1388	1002
			1388	1001
			1388	1000
			1388	999
			1388	998
			1388	997
			1388	996
			1389	995
			1389	994
			1389	993
			1389	992
			1389	991
			1389	990
			1389	989
			1389	988
			1390	987
			1390	986
			1390	985
			1390	984
			1390	983
			1390	982
			1391	981
			1391	980
			1391	979
			1391	978
			1391	977
			1391	976
			1392	975
			1392	974
			1392	973
			1392	972
			1392	971
			1392	970
			1393	969
			1393	968
			1393	967
			1393	966
			1393	965
			1393	964
			1394	963
			1394	962
			1394	961
			1394	960
			1394	959
			1394	958
			1395	957
			1395	956
			1395	955
			1395	954
			1395	953
			1396	952
			1396	951
			1396	950
			1396	949
			1396	948
			1397	948
			1397	947
			1397	946
			1397	945
			1398	944
			1398	943
			1398	942
			1398	941
			1398	940
			1399	939
			1399	938
			1399	937
			1399	936
			1400	935
			1400	934
			1400	933
			1400	932
			1401	931
			1401	930
			1401	929
			1401	928
			1401	927
			1402	926
			1402	925
			1402	924
			1402	923
			1403	922
			1403	921
			1403	920
			1404	919
			1404	918
			1404	917
			1405	916
			1405	915
			1405	914
			1405	913
			1406	912
			1406	911
			1406	910
			1407	909
			1407	908
			1407	907
			1407	906
			1408	905
			1408	904
			1408	903
			1409	902
			1409	901
			1409	900
			1410	899
			1410	898
			1410	897
			1410	896
			1411	895
			1411	894
			1411	893
			1412	892
			1412	891
			1412	890
			1413	889
			1413	888
			1413	887
			1414	886
			1414	885
			1415	884
			1415	883
			1415	882
			1416	881
			1416	880
			1416	879
			1417	879
			1417	878
			1417	877
			1417	876
			1418	875
			1418	874
			1419	873
			1419	872
			1419	871
			1420	870
			1420	869
			1421	868
			1421	867
			1421	866
			1422	865
			1422	864
			1422	863
			1423	862
			1423	861
			1424	860
			1424	859
			1424	858
			1425	857
			1425	856
			1426	855
			1426	854
			1427	853
			1427	852
			1428	851
			1428	850
			1429	849
			1429	848
			1429	847
			1430	846
			1430	845
			1431	844
			1431	843
			1432	842
			1432	841
			1433	840
			1433	839
			1434	838
			1434	837
			1434	836
			1435	835
			1435	834
			1436	833
			1436	832
			1437	831
			1437	830
			1438	830
			1438	829
			1439	828
			1439	827
			1440	826
			1440	825
			1441	824
			1441	823
			1442	822
			1442	821
			1443	820
			1443	819
			1444	818
			1444	817
			1445	816
			1446	815
			1446	814
			1446	813
			1447	813
			1447	812
			1447	811
			1448	811
			1448	810
			1449	809
			1449	808
			1450	807
			1450	806
			1451	805
			1451	804
			1452	804
			1452	803
			1453	802
			1453	801
			1454	800
			1455	799
			1455	798
			1456	797
			1456	796
			1457	795
			1458	794
			1458	793
			1459	792
			1459	791
			1460	791
			1460	790
			1461	789
			1462	788
			1462	787
			1463	786
			1463	785
			1464	784
			1465	783
			1465	782
			1466	781
			1466	780
			1467	780
			1468	779
			1468	778
			1469	777
			1469	776
			1470	775
			1471	774
			1471	773
			1472	772
			1473	772
			1473	771
			1474	770
			1474	769
			1475	768
			1476	767
			1476	766
			1477	765
			1478	764
			1479	763
			1480	762
			1481	761
			1481	760
			1482	759
			1483	758
			1483	757
			1484	757
			1484	756
			1485	755
			1486	754
			1486	753
			1487	752
			1488	751
			1489	750
			1490	749
			1491	748
			1491	747
			1492	746
			1493	745
			1493	744
			1494	744
			1495	743
			1496	742
			1496	741
			1497	740
			1498	739
			1499	738
			1499	737
			1500	737
			1501	736
			1502	735
			1502	734
			1503	733
			1504	732
			1505	731
			1506	731
			1507	730
			1508	729
			1509	728
			1510	728
			1511	727
			1512	727
			1512	726
			1513	726
			1514	725
			1515	725
			1515	724
			1516	724
			1517	723
			1518	723
			1519	722
			1520	721
			1521	721
			1522	720
			1523	720
			1524	719
			1525	718
			1526	718
			1526	717
			1527	717
			1528	716
			1529	716
			1530	715
			1531	714
			1532	714
			1533	713
			1534	713
			1535	712
			1536	712
			1537	711
			1538	710
			1539	709
			1540	709
			1541	709
			1541	708
			1542	708
			1543	708
			1543	707
			1544	707
			1545	706
			1546	706
			1547	705
			1548	704
			1549	704
			1550	704
			1551	703
			1552	702
			1553	702
			1554	701
			1555	701
			1556	700
			1557	700
			1558	699
			1559	699
			1560	698
			1561	697
			1562	697
			1563	696
			1564	696
			1565	695
			1566	695
			1567	694
			1568	693
			1569	693
			1570	693
			1571	692
			1572	692
			1573	691
			1574	691
			1575	690
			1576	690
			1577	689
			1578	688
			1579	688
			1580	688
			1581	687
			1582	687
			1583	686
			1584	686
			1585	685
			1586	685
			1587	684
			1588	684
			1589	683
			1590	683
			1591	682
			1592	682
			1593	681
			1594	681
			1595	680
			1596	680
			1597	680
			1598	679
			1599	679
			1600	678
			1601	678
			1602	677
			1603	677
			1604	676
			1605	676
			1606	676
			1607	675
			1608	675
			1609	674
			1610	674
			1611	673
			1612	673
			1613	673
			1614	672
			1615	672
			1616	671
			1617	671
			1618	670
			1619	670
			1620	670
			1621	669
			1622	669
			1623	668
			1624	668
			1625	668
			1626	667
			1627	667
			1628	667
			1629	666
			1630	666
			1631	665
			1632	665
			1633	665
			1634	664
			1635	664
			1636	664
			1637	663
			1638	663
			1639	662
			1640	662
			1641	662
			1642	661
			1643	661
			1644	661
			1645	660
			1646	660
			1647	660
			1648	659
			1649	659
			1650	659
			1651	658
			1652	658
			1653	658
			1654	657
			1655	657
			1656	657
			1657	656
			1658	656
			1659	656
			1660	655
			1661	655
			1662	655
			1663	654
			1664	654
			1665	654
			1666	653
			1667	653
			1668	653
			1669	653
			1670	652
			1671	652
			1672	652
			1673	651
			1674	651
			1675	651
			1676	651
			1677	650
			1678	650
			1679	650
			1680	649
			1681	649
			1682	649
			1683	649
			1684	648
			1685	648
			1686	648
			1687	648
			1688	647
			1689	647
			1690	647
			1691	647
			1692	646
			1693	646
			1694	646
			1695	646
			1696	646
			1697	645
			1698	645
			1699	645
			1700	644
			1701	644
			1702	644
			1703	644
			1704	644
			1705	643
			1706	643
			1707	643
			1708	643
			1709	642
			1710	642
			1711	642
			1712	642
			1713	642
			1714	641
			1715	641
			1716	641
			1717	641
			1718	641
			1719	641
			1720	640
			1721	640
			1722	640
			1723	640
			1724	640
			1725	639
			1726	639
			1727	639
			1728	639
			1729	639
			1730	639
			1731	638
			1732	638
			1733	638
			1734	638
			1735	638
			1736	638
			1737	638
			1738	637
			1739	637
			1740	637
			1741	637
			1742	637
			1743	637
			1744	637
			1745	636
			1746	636
			1747	636
			1748	636
			1749	636
			1750	636
			1751	636
			1752	636
			1753	635
			1754	635
			1755	635
			1756	635
			1757	635
			1758	635
			1759	635
			1760	635
			1761	635
			1762	634
			1763	634
			1764	634
			1765	634
			1766	634
			1767	634
			1768	634
			1769	634
			1770	634
			1771	634
			1772	634
			1773	633
			1774	633
			1775	633
			1776	633
			1777	633
			1778	633
			1779	633
			1780	633
			1781	633
			1782	633
			1783	633
			1784	633
			1785	633
			1786	633
			1787	633
			1788	633
			1789	633
			1790	633
			1791	632
			1792	632
			1793	632
			1794	632
			1795	632
			1796	632
			1797	632
			1798	632
			1799	632
			1800	632
			1801	632
			1802	632
			1803	632
			1804	632
			1805	632
			1806	632
			1807	632
			1808	632
			1809	632
			1810	632
			1811	632
			1812	632
			1813	632
			1814	632
			1815	632
			1816	632
			1817	632
			1818	632
			1819	632
			1820	632
			1821	632
			1822	632
			1823	632
			1824	632
			1825	632
			1826	632
			1827	632
			1828	632
			1829	632
			1830	633
			1831	633
			1832	633
			1833	633
			1834	633
			1835	633
			1836	633
			1837	633
			1838	633
			1839	633
			1840	633
			1841	633
			1842	633
			1843	633
			1844	633
			1845	633
			1846	633
			1847	633
			1847	634
			1848	634
			1849	634
			1850	634
			1851	634
			1852	634
			1853	634
			1854	634
			1855	634
			1856	634
			1857	634
			1858	634
			1859	635
			1860	635
			1861	635
			1862	635
			1863	635
			1864	635
			1865	635
			1866	635
			1867	635
			1868	636
			1869	636
			1870	636
			1871	636
			1872	636
			1873	636
			1874	636
			1875	636
			1876	636
			1877	637
			1878	637
			1879	637
			1880	637
			1881	637
			1882	637
			1883	638
			1884	638
			1885	638
			1886	638
			1887	638
			1888	638
			1889	638
			1890	639
			1891	639
			1892	639
			1893	639
			1894	639
			1895	639
			1896	640
			1897	640
			1898	640
			1899	640
			1900	640
			1901	640
			1902	641
			1903	641
			1904	641
			1905	641
			1906	641
			1907	642
			1908	642
			1909	642
			1910	642
			1911	642
			1912	642
			1912	643
			1913	643
			1914	643
			1915	643
			1916	644
			1917	644
			1918	644
			1919	644
			1920	644
			1921	644
			1921	645
			1922	645
			1923	645
			1924	645
			1925	645
			1926	646
			1927	646
			1928	646
			1929	646
			1930	647
			1931	647
			1932	647
			1933	647
			1934	648
			1935	648
			1936	648
			1937	648
			1938	649
			1939	649
			1940	649
			1941	649
			1942	650
			1943	650
			1944	650
			1945	650
			1946	651
			1947	651
			1948	651
			1949	652
			1950	652
			1951	652
			1952	652
			1953	653
			1954	653
			1955	653
			1956	654
			1957	654
			1958	654
			1959	654
			1960	654
			1960	655
			1961	655
			1962	655
			1963	655
			1964	656
			1965	656
			1966	656
			1967	657
			1968	657
			1969	657
			1970	658
			1971	658
			1972	658
			1973	658
			1974	659
			1975	659
			1976	660
			1977	660
			1978	660
			1979	661
			1980	661
			1981	661
			1982	662
			1983	662
			1984	662
			1985	662
			1985	663
			1986	663
			1987	663
			1988	663
			1988	664
			1989	664
			1990	664
			1991	664
			1991	665
			1992	665
			1993	665
			1994	666
			1995	666
			1996	666
			1997	667
			1998	667
			1999	667
			2000	668
			2001	668
			2002	668
			2002	669
			2003	669
			2004	669
			2005	670
			2006	670
			2007	671
			2008	671
			2009	671
			2010	672
			2011	672
			2012	672
			2012	673
			2013	673
			2014	673
			2015	674
			2016	674
			2017	674
			2018	675
			2019	675
			2020	676
			2021	676
			2022	676
			2023	677
			2024	677
			2025	678
			2026	678
			2027	678
			2027	679
			2028	679
			2029	679
			2029	680
			2030	680
			2031	680
			2032	681
			2033	681
			2034	682
			2035	683
			2036	683
			2037	683
			2038	684
			2039	684
			2040	685
			2041	686
			2042	686
			2043	687
			2044	687
			2045	687
			2045	688
			2046	688
			2047	689
			2048	689
			2049	690
			2050	690
			2051	691
			2052	691
			2053	692
			2054	693
			2055	693
			2056	694
			2057	694
			2058	695
			2059	695
			2060	696
			2061	696
			2062	697
			2063	698
			2064	698
			2065	699
			2066	699
			2067	700
			2068	700
			2069	701
			2070	702
			2071	702
			2071	703
			2072	703
			2073	704
			2074	704
			2075	705
			2076	706
			2077	706
			2078	707
			2079	707
			2080	708
			2081	709
			2082	709
			2083	710
			2084	710
			2085	711
			2086	712
			2087	713
			2088	714
			2089	714
			2090	714
			2090	715
			2091	715
			2092	716
			2093	717
			2094	718
			2095	718
			2096	719
			2097	719
			2098	720
			2099	721
			2100	722
			2101	722
			2102	723
			2103	723
			2104	724
			2105	725
			2106	726
			2107	727
			2108	728
			2109	728
			2110	729
			2111	730
			2112	731
			2113	731
			2114	732
			2115	732
			2116	733
			2116	734
			2117	734
			2118	735
			2119	735
			2119	736
			2120	737
			2121	737
			2122	738
			2123	739
			2124	740
			2125	741
			2126	741
			2127	742
			2128	743
			2129	744
			2130	744
			2130	745
			2131	746
			2132	747
			2133	747
			2134	748
			2135	749
			2136	750
			2137	750
			2138	751
			2139	752
			2139	753
			2140	753
			2141	754
			2142	755
			2143	756
			2144	757
			2145	757
			2145	758
			2146	759
			2147	760
			2148	761
			2149	761
			2150	762
			2151	763
			2151	764
			2152	765
			2153	765
			2154	766
			2155	767
			2156	768
			2157	769
			2158	770
			2159	771
			2160	772
			2161	773
			2162	774
			2163	775
			2164	776
			2165	777
			2166	778
			2167	779
			2168	780
			2169	781
			2170	782
			2171	783
			2172	784
			2173	785
			2174	786
			2174	787
			2175	787
			2175	788
			2176	789
			2177	790
			2178	791
			2179	792
			2180	793
			2181	794
			2181	795
			2182	795
			2183	796
			2183	797
			2184	798
			2185	799
			2186	800
			2187	801
			2188	802
			2188	803
			2189	804
			2190	805
			2191	806
			2191	807
			2192	808
			2193	809
			2194	809
			2195	810
			2195	811
			2196	812
			2197	813
			2198	814
			2198	815
			2199	816
			2200	817
			2201	818
			2201	819
			2202	820
			2203	821
			2204	822
			2204	823
			2205	824
			2206	825
			2207	826
			2207	827
			2208	828
			2209	829
			2210	830
			2210	831
			2211	832
			2212	833
			2212	834
			2213	835
			2214	836
			2215	837
			2215	838
			2216	839
			2217	840
			2217	841
			2218	842
			2219	843
			2220	844
			2220	845
			2221	846
			2222	847
			2222	848
			2223	849
			2223	850
			2224	851
			2225	852
			2225	853
			2226	854
			2226	855
			2227	856
			2228	857
			2229	858
			2229	859
			2230	860
			2230	861
			2231	862
			2231	863
			2232	864
			2233	864
			2233	865
			2234	866
			2234	867
			2235	868
			2235	869
			2236	870
			2236	871
			2237	872
			2238	873
			2238	874
			2239	875
			2239	876
			2240	877
			2240	878
			2241	879
			2241	880
			2242	881
			2243	882
			2244	883
			2244	884
			2244	885
			2245	886
			2246	887
			2246	888
			2247	889
			2247	890
			2248	891
			2248	892
			2249	893
			2249	894
			2250	895
			2251	896
			2251	897
			2252	898
			2252	899
			2253	900
			2253	901
			2253	902
			2254	903
			2254	904
			2255	905
			2256	906
			2256	907
			2256	908
			2257	909
			2258	910
			2258	911
			2258	912
			2259	913
			2259	914
			2260	915
			2260	916
			2261	917
			2261	918
			2262	919
			2262	920
			2263	921
			2263	922
			2264	923
			2264	924
			2265	925
			2265	926
			2265	927
			2266	928
			2266	929
			2267	930
			2267	931
			2268	932
			2268	933
			2268	934
			2269	935
			2269	936
			2270	937
			2270	938
			2271	939
			2271	940
			2271	941
			2272	942
			2272	943
			2273	944
			2273	945
			2273	946
			2274	947
			2274	948
			2275	949
			2275	950
			2275	951
			2276	952
			2276	953
			2277	954
			2277	955
			2277	956
			2278	957
			2278	958
			2279	959
			2279	960
			2279	961
			2280	962
			2280	963
			2281	964
			2281	965
			2281	966
			2282	967
			2282	968
			2282	969
			2283	970
			2283	971
			2284	972
			2284	973
			2284	974
			2285	975
			2285	976
			2285	977
			2286	978
			2286	979
			2286	980
			2287	981
			2287	982
			2287	983
			2288	984
			2288	985
			2288	986
			2289	987
			2289	988
			2289	989
			2290	990
			2290	991
			2290	992
			2291	993
			2291	994
			2291	995
			2292	996
			2292	997
			2292	998
			2293	999
			2293	1000
			2293	1001
			2294	1002
			2294	1003
			2294	1004
			2295	1005
			2295	1006
			2295	1007
			2295	1008
			2296	1009
			2296	1010
			2296	1011
			2297	1012
			2297	1013
			2297	1014
			2297	1015
			2298	1016
			2298	1017
			2298	1018
			2299	1019
			2299	1020
			2299	1021
			2299	1022
			2300	1023
			2300	1024
			2300	1025
			2300	1026
			2300	1027
			2300	1028
			2300	1029
			2300	1030
			2300	1031
			2300	1032
			2300	1033
			2300	1034
			2300	1035
			2300	1036
			2300	1037
			2300	1038
			2300	1039
			2300	1040
			2300	1041
			2300	1042
			2300	1043
			2300	1044
			2300	1045
			2300	1046
			2300	1047
			2300	1048
			2300	1049
			2300	1050
			2300	1051
			2299	1052
			2299	1053
			2299	1054
			2299	1055
			2299	1056
			2299	1057
			2299	1058
			2299	1059
			2299	1060
			2299	1061
			2299	1062
			2299	1063
			2299	1064
			2299	1065
			2299	1066
			2299	1067
			2299	1068
			2299	1069
			2299	1070
			2299	1071
			2298	1072
			2298	1073
			2298	1074
			2298	1075
			2298	1076
			2298	1077
			2298	1078
			2298	1079
			2298	1080
			2298	1081
			2298	1082
			2298	1083
			2298	1084
			2298	1085
			2297	1086
			2297	1087
			2297	1088
			2297	1089
			2297	1090
			2297	1091
			2297	1092
			2297	1093
			2297	1094
			2297	1095
			2297	1096
			2296	1097
			2296	1098
			2296	1099
			2296	1100
			2296	1101
			2296	1102
			2296	1103
			2296	1104
			2296	1105
			2295	1106
			2295	1107
			2295	1108
			2295	1109
			2295	1110
			2295	1111
			2295	1112
			2295	1113
			2295	1114
			2294	1115
			2294	1116
			2294	1117
			2294	1118
			2294	1119
			2294	1120
			2294	1121
			2293	1122
			2293	1123
			2293	1124
			2293	1125
			2293	1126
			2293	1127
			2293	1128
			2292	1129
			2292	1130
			2292	1131
			2292	1132
			2292	1133
			2292	1134
			2291	1135
			2291	1136
			2291	1137
			2291	1138
			2291	1139
			2291	1140
			2290	1141
			2290	1142
			2290	1143
			2290	1144
			2290	1145
			2290	1146
			2289	1147
			2289	1148
			2289	1149
			2289	1150
			2289	1151
			2288	1152
			2288	1153
			2288	1154
			2288	1155
			2288	1156
			2287	1157
			2287	1158
			2287	1159
			2287	1160
			2287	1161
			2286	1162
			2286	1163
			2286	1164
			2286	1165
			2286	1166
			2285	1167
			2285	1168
			2285	1169
			2285	1170
			2284	1171
			2284	1172
			2284	1173
			2284	1174
			2284	1175
			2283	1176
			2283	1177
			2283	1178
			2283	1179
			2282	1180
			2282	1181
			2282	1182
			2281	1183
			2281	1184
			2281	1185
			2281	1186
			2281	1187
			2280	1188
			2280	1189
			2280	1190
			2280	1191
			2279	1192
			2279	1193
			2279	1194
			2278	1195
			2278	1196
			2278	1197
			2278	1198
			2277	1199
			2277	1200
			2277	1201
			2276	1202
			2276	1203
			2276	1204
			2276	1205
			2275	1206
			2275	1207
			2275	1208
			2274	1209
			2274	1210
			2274	1211
			2273	1211
			2273	1212
			2273	1213
			2273	1214
			2272	1215
			2272	1216
			2272	1217
			2271	1218
			2271	1219
			2271	1220
			2270	1221
			2270	1222
			2270	1223
			2269	1224
			2269	1225
			2269	1226
			2268	1227
			2268	1228
			2268	1229
			2267	1230
			2267	1231
			2266	1232
			2266	1233
			2266	1234
			2266	1235
			2265	1236
			2265	1237
			2264	1238
			2264	1239
			2264	1240
			2263	1241
			2263	1242
			2262	1243
			2262	1244
			2262	1245
			2261	1246
			2261	1247
			2261	1248
			2260	1249
			2260	1250
			2259	1250
			2259	1251
			2259	1252
			2258	1253
			2258	1254
			2257	1255
			2257	1256
			2257	1257
			2256	1258
			2256	1259
			2255	1260
			2255	1261
			2255	1262
			2254	1262
			2254	1263
			2253	1264
			2253	1265
			2253	1266
			2252	1267
			2252	1268
			2251	1269
			2251	1270
			2250	1271
			2250	1272
			2250	1273
			2249	1273
			2249	1274
			2248	1275
			2248	1276
			2247	1277
			2247	1278
			2247	1279
			2246	1280
			2246	1281
			2245	1281
			2245	1282
			2244	1283
			2244	1284
			2243	1285
			2243	1286
			2243	1287
			2242	1288
			2242	1289
			2241	1289
			2241	1290
			2240	1291
			2240	1292
			2239	1293
			2239	1294
			2238	1295
			2238	1296
			2237	1296
			2237	1297
			2236	1298
			2236	1299
			2235	1300
			2235	1301
			2235	1302
			2234	1303
			2233	1304
			2232	1305
			2232	1306
			2231	1307
			2231	1308
			2230	1309
			2229	1310
			2229	1311
			2228	1312
			2228	1313
			2227	1314
			2226	1315
			2226	1316
			2225	1317
			2224	1318
			2224	1319
			2223	1320
			2223	1321
			2222	1322
			2221	1323
			2221	1324
			2220	1325
			2219	1326
			2219	1327
			2218	1328
			2217	1329
			2217	1330
			2216	1331
			2215	1332
			2215	1333
			2214	1334
			2213	1335
			2213	1336
			2212	1337
			2211	1338
			2211	1339
			2210	1340
			2209	1341
			2209	1342
			2208	1343
			2207	1344
			2207	1345
			2206	1346
			2205	1347
			2204	1348
			2204	1349
			2203	1350
			2202	1350
			2202	1351
			2201	1352
			2200	1353
			2199	1354
			2199	1355
			2198	1356
			2197	1357
			2196	1358
			2196	1359
			2195	1360
			2194	1361
			2193	1362
			2193	1363
			2192	1363
			2191	1364
			2190	1365
			2190	1366
			2189	1367
			2188	1368
			2187	1369
			2187	1370
			2186	1371
			2185	1372
			2184	1373
			2183	1374
			2182	1375
			2181	1376
			2180	1377
			2180	1378
			2179	1378
			2179	1379
			2178	1380
			2177	1380
			2177	1381
			2176	1382
			2175	1383
			2174	1384
		</Eye>
	</curves.pixel>
</shapes>

