<shapes type=list>
	<scaling type=logical names=FALSE length=1 as.numeric=FALSE >NA</scaling>
	<landmarks.pixel type=matrix rownames=TRUE colnames=FALSE nrow=11 ncol=2 as.numeric=TRUE >
		LM1Forehead	2376	130
		LM2UJFront	2750	1616
		LM3UJBack	2105	1776
		LM4LacOrb	2116	1026
		LM5QJoint	2085	1887
		LM6IOPL	2076	1963
		LM7IOPSOP	751	1946
		LM8A2A1	1143	1363
		LM9A1A3	1126	808
		LM10TopMuscR	990	601
		LM11TopMuscL	434	484
	</landmarks.pixel>
	<curves.control type=list>
		<Profile type=matrix rownames=FALSE colnames=FALSE nrow=7 ncol=2 as.numeric=TRUE >
			2376	130
			2745	478
			2946	901
			3196	1265
			3109	1460
			2854	1786
			2750	1616
		</Profile>
		<Eye type=matrix rownames=FALSE colnames=FALSE nrow=13 ncol=2 as.numeric=TRUE >
			2116	1026
			1893	1151
			1617	1064
			1400	955
			1351	695
			1405	347
			1584	261
			1812	109
			2073	228
			2268	320
			2322	564
			2322	874
			2116	1026
		</Eye>
	</curves.control>
	<curves.pixel type=list>
		<Profile type=matrix rownames=FALSE colnames=FALSE nrow=1803 ncol=2 as.numeric=TRUE >
			2376	130
			2377	131
			2378	132
			2379	133
			2380	134
			2381	135
			2382	136
			2383	136
			2383	137
			2384	138
			2385	138
			2385	139
			2386	139
			2387	140
			2387	141
			2388	141
			2389	142
			2389	143
			2390	143
			2391	144
			2392	145
			2393	146
			2394	147
			2395	148
			2396	149
			2397	150
			2398	151
			2399	152
			2400	153
			2401	154
			2402	155
			2403	156
			2404	157
			2405	157
			2406	158
			2407	159
			2408	160
			2408	161
			2409	162
			2410	163
			2411	164
			2412	165
			2413	166
			2414	166
			2415	167
			2416	168
			2417	169
			2418	170
			2419	171
			2419	172
			2420	173
			2421	174
			2422	174
			2423	175
			2424	176
			2425	177
			2426	178
			2427	179
			2428	180
			2429	181
			2429	182
			2430	183
			2431	183
			2432	184
			2433	185
			2434	186
			2435	187
			2436	188
			2437	189
			2438	190
			2439	191
			2439	192
			2440	193
			2441	193
			2442	194
			2443	195
			2444	196
			2445	197
			2446	198
			2447	199
			2448	200
			2448	201
			2449	202
			2450	202
			2451	203
			2452	204
			2453	205
			2454	206
			2455	207
			2456	208
			2456	209
			2457	210
			2458	211
			2459	212
			2460	212
			2461	213
			2462	214
			2463	215
			2464	216
			2464	217
			2465	218
			2466	219
			2467	220
			2468	221
			2469	222
			2470	222
			2471	223
			2472	224
			2472	225
			2473	226
			2474	227
			2475	228
			2476	229
			2477	230
			2478	231
			2479	232
			2479	233
			2480	233
			2481	234
			2482	235
			2483	236
			2484	237
			2485	238
			2486	239
			2486	240
			2487	241
			2488	242
			2489	243
			2490	243
			2491	244
			2492	245
			2493	246
			2493	247
			2494	248
			2495	249
			2496	250
			2497	251
			2498	252
			2499	253
			2500	254
			2500	255
			2501	255
			2502	256
			2503	257
			2504	258
			2505	259
			2506	260
			2506	261
			2507	262
			2508	263
			2509	264
			2510	265
			2511	266
			2512	266
			2512	267
			2513	268
			2514	269
			2515	270
			2516	271
			2517	272
			2518	273
			2518	274
			2519	275
			2520	276
			2521	277
			2522	278
			2523	279
			2524	279
			2524	280
			2525	281
			2526	282
			2527	283
			2528	284
			2529	285
			2529	286
			2530	287
			2531	288
			2532	289
			2533	290
			2534	291
			2535	292
			2536	293
			2537	294
			2538	295
			2538	296
			2539	296
			2540	297
			2540	298
			2541	299
			2542	300
			2543	301
			2544	302
			2545	303
			2545	304
			2546	304
			2547	305
			2548	306
			2548	307
			2549	308
			2550	308
			2551	309
			2551	310
			2552	311
			2553	312
			2554	313
			2555	314
			2556	315
			2557	316
			2558	317
			2558	318
			2559	319
			2560	320
			2561	321
			2562	322
			2563	323
			2564	324
			2564	325
			2565	326
			2566	327
			2567	328
			2568	329
			2569	330
			2570	331
			2570	332
			2571	333
			2572	334
			2573	335
			2574	336
			2575	337
			2575	338
			2576	339
			2577	340
			2578	341
			2579	342
			2580	343
			2581	343
			2581	344
			2582	345
			2583	346
			2584	347
			2585	348
			2586	349
			2586	350
			2587	351
			2588	352
			2589	353
			2590	354
			2591	355
			2591	356
			2592	357
			2593	358
			2594	359
			2595	360
			2596	361
			2596	362
			2597	363
			2598	364
			2599	365
			2600	366
			2601	367
			2601	368
			2602	369
			2603	370
			2604	371
			2605	372
			2606	373
			2606	374
			2607	375
			2608	376
			2609	377
			2610	378
			2610	379
			2611	380
			2612	381
			2613	382
			2614	383
			2615	384
			2615	385
			2616	386
			2617	387
			2618	388
			2619	389
			2619	390
			2620	391
			2621	392
			2622	393
			2623	394
			2624	395
			2624	396
			2625	397
			2626	398
			2627	399
			2628	400
			2628	401
			2629	402
			2630	403
			2631	404
			2632	405
			2632	406
			2633	407
			2634	408
			2635	409
			2636	410
			2636	411
			2637	412
			2638	413
			2639	414
			2640	415
			2640	416
			2641	417
			2642	418
			2643	419
			2644	420
			2644	421
			2645	422
			2646	423
			2647	424
			2648	425
			2648	426
			2649	427
			2650	428
			2651	429
			2652	430
			2652	431
			2653	432
			2654	433
			2655	434
			2656	435
			2656	436
			2657	437
			2658	438
			2659	439
			2659	440
			2660	441
			2661	442
			2662	443
			2663	444
			2663	445
			2664	446
			2665	447
			2666	448
			2667	449
			2667	450
			2668	451
			2669	452
			2670	453
			2670	454
			2671	455
			2672	456
			2673	457
			2674	458
			2674	459
			2675	460
			2676	461
			2677	462
			2677	463
			2678	464
			2679	465
			2680	466
			2681	467
			2681	468
			2682	469
			2683	470
			2684	471
			2684	472
			2685	473
			2686	474
			2687	475
			2687	476
			2688	477
			2689	478
			2690	479
			2690	480
			2691	481
			2692	482
			2693	483
			2694	484
			2694	485
			2695	486
			2696	487
			2697	488
			2697	489
			2698	490
			2699	491
			2700	492
			2700	493
			2701	494
			2702	495
			2703	496
			2703	497
			2704	498
			2705	499
			2706	500
			2706	501
			2707	502
			2708	503
			2709	504
			2709	505
			2710	506
			2711	507
			2712	508
			2712	509
			2713	510
			2714	511
			2714	512
			2715	513
			2716	514
			2716	515
			2717	516
			2718	517
			2718	518
			2719	519
			2720	519
			2720	520
			2721	521
			2721	522
			2722	522
			2722	523
			2723	524
			2723	525
			2724	525
			2724	526
			2725	527
			2726	528
			2727	529
			2727	530
			2728	531
			2728	532
			2729	533
			2730	534
			2731	535
			2732	536
			2732	537
			2733	538
			2733	539
			2734	539
			2734	540
			2735	541
			2736	542
			2737	543
			2737	544
			2738	545
			2739	546
			2739	547
			2740	548
			2741	549
			2741	550
			2742	551
			2743	552
			2743	553
			2744	554
			2745	555
			2745	556
			2746	557
			2747	558
			2748	559
			2748	560
			2749	561
			2750	562
			2751	563
			2751	564
			2752	565
			2752	566
			2753	567
			2754	568
			2755	569
			2755	570
			2756	571
			2757	572
			2757	573
			2758	574
			2759	575
			2759	576
			2760	577
			2761	578
			2761	579
			2762	580
			2763	581
			2763	582
			2764	583
			2765	584
			2765	585
			2766	586
			2766	587
			2767	588
			2768	589
			2768	590
			2769	590
			2770	591
			2770	592
			2771	593
			2772	594
			2772	595
			2773	596
			2774	597
			2774	598
			2775	599
			2776	600
			2776	601
			2777	602
			2777	603
			2778	604
			2779	605
			2779	606
			2780	607
			2781	608
			2781	609
			2782	610
			2783	611
			2783	612
			2784	613
			2785	614
			2785	615
			2786	616
			2786	617
			2787	618
			2788	619
			2788	620
			2789	621
			2790	622
			2790	623
			2791	624
			2792	625
			2793	626
			2793	627
			2793	628
			2794	628
			2794	629
			2795	630
			2796	631
			2797	632
			2797	633
			2798	634
			2798	635
			2799	636
			2799	637
			2800	638
			2801	639
			2802	640
			2802	641
			2803	642
			2804	643
			2804	644
			2805	645
			2806	646
			2806	647
			2807	648
			2807	649
			2808	650
			2809	651
			2809	652
			2810	653
			2810	654
			2811	655
			2812	656
			2812	657
			2813	658
			2814	659
			2814	660
			2814	661
			2815	661
			2815	662
			2816	663
			2816	664
			2817	664
			2817	665
			2818	666
			2819	667
			2819	668
			2820	669
			2820	670
			2821	671
			2821	672
			2822	673
			2823	674
			2824	675
			2824	676
			2825	677
			2825	678
			2826	679
			2826	680
			2827	681
			2828	682
			2828	683
			2829	684
			2830	685
			2830	686
			2831	687
			2831	688
			2832	689
			2832	690
			2833	691
			2833	692
			2834	692
			2835	693
			2835	694
			2836	695
			2836	696
			2837	697
			2837	698
			2838	699
			2838	700
			2839	701
			2839	702
			2840	703
			2841	704
			2842	705
			2842	706
			2843	707
			2843	708
			2844	708
			2844	709
			2844	710
			2845	710
			2845	711
			2845	712
			2846	712
			2846	713
			2847	714
			2847	715
			2848	716
			2849	717
			2849	718
			2850	719
			2850	720
			2851	720
			2851	721
			2852	722
			2852	723
			2852	724
			2853	724
			2853	725
			2854	726
			2854	727
			2855	728
			2856	729
			2856	730
			2857	731
			2857	732
			2858	733
			2858	734
			2859	735
			2860	736
			2860	737
			2861	738
			2861	739
			2862	740
			2862	741
			2863	742
			2863	743
			2864	744
			2865	745
			2865	746
			2866	747
			2866	748
			2867	749
			2867	750
			2868	751
			2869	752
			2869	753
			2870	754
			2870	755
			2871	755
			2871	756
			2871	757
			2872	757
			2872	758
			2872	759
			2873	759
			2873	760
			2874	761
			2874	762
			2875	763
			2876	764
			2876	765
			2877	766
			2877	767
			2877	768
			2878	769
			2879	770
			2879	771
			2880	772
			2880	773
			2881	774
			2882	775
			2882	776
			2883	777
			2883	778
			2884	779
			2884	780
			2885	781
			2885	782
			2886	783
			2887	784
			2887	785
			2888	786
			2888	787
			2889	788
			2889	789
			2890	790
			2890	791
			2891	792
			2892	793
			2892	794
			2893	795
			2893	796
			2894	797
			2894	798
			2895	799
			2895	800
			2896	801
			2896	802
			2897	803
			2897	804
			2898	805
			2898	806
			2899	807
			2899	808
			2900	809
			2901	810
			2901	811
			2902	812
			2902	813
			2902	814
			2903	815
			2903	816
			2904	817
			2904	818
			2905	818
			2905	819
			2906	820
			2906	821
			2907	822
			2907	823
			2908	824
			2908	825
			2909	826
			2909	827
			2910	828
			2911	829
			2911	830
			2911	831
			2912	831
			2912	832
			2912	833
			2913	833
			2913	834
			2913	835
			2914	836
			2914	837
			2915	838
			2916	839
			2916	840
			2916	841
			2917	841
			2917	842
			2917	843
			2918	844
			2919	845
			2919	846
			2920	847
			2920	848
			2920	849
			2921	850
			2921	851
			2922	852
			2922	853
			2923	854
			2924	855
			2924	856
			2925	857
			2925	858
			2926	859
			2926	860
			2927	861
			2927	862
			2927	863
			2928	864
			2929	865
			2929	866
			2930	867
			2930	868
			2931	869
			2931	870
			2931	871
			2932	872
			2932	873
			2933	874
			2933	875
			2934	876
			2934	877
			2935	878
			2935	879
			2936	880
			2936	881
			2937	881
			2937	882
			2938	883
			2938	884
			2938	885
			2939	886
			2939	887
			2940	888
			2940	889
			2941	890
			2941	891
			2942	892
			2942	893
			2943	894
			2943	895
			2944	896
			2944	897
			2944	898
			2945	899
			2945	900
			2946	901
			2946	902
			2947	902
			2948	903
			2948	904
			2949	905
			2949	906
			2950	907
			2951	908
			2952	909
			2952	910
			2953	911
			2954	912
			2954	913
			2955	914
			2956	915
			2956	916
			2957	917
			2958	918
			2958	919
			2959	920
			2960	921
			2960	922
			2961	923
			2962	924
			2962	925
			2963	926
			2963	927
			2964	928
			2965	929
			2965	930
			2966	931
			2967	932
			2967	933
			2968	934
			2969	935
			2969	936
			2970	937
			2971	938
			2971	939
			2972	939
			2972	940
			2973	941
			2974	942
			2974	943
			2975	944
			2976	945
			2976	946
			2977	947
			2977	948
			2978	949
			2979	950
			2979	951
			2980	952
			2981	953
			2981	954
			2982	955
			2982	956
			2983	957
			2984	958
			2984	959
			2985	960
			2985	961
			2986	962
			2987	963
			2987	964
			2988	964
			2988	965
			2989	966
			2990	967
			2990	968
			2991	969
			2991	970
			2992	971
			2993	972
			2993	973
			2994	974
			2994	975
			2995	976
			2996	977
			2996	978
			2997	979
			2997	980
			2998	981
			2999	982
			2999	983
			3000	984
			3001	985
			3001	986
			3002	987
			3002	988
			3003	989
			3003	990
			3004	991
			3005	992
			3006	993
			3006	994
			3007	995
			3007	996
			3008	997
			3008	998
			3009	999
			3010	1000
			3010	1001
			3011	1002
			3011	1003
			3012	1004
			3012	1005
			3013	1006
			3014	1007
			3014	1008
			3015	1009
			3016	1010
			3016	1011
			3017	1012
			3017	1013
			3018	1014
			3018	1015
			3019	1016
			3020	1017
			3020	1018
			3021	1019
			3021	1020
			3022	1021
			3023	1022
			3023	1023
			3024	1024
			3024	1025
			3025	1026
			3025	1027
			3026	1028
			3027	1029
			3027	1030
			3028	1031
			3028	1032
			3029	1033
			3029	1034
			3030	1035
			3030	1036
			3031	1037
			3031	1038
			3032	1039
			3032	1040
			3033	1041
			3034	1042
			3034	1043
			3035	1044
			3035	1045
			3036	1046
			3036	1047
			3037	1048
			3038	1049
			3038	1050
			3039	1051
			3039	1052
			3040	1053
			3040	1054
			3041	1055
			3041	1056
			3042	1057
			3042	1058
			3043	1058
			3043	1059
			3043	1060
			3044	1061
			3044	1062
			3045	1063
			3046	1064
			3046	1065
			3047	1066
			3047	1067
			3048	1068
			3048	1069
			3049	1070
			3049	1071
			3050	1072
			3050	1073
			3051	1074
			3051	1075
			3052	1076
			3052	1077
			3053	1078
			3053	1079
			3054	1080
			3054	1081
			3055	1082
			3055	1083
			3056	1084
			3056	1085
			3057	1086
			3057	1087
			3058	1088
			3058	1089
			3059	1090
			3060	1091
			3060	1092
			3060	1093
			3061	1094
			3061	1095
			3062	1096
			3062	1097
			3063	1098
			3063	1099
			3063	1100
			3064	1100
			3064	1101
			3065	1102
			3065	1103
			3065	1104
			3066	1105
			3067	1106
			3067	1107
			3068	1108
			3068	1109
			3068	1110
			3069	1111
			3069	1112
			3070	1113
			3070	1114
			3071	1115
			3071	1116
			3072	1117
			3072	1118
			3073	1119
			3073	1120
			3073	1121
			3074	1122
			3074	1123
			3075	1124
			3075	1125
			3076	1126
			3076	1127
			3076	1128
			3077	1129
			3077	1130
			3078	1131
			3078	1132
			3079	1133
			3079	1134
			3080	1135
			3080	1136
			3080	1137
			3081	1137
			3081	1138
			3081	1139
			3082	1139
			3082	1140
			3082	1141
			3083	1142
			3083	1143
			3084	1144
			3084	1145
			3084	1146
			3085	1147
			3085	1148
			3086	1149
			3086	1150
			3086	1151
			3087	1152
			3087	1153
			3088	1154
			3088	1155
			3088	1156
			3089	1157
			3089	1158
			3090	1159
			3090	1160
			3090	1161
			3091	1162
			3091	1163
			3092	1164
			3092	1165
			3092	1166
			3093	1167
			3093	1168
			3093	1169
			3094	1170
			3094	1171
			3095	1172
			3095	1173
			3096	1174
			3096	1175
			3096	1176
			3096	1177
			3097	1177
			3097	1178
			3097	1179
			3098	1180
			3098	1181
			3098	1182
			3099	1183
			3099	1184
			3099	1185
			3100	1185
			3100	1186
			3100	1187
			3101	1188
			3101	1189
			3101	1190
			3102	1191
			3102	1192
			3102	1193
			3103	1194
			3103	1195
			3103	1196
			3104	1197
			3104	1198
			3104	1199
			3105	1200
			3105	1201
			3105	1202
			3106	1203
			3106	1204
			3106	1205
			3107	1206
			3107	1207
			3107	1208
			3107	1209
			3108	1210
			3108	1211
			3108	1212
			3109	1213
			3109	1214
			3109	1215
			3110	1216
			3110	1217
			3110	1218
			3111	1219
			3111	1220
			3111	1221
			3112	1222
			3112	1223
			3112	1224
			3112	1225
			3113	1226
			3113	1227
			3113	1228
			3114	1229
			3114	1230
			3114	1231
			3114	1232
			3115	1233
			3115	1234
			3115	1235
			3115	1236
			3116	1237
			3116	1238
			3116	1239
			3116	1240
			3117	1241
			3117	1242
			3117	1243
			3117	1244
			3118	1245
			3118	1246
			3118	1247
			3119	1248
			3119	1249
			3119	1250
			3119	1251
			3119	1252
			3120	1253
			3120	1254
			3120	1255
			3120	1256
			3121	1257
			3121	1258
			3121	1259
			3121	1260
			3122	1261
			3122	1262
			3122	1263
			3122	1264
			3122	1265
			3123	1266
			3123	1267
			3123	1268
			3123	1269
			3123	1270
			3124	1271
			3124	1272
			3124	1273
			3124	1274
			3124	1275
			3124	1276
			3125	1277
			3125	1278
			3125	1279
			3125	1280
			3125	1281
			3126	1282
			3126	1283
			3126	1284
			3126	1285
			3126	1286
			3126	1287
			3127	1288
			3127	1289
			3127	1290
			3127	1291
			3127	1292
			3127	1293
			3127	1294
			3128	1295
			3128	1296
			3128	1297
			3128	1298
			3128	1299
			3128	1300
			3128	1301
			3128	1302
			3129	1303
			3129	1304
			3129	1305
			3129	1306
			3129	1307
			3129	1308
			3129	1309
			3129	1310
			3130	1311
			3130	1312
			3130	1313
			3130	1314
			3130	1315
			3130	1316
			3130	1317
			3130	1318
			3130	1319
			3130	1320
			3130	1321
			3131	1322
			3131	1323
			3131	1324
			3131	1325
			3131	1326
			3131	1327
			3131	1328
			3131	1329
			3131	1330
			3131	1331
			3131	1332
			3131	1333
			3131	1334
			3131	1335
			3131	1336
			3131	1337
			3131	1338
			3131	1339
			3131	1340
			3131	1341
			3131	1342
			3131	1343
			3131	1344
			3131	1345
			3131	1346
			3131	1347
			3131	1348
			3131	1349
			3131	1350
			3131	1351
			3131	1352
			3131	1353
			3131	1354
			3131	1355
			3131	1356
			3131	1357
			3131	1358
			3131	1359
			3131	1360
			3131	1361
			3131	1362
			3131	1363
			3131	1364
			3131	1365
			3131	1366
			3131	1367
			3131	1368
			3131	1369
			3131	1370
			3131	1371
			3131	1372
			3131	1373
			3130	1373
			3130	1374
			3130	1375
			3130	1376
			3130	1377
			3130	1378
			3130	1379
			3130	1380
			3130	1381
			3130	1382
			3130	1383
			3129	1384
			3129	1385
			3129	1386
			3129	1387
			3129	1388
			3129	1389
			3129	1390
			3128	1391
			3128	1392
			3128	1393
			3128	1394
			3128	1395
			3128	1396
			3128	1397
			3127	1398
			3127	1399
			3127	1400
			3127	1401
			3127	1402
			3127	1403
			3126	1404
			3126	1405
			3126	1406
			3126	1407
			3126	1408
			3125	1409
			3125	1410
			3125	1411
			3125	1412
			3125	1413
			3124	1414
			3124	1415
			3124	1416
			3124	1417
			3123	1418
			3123	1419
			3123	1420
			3123	1421
			3122	1422
			3122	1423
			3122	1424
			3121	1425
			3121	1426
			3121	1427
			3121	1428
			3120	1429
			3120	1430
			3120	1431
			3120	1432
			3119	1433
			3119	1434
			3119	1435
			3118	1435
			3118	1436
			3118	1437
			3117	1438
			3117	1439
			3117	1440
			3117	1441
			3116	1442
			3116	1443
			3116	1444
			3115	1445
			3115	1446
			3114	1447
			3114	1448
			3114	1449
			3113	1450
			3113	1451
			3112	1452
			3112	1453
			3112	1454
			3111	1455
			3111	1456
			3110	1457
			3110	1458
			3109	1459
			3109	1460
			3108	1461
			3107	1462
			3106	1463
			3106	1464
			3105	1465
			3104	1466
			3104	1467
			3103	1468
			3102	1469
			3101	1470
			3100	1471
			3099	1472
			3098	1473
			3098	1474
			3097	1475
			3096	1476
			3095	1477
			3095	1478
			3094	1479
			3093	1480
			3092	1481
			3092	1482
			3091	1483
			3090	1484
			3089	1485
			3089	1486
			3088	1486
			3087	1487
			3086	1488
			3086	1489
			3085	1490
			3084	1491
			3084	1492
			3083	1493
			3082	1494
			3081	1494
			3081	1495
			3080	1496
			3079	1497
			3078	1498
			3078	1499
			3077	1500
			3076	1500
			3076	1501
			3075	1502
			3074	1503
			3073	1504
			3073	1505
			3072	1506
			3071	1506
			3071	1507
			3070	1508
			3069	1509
			3069	1510
			3068	1511
			3067	1511
			3066	1512
			3066	1513
			3065	1514
			3064	1515
			3064	1516
			3063	1516
			3062	1517
			3061	1518
			3061	1519
			3060	1520
			3059	1520
			3059	1521
			3058	1522
			3057	1523
			3057	1524
			3056	1524
			3055	1525
			3054	1526
			3054	1527
			3053	1528
			3052	1528
			3052	1529
			3051	1530
			3050	1531
			3050	1532
			3049	1532
			3048	1533
			3048	1534
			3047	1535
			3046	1535
			3045	1536
			3045	1537
			3044	1538
			3043	1538
			3043	1539
			3042	1540
			3041	1541
			3040	1542
			3039	1543
			3038	1544
			3038	1545
			3037	1546
			3036	1547
			3035	1548
			3034	1548
			3033	1549
			3033	1550
			3032	1551
			3031	1552
			3030	1553
			3029	1554
			3028	1555
			3027	1556
			3026	1557
			3025	1558
			3024	1559
			3023	1560
			3022	1561
			3021	1562
			3020	1563
			3019	1564
			3018	1565
			3017	1566
			3016	1567
			3015	1568
			3014	1569
			3013	1570
			3013	1571
			3012	1572
			3011	1573
			3010	1574
			3009	1575
			3008	1576
			3007	1577
			3006	1578
			3005	1579
			3004	1579
			3003	1580
			3002	1581
			3001	1582
			3000	1583
			2999	1584
			2999	1585
			2998	1586
			2997	1587
			2996	1587
			2995	1588
			2994	1589
			2993	1590
			2992	1591
			2991	1592
			2990	1593
			2989	1593
			2988	1594
			2988	1595
			2987	1596
			2986	1597
			2985	1598
			2984	1598
			2983	1599
			2982	1600
			2981	1601
			2980	1602
			2979	1602
			2978	1603
			2978	1604
			2977	1605
			2976	1606
			2975	1606
			2974	1607
			2973	1608
			2972	1609
			2971	1609
			2970	1610
			2970	1611
			2969	1612
			2968	1612
			2967	1613
			2966	1614
			2965	1615
			2964	1615
			2963	1616
			2963	1617
			2962	1617
			2961	1618
			2960	1619
			2959	1620
			2958	1620
			2957	1621
			2957	1622
			2956	1622
			2955	1623
			2954	1624
			2953	1624
			2952	1625
			2951	1626
			2950	1627
			2949	1628
			2948	1628
			2947	1629
			2946	1630
			2945	1631
			2944	1631
			2943	1632
			2942	1633
			2941	1634
			2940	1634
			2939	1635
			2938	1636
			2937	1636
			2936	1637
			2935	1638
			2934	1638
			2933	1639
			2932	1640
			2931	1640
			2930	1641
			2929	1642
			2928	1642
			2927	1643
			2926	1644
			2925	1644
			2924	1645
			2923	1645
			2922	1646
			2921	1647
			2920	1647
			2919	1648
			2918	1648
			2917	1649
			2916	1650
			2915	1650
			2914	1651
			2913	1651
			2912	1652
			2911	1652
			2910	1653
			2909	1653
			2908	1654
			2907	1655
			2906	1655
			2905	1656
			2904	1656
			2903	1657
			2902	1657
			2901	1658
			2900	1658
			2899	1658
			2899	1659
			2898	1659
			2897	1660
			2896	1660
			2895	1660
			2895	1661
			2894	1661
			2893	1661
			2892	1662
			2891	1662
			2890	1663
			2889	1663
			2888	1664
			2887	1664
			2886	1664
			2885	1665
			2884	1665
			2883	1665
			2883	1666
			2882	1666
			2881	1666
			2880	1667
			2879	1667
			2878	1667
			2877	1668
			2876	1668
			2875	1668
			2874	1669
			2873	1669
			2872	1669
			2871	1670
			2870	1670
			2869	1670
			2868	1670
			2867	1671
			2866	1671
			2865	1671
			2864	1671
			2863	1671
			2863	1672
			2862	1672
			2861	1672
			2860	1672
			2859	1672
			2858	1673
			2857	1673
			2856	1673
			2855	1673
			2854	1673
			2853	1673
			2852	1673
			2851	1674
			2850	1674
			2849	1674
			2848	1674
			2847	1674
			2846	1674
			2845	1674
			2844	1674
			2843	1674
			2842	1674
			2841	1674
			2840	1674
			2839	1674
			2838	1674
			2837	1674
			2836	1674
			2835	1674
			2834	1674
			2833	1674
			2832	1674
			2831	1674
			2830	1674
			2829	1674
			2828	1674
			2827	1673
			2826	1673
			2825	1673
			2824	1673
			2823	1673
			2822	1673
			2821	1672
			2820	1672
			2819	1672
			2818	1672
			2817	1672
			2816	1671
			2815	1671
			2814	1671
			2813	1670
			2812	1670
			2811	1670
			2810	1669
			2809	1669
			2808	1669
			2807	1668
			2806	1668
			2805	1668
			2804	1667
			2803	1667
			2802	1666
			2801	1666
			2800	1665
			2799	1665
			2798	1664
			2797	1664
			2796	1663
			2795	1663
			2794	1662
			2793	1662
			2792	1661
			2791	1660
			2790	1660
			2789	1659
			2788	1658
			2787	1658
			2786	1657
			2785	1656
			2784	1655
			2783	1654
			2782	1653
			2781	1653
			2780	1652
			2779	1652
			2779	1651
			2778	1650
			2777	1650
			2777	1649
			2776	1649
			2776	1648
			2775	1648
			2774	1647
			2774	1646
			2773	1646
			2773	1645
			2772	1645
			2771	1644
			2771	1643
			2770	1643
			2770	1642
			2769	1642
			2768	1641
			2768	1640
			2767	1640
			2767	1639
			2766	1638
			2765	1638
			2765	1637
			2764	1636
			2764	1635
			2763	1635
			2763	1634
			2762	1633
			2761	1633
			2761	1632
			2760	1631
			2760	1630
			2759	1630
			2759	1629
			2758	1628
			2758	1627
			2757	1627
			2756	1626
			2756	1625
			2755	1624
			2754	1623
			2754	1622
			2753	1621
			2752	1620
			2752	1619
			2751	1618
			2750	1617
			2750	1616
		</Profile>
		<Eye type=matrix rownames=FALSE colnames=FALSE nrow=2811 ncol=2 as.numeric=TRUE >
			2116	1026
			2115	1027
			2114	1027
			2113	1028
			2112	1028
			2111	1029
			2110	1029
			2109	1030
			2108	1031
			2107	1031
			2106	1031
			2106	1032
			2105	1032
			2104	1032
			2104	1033
			2103	1033
			2102	1033
			2102	1034
			2101	1034
			2100	1034
			2100	1035
			2099	1035
			2098	1035
			2098	1036
			2097	1036
			2096	1037
			2095	1037
			2094	1038
			2093	1038
			2092	1039
			2091	1039
			2090	1040
			2089	1040
			2088	1041
			2087	1041
			2086	1042
			2085	1042
			2084	1043
			2083	1043
			2082	1044
			2081	1044
			2080	1044
			2079	1045
			2078	1045
			2078	1046
			2077	1046
			2076	1047
			2075	1047
			2074	1048
			2073	1048
			2072	1048
			2071	1049
			2070	1049
			2069	1050
			2068	1050
			2067	1051
			2066	1051
			2065	1051
			2064	1052
			2063	1052
			2062	1053
			2061	1053
			2060	1054
			2059	1054
			2058	1054
			2057	1055
			2056	1055
			2056	1056
			2055	1056
			2054	1056
			2053	1057
			2052	1057
			2051	1058
			2050	1058
			2049	1058
			2048	1059
			2047	1059
			2046	1060
			2045	1060
			2044	1060
			2043	1061
			2042	1061
			2041	1061
			2040	1062
			2039	1062
			2038	1063
			2037	1063
			2036	1063
			2035	1064
			2034	1064
			2033	1064
			2032	1065
			2031	1065
			2030	1065
			2029	1066
			2028	1066
			2027	1067
			2026	1067
			2025	1067
			2024	1068
			2023	1068
			2022	1069
			2021	1069
			2020	1069
			2019	1069
			2018	1070
			2017	1070
			2016	1071
			2015	1071
			2014	1071
			2013	1071
			2013	1072
			2012	1072
			2011	1072
			2010	1072
			2009	1073
			2008	1073
			2007	1073
			2007	1074
			2006	1074
			2005	1074
			2004	1074
			2003	1075
			2002	1075
			2001	1075
			2000	1076
			1999	1076
			1998	1076
			1997	1077
			1996	1077
			1995	1077
			1994	1078
			1993	1078
			1992	1078
			1991	1078
			1990	1078
			1990	1079
			1989	1079
			1988	1079
			1987	1079
			1986	1080
			1985	1080
			1984	1080
			1983	1080
			1982	1081
			1981	1081
			1980	1081
			1979	1082
			1978	1082
			1977	1082
			1976	1082
			1975	1083
			1974	1083
			1973	1083
			1972	1083
			1971	1083
			1971	1084
			1970	1084
			1969	1084
			1968	1084
			1967	1085
			1966	1085
			1965	1085
			1964	1085
			1963	1085
			1962	1086
			1961	1086
			1960	1086
			1959	1086
			1958	1086
			1958	1087
			1957	1087
			1956	1087
			1955	1087
			1954	1087
			1953	1088
			1952	1088
			1951	1088
			1950	1088
			1949	1088
			1948	1089
			1947	1089
			1946	1089
			1945	1089
			1944	1089
			1943	1090
			1942	1090
			1941	1090
			1940	1090
			1939	1090
			1938	1090
			1938	1091
			1937	1091
			1936	1091
			1935	1091
			1934	1091
			1933	1091
			1932	1092
			1931	1092
			1930	1092
			1929	1092
			1928	1092
			1927	1092
			1926	1093
			1925	1093
			1924	1093
			1923	1093
			1922	1093
			1921	1093
			1920	1093
			1920	1094
			1919	1094
			1918	1094
			1917	1094
			1916	1094
			1915	1094
			1914	1094
			1913	1095
			1912	1095
			1911	1095
			1910	1095
			1909	1095
			1908	1095
			1907	1095
			1906	1095
			1905	1095
			1904	1096
			1903	1096
			1902	1096
			1901	1096
			1900	1096
			1899	1096
			1898	1096
			1897	1096
			1896	1097
			1895	1097
			1894	1097
			1893	1097
			1892	1097
			1891	1097
			1890	1097
			1889	1097
			1888	1097
			1887	1097
			1886	1098
			1885	1098
			1884	1098
			1883	1098
			1882	1098
			1881	1098
			1880	1098
			1879	1098
			1878	1098
			1877	1098
			1876	1098
			1875	1098
			1874	1098
			1873	1098
			1872	1099
			1871	1099
			1870	1099
			1869	1099
			1868	1099
			1867	1099
			1866	1099
			1865	1099
			1864	1099
			1863	1099
			1862	1099
			1861	1099
			1860	1099
			1859	1099
			1858	1099
			1857	1099
			1856	1099
			1855	1099
			1854	1099
			1853	1099
			1852	1099
			1851	1099
			1850	1100
			1849	1100
			1848	1100
			1847	1100
			1846	1100
			1845	1100
			1844	1100
			1843	1100
			1842	1100
			1841	1100
			1840	1100
			1839	1100
			1838	1100
			1837	1100
			1836	1100
			1835	1100
			1834	1100
			1833	1100
			1832	1100
			1831	1100
			1830	1100
			1829	1100
			1828	1100
			1827	1100
			1826	1100
			1825	1100
			1824	1100
			1823	1100
			1822	1100
			1821	1100
			1820	1100
			1819	1099
			1818	1099
			1817	1099
			1816	1099
			1815	1099
			1814	1099
			1813	1099
			1812	1099
			1811	1099
			1810	1099
			1809	1099
			1808	1099
			1807	1099
			1806	1099
			1805	1099
			1804	1099
			1803	1099
			1802	1099
			1801	1099
			1800	1099
			1799	1099
			1798	1099
			1797	1099
			1796	1099
			1796	1098
			1795	1098
			1794	1098
			1793	1098
			1792	1098
			1791	1098
			1790	1098
			1789	1098
			1788	1098
			1787	1098
			1786	1098
			1785	1098
			1784	1098
			1783	1098
			1782	1097
			1781	1097
			1780	1097
			1779	1097
			1778	1097
			1777	1097
			1776	1097
			1775	1097
			1774	1097
			1773	1097
			1772	1097
			1771	1096
			1770	1096
			1769	1096
			1768	1096
			1767	1096
			1766	1096
			1765	1096
			1764	1096
			1763	1096
			1762	1096
			1761	1095
			1760	1095
			1759	1095
			1758	1095
			1757	1095
			1756	1095
			1755	1095
			1754	1095
			1753	1094
			1752	1094
			1751	1094
			1750	1094
			1749	1094
			1748	1094
			1747	1094
			1746	1093
			1745	1093
			1744	1093
			1743	1093
			1742	1093
			1741	1093
			1740	1093
			1739	1092
			1738	1092
			1737	1092
			1736	1092
			1735	1092
			1734	1092
			1733	1092
			1732	1091
			1731	1091
			1730	1091
			1729	1091
			1728	1091
			1727	1091
			1726	1090
			1725	1090
			1724	1090
			1723	1090
			1722	1090
			1721	1090
			1720	1089
			1719	1089
			1718	1089
			1717	1089
			1716	1089
			1715	1088
			1714	1088
			1713	1088
			1712	1088
			1711	1088
			1710	1088
			1709	1087
			1708	1087
			1707	1087
			1706	1087
			1705	1087
			1704	1086
			1703	1086
			1702	1086
			1701	1086
			1700	1086
			1699	1085
			1698	1085
			1697	1085
			1696	1085
			1695	1085
			1694	1084
			1693	1084
			1692	1084
			1691	1084
			1690	1083
			1689	1083
			1688	1083
			1687	1083
			1686	1083
			1685	1082
			1684	1082
			1683	1082
			1682	1082
			1681	1081
			1680	1081
			1679	1081
			1678	1081
			1677	1081
			1676	1080
			1675	1080
			1674	1080
			1673	1080
			1672	1079
			1671	1079
			1670	1079
			1669	1079
			1668	1078
			1667	1078
			1666	1078
			1665	1078
			1664	1077
			1663	1077
			1662	1077
			1661	1077
			1660	1076
			1659	1076
			1658	1076
			1657	1075
			1656	1075
			1655	1075
			1654	1075
			1653	1075
			1652	1074
			1651	1074
			1650	1074
			1649	1073
			1648	1073
			1647	1073
			1646	1072
			1645	1072
			1644	1072
			1643	1072
			1642	1071
			1641	1071
			1640	1071
			1639	1071
			1638	1070
			1637	1070
			1636	1070
			1635	1070
			1635	1069
			1634	1069
			1633	1069
			1632	1069
			1632	1068
			1631	1068
			1630	1068
			1629	1068
			1628	1067
			1627	1067
			1626	1067
			1625	1066
			1624	1066
			1623	1066
			1622	1066
			1621	1065
			1620	1065
			1619	1065
			1619	1064
			1618	1064
			1617	1064
			1616	1064
			1615	1063
			1614	1062
			1613	1062
			1612	1061
			1611	1061
			1610	1060
			1609	1060
			1608	1060
			1608	1059
			1607	1059
			1606	1058
			1605	1058
			1604	1057
			1603	1057
			1602	1056
			1601	1055
			1600	1055
			1599	1054
			1598	1054
			1597	1053
			1596	1053
			1595	1052
			1594	1052
			1593	1051
			1592	1051
			1591	1050
			1590	1050
			1589	1049
			1588	1048
			1587	1048
			1586	1047
			1585	1047
			1584	1046
			1583	1046
			1582	1045
			1581	1044
			1580	1044
			1579	1043
			1578	1042
			1577	1041
			1576	1041
			1575	1040
			1574	1040
			1573	1039
			1572	1038
			1571	1038
			1570	1037
			1569	1037
			1568	1036
			1567	1035
			1566	1035
			1565	1034
			1564	1034
			1563	1033
			1562	1032
			1561	1032
			1560	1031
			1559	1030
			1558	1029
			1557	1029
			1556	1028
			1555	1027
			1554	1026
			1553	1026
			1552	1025
			1551	1025
			1550	1024
			1549	1023
			1548	1022
			1547	1022
			1546	1021
			1545	1020
			1544	1020
			1543	1019
			1542	1018
			1541	1018
			1540	1017
			1540	1016
			1539	1016
			1538	1015
			1537	1014
			1536	1014
			1535	1013
			1534	1012
			1533	1011
			1532	1011
			1531	1010
			1530	1009
			1529	1008
			1528	1007
			1527	1007
			1526	1006
			1525	1005
			1524	1004
			1523	1003
			1522	1003
			1521	1002
			1521	1001
			1520	1001
			1519	1000
			1518	1000
			1518	999
			1517	998
			1516	998
			1515	997
			1515	996
			1514	996
			1513	995
			1512	994
			1511	993
			1510	992
			1509	992
			1508	991
			1507	990
			1507	989
			1506	988
			1505	988
			1504	987
			1503	986
			1502	985
			1501	984
			1500	984
			1500	983
			1499	982
			1498	981
			1497	980
			1496	980
			1495	979
			1494	978
			1494	977
			1493	976
			1492	976
			1491	975
			1490	974
			1489	973
			1489	972
			1488	971
			1487	971
			1486	970
			1485	969
			1485	968
			1484	967
			1483	966
			1482	965
			1481	965
			1480	964
			1480	963
			1479	962
			1478	961
			1477	960
			1476	960
			1476	959
			1475	958
			1474	957
			1473	956
			1473	955
			1472	954
			1471	953
			1470	953
			1469	952
			1469	951
			1468	950
			1467	949
			1466	948
			1466	947
			1465	946
			1464	945
			1463	945
			1463	944
			1462	943
			1461	942
			1460	941
			1460	940
			1459	939
			1458	938
			1457	937
			1457	936
			1456	936
			1455	935
			1454	934
			1454	933
			1453	932
			1452	931
			1452	930
			1451	929
			1450	928
			1449	927
			1449	926
			1448	925
			1447	924
			1447	923
			1446	923
			1445	922
			1444	921
			1444	920
			1443	919
			1442	918
			1442	917
			1441	916
			1440	915
			1440	914
			1439	913
			1438	912
			1438	911
			1437	910
			1436	909
			1436	908
			1435	907
			1434	906
			1434	905
			1433	904
			1432	903
			1432	902
			1431	901
			1430	900
			1430	899
			1429	898
			1428	897
			1428	896
			1427	895
			1426	894
			1426	893
			1425	892
			1425	891
			1424	890
			1423	889
			1423	888
			1422	887
			1421	886
			1421	885
			1420	884
			1420	883
			1419	882
			1418	881
			1418	880
			1417	879
			1417	878
			1416	877
			1415	876
			1415	875
			1414	874
			1414	873
			1413	872
			1412	871
			1412	870
			1411	869
			1411	868
			1410	867
			1410	866
			1409	865
			1409	864
			1408	863
			1408	862
			1407	861
			1407	860
			1406	859
			1406	858
			1405	857
			1405	856
			1404	855
			1404	854
			1403	853
			1403	852
			1402	851
			1401	850
			1401	849
			1401	848
			1400	848
			1400	847
			1400	846
			1399	846
			1399	845
			1399	844
			1398	843
			1398	842
			1397	841
			1397	840
			1396	839
			1396	838
			1396	837
			1395	837
			1395	836
			1394	835
			1394	834
			1394	833
			1393	832
			1392	831
			1392	830
			1392	829
			1391	828
			1391	827
			1390	826
			1390	825
			1389	824
			1389	823
			1389	822
			1388	821
			1388	820
			1387	819
			1387	818
			1387	817
			1386	817
			1386	816
			1386	815
			1385	814
			1385	813
			1384	812
			1384	811
			1384	810
			1384	809
			1383	809
			1383	808
			1383	807
			1382	806
			1382	805
			1381	804
			1381	803
			1381	802
			1380	801
			1380	800
			1379	799
			1379	798
			1379	797
			1378	796
			1378	795
			1378	794
			1377	793
			1377	792
			1377	791
			1376	791
			1376	790
			1376	789
			1376	788
			1375	787
			1375	786
			1374	785
			1374	784
			1374	783
			1373	782
			1373	781
			1373	780
			1373	779
			1372	778
			1372	777
			1372	776
			1371	775
			1371	774
			1371	773
			1370	772
			1370	771
			1370	770
			1369	769
			1369	768
			1369	767
			1368	766
			1368	765
			1368	764
			1368	763
			1367	762
			1367	761
			1367	760
			1366	759
			1366	758
			1366	757
			1365	756
			1365	755
			1365	754
			1365	753
			1364	752
			1364	751
			1364	750
			1364	749
			1363	748
			1363	747
			1363	746
			1362	745
			1362	744
			1362	743
			1362	742
			1361	741
			1361	740
			1361	739
			1361	738
			1360	737
			1360	736
			1360	735
			1359	734
			1359	733
			1359	732
			1359	731
			1358	730
			1358	729
			1358	728
			1358	727
			1357	726
			1357	725
			1357	724
			1357	723
			1357	722
			1356	721
			1356	720
			1356	719
			1356	718
			1356	717
			1355	717
			1355	716
			1355	715
			1355	714
			1355	713
			1354	712
			1354	711
			1354	710
			1354	709
			1354	708
			1353	707
			1353	706
			1353	705
			1353	704
			1353	703
			1352	702
			1352	701
			1352	700
			1352	699
			1352	698
			1351	697
			1351	696
			1351	695
			1351	694
			1351	693
			1351	692
			1352	692
			1352	691
			1352	690
			1352	689
			1352	688
			1352	687
			1352	686
			1353	685
			1353	684
			1353	683
			1353	682
			1353	681
			1353	680
			1354	679
			1354	678
			1354	677
			1354	676
			1354	675
			1354	674
			1355	673
			1355	672
			1355	671
			1355	670
			1355	669
			1355	668
			1356	667
			1356	666
			1356	665
			1356	664
			1356	663
			1356	662
			1357	661
			1357	660
			1357	659
			1357	658
			1357	657
			1358	656
			1358	655
			1358	654
			1358	653
			1358	652
			1358	651
			1359	651
			1359	650
			1359	649
			1359	648
			1359	647
			1360	646
			1360	645
			1360	644
			1360	643
			1360	642
			1360	641
			1361	640
			1361	639
			1361	638
			1361	637
			1361	636
			1362	635
			1362	634
			1362	633
			1362	632
			1362	631
			1363	630
			1363	629
			1363	628
			1363	627
			1363	626
			1364	625
			1364	624
			1364	623
			1364	622
			1365	621
			1365	620
			1365	619
			1365	618
			1365	617
			1366	616
			1366	615
			1366	614
			1366	613
			1366	612
			1367	611
			1367	610
			1367	609
			1367	608
			1368	607
			1368	606
			1368	605
			1368	604
			1368	603
			1369	602
			1369	601
			1369	600
			1369	599
			1370	598
			1370	597
			1370	596
			1370	595
			1371	594
			1371	593
			1371	592
			1371	591
			1372	590
			1372	589
			1372	588
			1372	587
			1372	586
			1373	585
			1373	584
			1373	583
			1373	582
			1374	582
			1374	581
			1374	580
			1374	579
			1375	578
			1375	577
			1375	576
			1375	575
			1375	574
			1376	574
			1376	573
			1376	572
			1376	571
			1377	570
			1377	569
			1377	568
			1377	567
			1378	566
			1378	565
			1378	564
			1378	563
			1379	562
			1379	561
			1379	560
			1379	559
			1380	558
			1380	557
			1380	556
			1381	556
			1381	555
			1381	554
			1381	553
			1382	552
			1382	551
			1382	550
			1382	549
			1383	548
			1383	547
			1383	546
			1383	545
			1384	544
			1384	543
			1385	542
			1385	541
			1385	540
			1385	539
			1386	538
			1386	537
			1386	536
			1386	535
			1387	534
			1387	533
			1387	532
			1388	531
			1388	530
			1388	529
			1389	528
			1389	527
			1389	526
			1389	525
			1390	525
			1390	524
			1390	523
			1391	522
			1391	521
			1391	520
			1392	519
			1392	518
			1392	517
			1392	516
			1393	515
			1393	514
			1394	513
			1394	512
			1394	511
			1395	510
			1395	509
			1395	508
			1396	507
			1396	506
			1396	505
			1397	504
			1397	503
			1397	502
			1398	501
			1398	500
			1398	499
			1399	498
			1399	497
			1400	496
			1400	495
			1400	494
			1400	493
			1401	493
			1401	492
			1401	491
			1402	490
			1402	489
			1402	488
			1403	487
			1403	486
			1404	485
			1404	484
			1404	483
			1405	482
			1405	481
			1405	480
			1406	479
			1406	478
			1407	477
			1407	476
			1408	475
			1408	474
			1408	473
			1409	472
			1409	471
			1409	470
			1410	469
			1410	468
			1411	467
			1411	466
			1411	465
			1412	464
			1412	463
			1413	462
			1413	461
			1413	460
			1414	460
			1414	459
			1415	458
			1415	457
			1415	456
			1416	455
			1416	454
			1416	453
			1417	452
			1417	451
			1418	451
			1418	450
			1418	449
			1419	448
			1419	447
			1420	446
			1420	445
			1420	444
			1421	444
			1421	443
			1422	442
			1422	441
			1422	440
			1423	439
			1423	438
			1424	437
			1424	436
			1425	435
			1425	434
			1426	433
			1426	432
			1427	431
			1427	430
			1428	429
			1428	428
			1429	427
			1429	426
			1430	425
			1430	424
			1431	423
			1431	422
			1432	421
			1432	420
			1433	419
			1434	418
			1434	417
			1435	416
			1435	415
			1436	414
			1436	413
			1437	412
			1437	411
			1438	410
			1438	409
			1439	408
			1439	407
			1440	406
			1440	405
			1441	404
			1441	403
			1442	402
			1442	401
			1443	400
			1444	399
			1444	398
			1445	397
			1446	396
			1446	395
			1447	394
			1447	393
			1448	392
			1448	391
			1449	391
			1449	390
			1450	389
			1450	388
			1451	388
			1451	387
			1452	386
			1452	385
			1452	384
			1453	384
			1453	383
			1454	382
			1454	381
			1455	381
			1455	380
			1456	379
			1456	378
			1457	378
			1457	377
			1458	376
			1458	375
			1459	375
			1459	374
			1460	373
			1460	372
			1461	372
			1461	371
			1462	370
			1463	369
			1463	368
			1464	367
			1465	366
			1465	365
			1466	364
			1467	363
			1468	362
			1468	361
			1469	360
			1470	359
			1471	358
			1471	357
			1472	356
			1473	355
			1474	354
			1474	353
			1475	352
			1476	351
			1477	350
			1477	349
			1478	348
			1479	347
			1480	346
			1480	345
			1481	344
			1482	343
			1483	342
			1484	341
			1484	340
			1485	339
			1486	338
			1487	338
			1487	337
			1488	336
			1489	335
			1490	334
			1491	333
			1491	332
			1492	331
			1493	330
			1494	329
			1495	329
			1495	328
			1496	327
			1497	326
			1498	325
			1499	324
			1499	323
			1500	323
			1501	322
			1502	321
			1503	320
			1504	319
			1504	318
			1505	317
			1506	317
			1507	316
			1508	315
			1508	314
			1509	313
			1510	313
			1511	312
			1512	311
			1513	310
			1514	309
			1515	308
			1516	307
			1517	306
			1518	305
			1519	304
			1520	303
			1521	302
			1522	301
			1523	301
			1524	300
			1525	299
			1526	299
			1526	298
			1527	298
			1528	297
			1529	296
			1530	295
			1531	294
			1532	293
			1533	293
			1534	292
			1535	291
			1536	290
			1537	290
			1538	289
			1539	288
			1540	288
			1541	287
			1542	286
			1543	286
			1544	285
			1545	284
			1546	283
			1547	282
			1548	282
			1549	281
			1550	281
			1550	280
			1551	280
			1552	279
			1553	278
			1554	278
			1555	277
			1556	277
			1557	276
			1558	275
			1559	275
			1559	274
			1560	274
			1561	273
			1562	273
			1563	272
			1564	272
			1564	271
			1565	271
			1566	270
			1567	270
			1568	269
			1569	269
			1570	268
			1571	268
			1571	267
			1572	267
			1573	267
			1574	266
			1575	266
			1576	265
			1577	265
			1577	264
			1578	264
			1579	263
			1580	263
			1581	262
			1582	262
			1583	262
			1584	261
			1585	261
			1586	260
			1587	259
			1588	258
			1589	258
			1590	257
			1591	256
			1592	256
			1593	255
			1594	255
			1594	254
			1595	254
			1596	253
			1597	253
			1598	252
			1599	251
			1600	251
			1601	250
			1602	250
			1602	249
			1603	249
			1604	248
			1605	248
			1606	247
			1607	246
			1608	246
			1609	245
			1610	244
			1611	244
			1612	243
			1613	243
			1614	242
			1615	242
			1616	241
			1617	240
			1618	240
			1619	239
			1620	239
			1621	238
			1622	238
			1623	237
			1624	237
			1625	236
			1626	235
			1627	235
			1628	234
			1629	234
			1630	233
			1631	233
			1632	232
			1633	232
			1634	231
			1635	231
			1636	230
			1637	230
			1638	229
			1639	229
			1640	228
			1641	228
			1642	227
			1643	227
			1644	226
			1645	225
			1646	225
			1647	225
			1648	224
			1649	224
			1650	223
			1651	223
			1652	222
			1653	222
			1654	221
			1655	221
			1656	220
			1657	220
			1658	219
			1659	219
			1660	218
			1661	218
			1662	217
			1663	217
			1664	216
			1665	216
			1666	216
			1667	215
			1668	215
			1669	214
			1670	214
			1671	213
			1672	213
			1673	213
			1674	212
			1675	212
			1676	211
			1677	211
			1678	210
			1679	210
			1680	210
			1681	209
			1682	209
			1683	208
			1684	208
			1685	208
			1686	207
			1687	207
			1688	206
			1689	206
			1690	206
			1691	205
			1692	205
			1693	204
			1694	204
			1695	204
			1696	203
			1697	203
			1698	203
			1699	202
			1700	202
			1701	202
			1702	201
			1703	201
			1704	200
			1705	200
			1706	200
			1707	199
			1708	199
			1709	199
			1710	198
			1711	198
			1712	198
			1713	197
			1714	197
			1715	197
			1716	196
			1717	196
			1718	196
			1719	196
			1720	195
			1721	195
			1722	195
			1723	194
			1724	194
			1725	194
			1726	194
			1726	193
			1727	193
			1728	193
			1729	193
			1730	192
			1731	192
			1732	192
			1733	191
			1734	191
			1735	191
			1736	191
			1737	191
			1738	190
			1739	190
			1740	190
			1741	189
			1742	189
			1743	189
			1744	189
			1745	188
			1746	188
			1747	188
			1748	188
			1749	188
			1749	187
			1750	187
			1751	187
			1752	187
			1753	187
			1754	186
			1755	186
			1756	186
			1757	186
			1758	186
			1759	185
			1760	185
			1761	185
			1762	185
			1763	184
			1764	184
			1765	184
			1766	184
			1767	184
			1768	183
			1769	183
			1770	183
			1771	183
			1772	183
			1773	183
			1774	182
			1775	182
			1776	182
			1777	182
			1778	182
			1779	182
			1780	181
			1781	181
			1782	181
			1783	181
			1784	181
			1785	181
			1786	180
			1787	180
			1788	180
			1789	180
			1790	180
			1791	180
			1792	180
			1793	179
			1794	179
			1795	179
			1796	179
			1797	179
			1798	179
			1799	179
			1800	179
			1801	178
			1802	178
			1803	178
			1804	178
			1805	178
			1806	178
			1807	178
			1808	178
			1809	178
			1810	178
			1811	177
			1812	177
			1813	177
			1814	177
			1815	177
			1816	177
			1817	177
			1818	177
			1819	177
			1820	177
			1821	177
			1822	177
			1823	177
			1824	176
			1825	176
			1826	176
			1827	176
			1828	176
			1829	176
			1830	176
			1831	176
			1832	176
			1833	176
			1834	176
			1835	176
			1836	176
			1837	176
			1838	176
			1839	176
			1840	176
			1841	176
			1842	176
			1843	176
			1844	176
			1845	176
			1846	176
			1847	176
			1848	176
			1849	176
			1850	176
			1851	176
			1852	176
			1853	176
			1854	176
			1855	176
			1856	176
			1857	176
			1858	176
			1859	176
			1860	176
			1861	176
			1862	176
			1863	176
			1864	176
			1865	176
			1866	176
			1867	176
			1868	176
			1869	176
			1870	176
			1871	176
			1872	176
			1873	176
			1874	176
			1875	176
			1876	176
			1877	177
			1878	177
			1879	177
			1880	177
			1881	177
			1882	177
			1883	177
			1884	177
			1885	177
			1886	177
			1887	177
			1888	177
			1889	177
			1890	178
			1891	178
			1892	178
			1893	178
			1894	178
			1895	178
			1896	178
			1897	178
			1898	178
			1899	178
			1900	179
			1901	179
			1902	179
			1903	179
			1904	179
			1905	179
			1906	179
			1907	179
			1908	179
			1909	180
			1910	180
			1911	180
			1912	180
			1913	180
			1914	180
			1915	180
			1916	181
			1917	181
			1918	181
			1919	181
			1920	181
			1921	181
			1922	181
			1923	182
			1924	182
			1925	182
			1926	182
			1927	182
			1928	182
			1929	183
			1930	183
			1931	183
			1932	183
			1933	183
			1934	183
			1935	184
			1936	184
			1937	184
			1938	184
			1939	184
			1940	185
			1941	185
			1942	185
			1943	185
			1944	185
			1945	186
			1946	186
			1947	186
			1948	186
			1949	186
			1950	187
			1951	187
			1952	187
			1953	187
			1954	187
			1955	188
			1956	188
			1957	188
			1958	188
			1959	189
			1960	189
			1961	189
			1962	189
			1963	190
			1964	190
			1965	190
			1966	190
			1967	191
			1968	191
			1969	191
			1970	191
			1971	192
			1972	192
			1973	192
			1974	192
			1975	193
			1976	193
			1977	193
			1978	193
			1979	194
			1980	194
			1981	194
			1982	195
			1983	195
			1984	195
			1985	195
			1986	195
			1986	196
			1987	196
			1988	196
			1989	197
			1990	197
			1991	197
			1992	197
			1993	198
			1994	198
			1995	198
			1996	199
			1997	199
			1998	199
			1999	199
			1999	200
			2000	200
			2001	200
			2002	200
			2003	201
			2004	201
			2005	201
			2006	202
			2007	202
			2008	202
			2009	203
			2010	203
			2011	203
			2012	204
			2013	204
			2014	204
			2015	205
			2016	205
			2017	205
			2017	206
			2018	206
			2019	206
			2020	207
			2021	207
			2022	207
			2023	208
			2024	208
			2025	208
			2026	209
			2027	209
			2028	209
			2028	210
			2029	210
			2030	210
			2031	211
			2032	211
			2033	211
			2034	212
			2035	212
			2036	212
			2037	213
			2038	213
			2039	213
			2039	214
			2040	214
			2041	215
			2042	215
			2043	215
			2044	216
			2045	216
			2046	216
			2047	217
			2048	217
			2049	217
			2050	218
			2051	218
			2051	219
			2052	219
			2053	219
			2054	220
			2055	220
			2056	221
			2057	221
			2058	221
			2059	222
			2060	222
			2061	223
			2062	223
			2063	223
			2064	224
			2065	225
			2066	225
			2067	225
			2068	226
			2069	226
			2070	227
			2071	227
			2072	228
			2073	228
			2074	228
			2075	229
			2076	230
			2077	230
			2078	230
			2079	231
			2080	231
			2081	232
			2082	232
			2083	233
			2084	233
			2085	234
			2086	234
			2086	235
			2087	235
			2088	235
			2089	236
			2090	236
			2091	237
			2092	237
			2092	238
			2093	238
			2094	239
			2095	239
			2096	239
			2096	240
			2097	240
			2098	241
			2099	241
			2100	242
			2101	242
			2101	243
			2102	243
			2103	244
			2104	244
			2105	244
			2105	245
			2106	245
			2107	246
			2108	246
			2109	247
			2110	247
			2110	248
			2111	248
			2112	249
			2113	249
			2114	250
			2115	251
			2116	251
			2117	252
			2118	252
			2119	253
			2120	254
			2121	254
			2122	255
			2123	255
			2124	256
			2125	257
			2126	258
			2127	258
			2128	259
			2129	260
			2130	260
			2131	261
			2132	261
			2133	262
			2134	263
			2135	264
			2136	264
			2137	265
			2138	266
			2139	266
			2140	267
			2141	268
			2142	268
			2143	269
			2144	270
			2145	271
			2146	272
			2147	272
			2148	273
			2149	274
			2150	275
			2151	275
			2152	276
			2153	276
			2154	277
			2154	278
			2155	278
			2156	279
			2157	279
			2157	280
			2158	281
			2159	281
			2160	282
			2160	283
			2161	283
			2162	284
			2163	284
			2164	285
			2164	286
			2165	286
			2166	287
			2167	288
			2168	289
			2169	290
			2170	290
			2171	291
			2172	292
			2172	293
			2173	293
			2174	294
			2175	295
			2176	296
			2177	297
			2178	297
			2179	298
			2180	299
			2180	300
			2181	300
			2182	301
			2183	302
			2184	303
			2185	304
			2186	304
			2186	305
			2187	306
			2188	307
			2189	308
			2190	309
			2191	309
			2191	310
			2192	311
			2193	312
			2194	313
			2195	314
			2196	314
			2196	315
			2197	316
			2198	317
			2199	318
			2200	319
			2201	320
			2202	321
			2203	322
			2204	323
			2205	324
			2206	325
			2206	326
			2207	326
			2207	327
			2208	328
			2209	328
			2209	329
			2210	330
			2211	331
			2212	332
			2213	333
			2214	334
			2214	335
			2215	336
			2216	336
			2216	337
			2217	338
			2218	339
			2218	340
			2219	340
			2220	341
			2220	342
			2221	343
			2222	344
			2223	345
			2224	346
			2224	347
			2225	348
			2226	349
			2227	350
			2227	351
			2228	352
			2229	353
			2230	354
			2230	355
			2231	356
			2232	357
			2233	358
			2233	359
			2234	360
			2235	361
			2236	362
			2236	363
			2237	364
			2238	365
			2238	366
			2239	367
			2240	368
			2241	369
			2241	370
			2242	371
			2243	372
			2243	373
			2244	374
			2245	375
			2246	376
			2246	377
			2247	378
			2248	379
			2248	380
			2249	381
			2249	382
			2250	383
			2251	384
			2251	385
			2252	386
			2252	387
			2253	388
			2254	389
			2254	390
			2255	391
			2256	392
			2256	393
			2257	394
			2257	395
			2258	396
			2258	397
			2259	398
			2259	399
			2260	399
			2261	400
			2261	401
			2262	402
			2262	403
			2263	404
			2263	405
			2264	406
			2264	407
			2265	408
			2265	409
			2266	410
			2267	411
			2267	412
			2268	413
			2268	414
			2269	415
			2269	416
			2270	417
			2270	418
			2271	419
			2271	420
			2272	421
			2272	422
			2273	423
			2273	424
			2274	425
			2274	426
			2275	427
			2275	428
			2276	429
			2276	430
			2277	431
			2277	432
			2278	433
			2278	434
			2279	435
			2279	436
			2280	437
			2280	438
			2281	439
			2281	440
			2282	441
			2282	442
			2283	443
			2283	444
			2283	445
			2284	446
			2284	447
			2285	448
			2285	449
			2286	450
			2286	451
			2286	452
			2287	453
			2287	454
			2288	455
			2288	456
			2288	457
			2289	458
			2289	459
			2290	460
			2290	461
			2290	462
			2291	462
			2291	463
			2292	464
			2292	465
			2292	466
			2293	467
			2293	468
			2293	469
			2294	470
			2294	471
			2294	472
			2295	473
			2295	474
			2296	475
			2296	476
			2296	477
			2297	477
			2297	478
			2297	479
			2298	480
			2298	481
			2298	482
			2299	483
			2299	484
			2299	485
			2300	486
			2300	487
			2300	488
			2301	489
			2301	490
			2302	491
			2302	492
			2302	493
			2303	494
			2303	495
			2303	496
			2304	497
			2304	498
			2304	499
			2304	500
			2305	501
			2305	502
			2305	503
			2306	504
			2306	505
			2306	506
			2307	507
			2307	508
			2307	509
			2308	510
			2308	511
			2308	512
			2309	513
			2309	514
			2309	515
			2310	516
			2310	517
			2310	518
			2310	519
			2311	520
			2311	521
			2311	522
			2312	523
			2312	524
			2312	525
			2312	526
			2313	527
			2313	528
			2313	529
			2314	530
			2314	531
			2314	532
			2314	533
			2315	534
			2315	535
			2315	536
			2316	537
			2316	538
			2316	539
			2316	540
			2317	541
			2317	542
			2317	543
			2317	544
			2318	545
			2318	546
			2318	547
			2318	548
			2319	549
			2319	550
			2319	551
			2319	552
			2319	553
			2320	554
			2320	555
			2320	556
			2320	557
			2321	558
			2321	559
			2321	560
			2321	561
			2322	562
			2322	563
			2322	564
			2322	565
			2322	566
			2322	567
			2322	568
			2322	569
			2322	570
			2322	571
			2322	572
			2322	573
			2322	574
			2322	575
			2322	576
			2322	577
			2322	578
			2322	579
			2322	580
			2322	581
			2322	582
			2322	583
			2322	584
			2322	585
			2322	586
			2322	587
			2322	588
			2322	589
			2322	590
			2322	591
			2322	592
			2322	593
			2322	594
			2321	595
			2321	596
			2321	597
			2321	598
			2321	599
			2321	600
			2321	601
			2321	602
			2321	603
			2321	604
			2321	605
			2321	606
			2321	607
			2321	608
			2321	609
			2321	610
			2321	611
			2321	612
			2321	613
			2321	614
			2321	615
			2321	616
			2320	617
			2320	618
			2320	619
			2320	620
			2320	621
			2320	622
			2320	623
			2320	624
			2320	625
			2320	626
			2320	627
			2320	628
			2320	629
			2320	630
			2319	631
			2319	632
			2319	633
			2319	634
			2319	635
			2319	636
			2319	637
			2319	638
			2319	639
			2319	640
			2319	641
			2318	642
			2318	643
			2318	644
			2318	645
			2318	646
			2318	647
			2318	648
			2318	649
			2318	650
			2318	651
			2318	652
			2317	653
			2317	654
			2317	655
			2317	656
			2317	657
			2317	658
			2317	659
			2317	660
			2317	661
			2316	662
			2316	663
			2316	664
			2316	665
			2316	666
			2316	667
			2316	668
			2316	669
			2315	670
			2315	671
			2315	672
			2315	673
			2315	674
			2315	675
			2315	676
			2314	677
			2314	678
			2314	679
			2314	680
			2314	681
			2314	682
			2314	683
			2313	684
			2313	685
			2313	686
			2313	687
			2313	688
			2313	689
			2312	690
			2312	691
			2312	692
			2312	693
			2312	694
			2312	695
			2311	696
			2311	697
			2311	698
			2311	699
			2311	700
			2311	701
			2310	702
			2310	703
			2310	704
			2310	705
			2310	706
			2310	707
			2309	708
			2309	709
			2309	710
			2309	711
			2309	712
			2308	713
			2308	714
			2308	715
			2308	716
			2308	717
			2307	717
			2307	718
			2307	719
			2307	720
			2307	721
			2307	722
			2306	722
			2306	723
			2306	724
			2306	725
			2306	726
			2305	727
			2305	728
			2305	729
			2305	730
			2305	731
			2304	732
			2304	733
			2304	734
			2304	735
			2303	736
			2303	737
			2303	738
			2303	739
			2302	740
			2302	741
			2302	742
			2302	743
			2302	744
			2301	745
			2301	746
			2301	747
			2301	748
			2300	748
			2300	749
			2300	750
			2300	751
			2299	752
			2299	753
			2299	754
			2299	755
			2298	756
			2298	757
			2298	758
			2298	759
			2297	760
			2297	761
			2297	762
			2296	763
			2296	764
			2296	765
			2295	766
			2295	767
			2295	768
			2295	769
			2294	770
			2294	771
			2294	772
			2293	773
			2293	774
			2293	775
			2292	776
			2292	777
			2292	778
			2292	779
			2291	780
			2291	781
			2291	782
			2290	783
			2290	784
			2290	785
			2289	786
			2289	787
			2289	788
			2288	788
			2288	789
			2288	790
			2287	791
			2287	792
			2287	793
			2287	794
			2286	795
			2286	796
			2286	797
			2285	798
			2285	799
			2285	800
			2284	801
			2284	802
			2283	803
			2283	804
			2283	805
			2282	806
			2282	807
			2281	808
			2281	809
			2281	810
			2280	811
			2280	812
			2279	813
			2279	814
			2279	815
			2278	816
			2278	817
			2278	818
			2277	819
			2277	820
			2276	821
			2276	822
			2276	823
			2275	823
			2275	824
			2274	825
			2274	826
			2274	827
			2273	828
			2273	829
			2273	830
			2272	831
			2272	832
			2271	833
			2271	834
			2270	835
			2270	836
			2269	837
			2269	838
			2269	839
			2268	839
			2268	840
			2268	841
			2267	841
			2267	842
			2267	843
			2266	843
			2266	844
			2266	845
			2265	846
			2265	847
			2264	848
			2264	849
			2263	850
			2263	851
			2263	852
			2262	852
			2262	853
			2261	854
			2261	855
			2260	856
			2260	857
			2259	858
			2259	859
			2258	860
			2258	861
			2257	862
			2257	863
			2256	863
			2256	864
			2256	865
			2255	866
			2255	867
			2254	868
			2254	869
			2253	870
			2253	871
			2252	872
			2251	873
			2251	874
			2250	875
			2250	876
			2249	877
			2248	878
			2248	879
			2247	880
			2247	881
			2246	882
			2246	883
			2245	884
			2244	885
			2244	886
			2243	887
			2243	888
			2242	889
			2241	890
			2241	891
			2240	892
			2239	893
			2239	894
			2238	895
			2237	896
			2237	897
			2236	898
			2236	899
			2235	900
			2234	901
			2234	902
			2233	903
			2233	904
			2232	905
			2231	906
			2231	907
			2230	907
			2230	908
			2229	909
			2228	910
			2228	911
			2227	912
			2227	913
			2226	914
			2225	915
			2224	916
			2223	917
			2223	918
			2222	919
			2222	920
			2221	920
			2221	921
			2220	922
			2219	923
			2218	924
			2218	925
			2217	926
			2216	927
			2216	928
			2215	928
			2215	929
			2214	930
			2214	931
			2213	931
			2212	932
			2212	933
			2211	934
			2210	935
			2209	936
			2209	937
			2208	938
			2207	939
			2207	940
			2206	940
			2205	941
			2204	942
			2204	943
			2203	944
			2202	945
			2202	946
			2201	946
			2200	947
			2199	948
			2199	949
			2198	950
			2197	951
			2197	952
			2196	952
			2195	953
			2194	954
			2194	955
			2193	956
			2192	957
			2191	958
			2190	959
			2189	960
			2188	961
			2187	962
			2186	963
			2185	964
			2184	965
			2183	966
			2183	967
			2182	968
			2181	969
			2180	970
			2179	971
			2178	972
			2177	973
			2176	974
			2175	975
			2174	976
			2173	977
			2172	978
			2171	979
			2170	980
			2169	981
			2168	982
			2167	983
			2166	984
			2165	985
			2164	986
			2163	986
			2162	987
			2161	988
			2160	989
			2159	990
			2158	991
			2157	992
			2156	993
			2155	994
			2154	995
			2153	996
			2152	997
			2151	998
			2150	999
			2149	999
			2148	1000
			2147	1001
			2146	1002
			2145	1003
			2144	1004
			2143	1005
			2142	1006
			2141	1007
			2140	1007
			2139	1008
			2138	1009
			2137	1010
			2136	1010
			2136	1011
			2135	1011
			2134	1012
			2133	1013
			2132	1014
			2131	1015
			2130	1015
			2129	1016
			2128	1017
			2127	1018
			2126	1019
			2125	1019
			2124	1020
			2123	1021
			2122	1021
			2121	1022
			2120	1023
			2119	1024
			2118	1024
			2117	1025
			2116	1026
		</Eye>
	</curves.pixel>
</shapes>

