<shapes type=list>
	<scaling type=logical names=FALSE length=1 as.numeric=FALSE >NA</scaling>
	<landmarks.pixel type=matrix rownames=TRUE colnames=FALSE nrow=11 ncol=2 as.numeric=TRUE >
		LM1Forehead	1701	247
		LM2UJFront	2183	1370
		LM3UJBack	1638	1505
		LM4LacOrb	1631	967
		LM5QJoint	1592	1569
		LM6IOPL	1535	1680
		LM7IOPSOP	513	1633
		LM8A2A1	823	1175
		LM9A1A3	792	797
		LM10TopMuscR	653	579
		LM11TopMuscL	215	520
	</landmarks.pixel>
	<curves.control type=list>
		<Profile type=matrix rownames=FALSE colnames=FALSE nrow=7 ncol=2 as.numeric=TRUE >
			1701	247
			1970	464
			2165	689
			2412	1014
			2404	1214
			2330	1517
			2183	1370
		</Profile>
		<Eye type=matrix rownames=FALSE colnames=FALSE nrow=13 ncol=2 as.numeric=TRUE >
			1631	967
			1428	1118
			1172	1027
			968	940
			929	745
			920	490
			1054	360
			1219	234
			1419	269
			1662	316
			1775	572
			1788	845
			1631	967
		</Eye>
	</curves.control>
	<curves.pixel type=list>
		<Profile type=matrix rownames=FALSE colnames=FALSE nrow=1374 ncol=2 as.numeric=TRUE >
			1701	247
			1702	248
			1703	249
			1704	249
			1705	250
			1706	251
			1707	252
			1708	253
			1709	254
			1710	254
			1711	255
			1712	256
			1713	257
			1714	258
			1715	258
			1716	259
			1717	260
			1718	261
			1719	262
			1720	263
			1721	263
			1722	264
			1723	265
			1724	266
			1725	267
			1726	267
			1727	268
			1728	269
			1729	270
			1730	271
			1731	272
			1732	272
			1733	273
			1734	274
			1735	275
			1736	276
			1737	277
			1738	277
			1739	278
			1740	279
			1741	280
			1742	281
			1743	281
			1744	282
			1745	283
			1746	284
			1747	285
			1748	286
			1749	286
			1750	287
			1751	288
			1752	289
			1753	290
			1754	290
			1755	291
			1756	292
			1757	293
			1758	294
			1759	295
			1760	295
			1761	296
			1762	297
			1763	298
			1764	299
			1765	300
			1766	300
			1767	301
			1768	302
			1769	303
			1770	304
			1771	304
			1772	305
			1773	306
			1774	307
			1775	308
			1776	309
			1777	309
			1778	310
			1779	311
			1780	312
			1781	313
			1781	314
			1782	314
			1783	315
			1784	316
			1785	317
			1786	318
			1787	318
			1788	319
			1789	320
			1790	321
			1791	322
			1792	323
			1793	323
			1794	324
			1795	325
			1796	326
			1797	327
			1798	328
			1799	328
			1800	329
			1801	330
			1802	331
			1803	332
			1804	332
			1805	333
			1806	334
			1807	335
			1808	336
			1809	337
			1810	338
			1811	339
			1812	339
			1812	340
			1813	341
			1814	341
			1815	342
			1816	343
			1817	344
			1818	345
			1819	346
			1820	346
			1821	347
			1821	348
			1822	348
			1823	349
			1824	350
			1825	351
			1826	351
			1826	352
			1827	353
			1828	353
			1829	354
			1830	355
			1830	356
			1831	356
			1832	357
			1833	358
			1834	358
			1835	359
			1835	360
			1836	361
			1837	361
			1838	362
			1839	363
			1840	364
			1841	365
			1842	366
			1843	367
			1844	368
			1845	368
			1846	369
			1847	370
			1848	371
			1849	372
			1850	373
			1851	374
			1852	374
			1853	375
			1854	376
			1855	377
			1856	378
			1857	379
			1858	380
			1859	380
			1860	381
			1861	382
			1862	383
			1862	384
			1863	385
			1864	386
			1865	386
			1866	387
			1867	388
			1868	389
			1869	390
			1870	391
			1871	392
			1872	393
			1873	393
			1874	394
			1875	395
			1876	396
			1877	397
			1878	398
			1879	399
			1880	399
			1881	400
			1882	401
			1883	402
			1883	403
			1884	404
			1885	405
			1886	405
			1887	406
			1888	407
			1889	408
			1890	409
			1891	410
			1892	411
			1893	411
			1894	412
			1895	413
			1896	414
			1897	415
			1898	416
			1899	417
			1900	417
			1900	418
			1901	419
			1902	420
			1903	421
			1904	422
			1905	423
			1906	423
			1907	424
			1908	425
			1909	426
			1910	427
			1911	428
			1912	429
			1913	430
			1914	430
			1915	431
			1915	432
			1916	433
			1917	434
			1918	435
			1919	436
			1920	436
			1921	437
			1922	438
			1923	439
			1924	440
			1925	441
			1926	442
			1927	442
			1927	443
			1928	444
			1929	445
			1930	446
			1931	447
			1932	448
			1933	449
			1934	449
			1935	450
			1936	451
			1937	452
			1938	453
			1939	454
			1939	455
			1940	455
			1941	456
			1942	457
			1943	458
			1944	459
			1945	460
			1946	461
			1947	461
			1948	462
			1949	463
			1949	464
			1950	465
			1951	466
			1952	467
			1953	468
			1954	468
			1955	469
			1956	470
			1957	471
			1958	472
			1959	473
			1959	474
			1960	474
			1961	475
			1962	476
			1963	477
			1964	478
			1965	479
			1966	480
			1967	480
			1968	481
			1968	482
			1969	483
			1970	484
			1971	485
			1972	486
			1973	487
			1974	487
			1975	488
			1976	489
			1976	490
			1977	491
			1978	492
			1979	493
			1980	493
			1981	494
			1982	495
			1983	496
			1984	497
			1984	498
			1985	499
			1986	500
			1987	500
			1988	501
			1989	502
			1990	503
			1991	504
			1992	505
			1992	506
			1993	506
			1994	507
			1995	508
			1996	509
			1997	510
			1998	511
			1999	512
			1999	513
			2000	513
			2001	514
			2002	515
			2003	516
			2004	517
			2005	518
			2006	519
			2006	520
			2007	520
			2008	521
			2009	522
			2010	523
			2011	524
			2012	525
			2013	526
			2014	527
			2015	528
			2016	529
			2017	530
			2018	531
			2019	532
			2020	533
			2021	534
			2022	535
			2023	536
			2024	537
			2025	538
			2026	539
			2027	540
			2028	541
			2029	542
			2030	543
			2031	544
			2031	545
			2032	546
			2033	546
			2034	547
			2035	548
			2036	549
			2037	550
			2038	551
			2039	552
			2039	553
			2040	554
			2041	555
			2042	555
			2043	556
			2044	557
			2045	558
			2046	559
			2046	560
			2047	561
			2048	562
			2049	563
			2050	564
			2051	565
			2052	565
			2053	566
			2053	567
			2054	568
			2055	569
			2056	570
			2057	571
			2058	572
			2059	573
			2060	574
			2061	575
			2062	576
			2063	577
			2064	578
			2065	579
			2066	580
			2067	581
			2068	582
			2068	583
			2069	583
			2070	584
			2071	585
			2071	586
			2072	587
			2073	587
			2074	588
			2074	589
			2075	590
			2076	591
			2077	592
			2078	593
			2079	594
			2080	595
			2081	596
			2082	597
			2083	598
			2083	599
			2084	600
			2085	601
			2086	601
			2087	602
			2088	603
			2089	604
			2090	605
			2090	606
			2091	607
			2092	608
			2093	609
			2094	610
			2095	611
			2096	612
			2097	613
			2097	614
			2098	615
			2099	616
			2100	617
			2101	617
			2102	618
			2103	619
			2104	620
			2104	621
			2105	622
			2106	623
			2107	624
			2108	625
			2109	626
			2110	627
			2110	628
			2111	629
			2112	630
			2113	631
			2114	632
			2115	633
			2116	633
			2116	634
			2117	635
			2118	636
			2119	637
			2120	638
			2121	639
			2122	640
			2122	641
			2123	642
			2124	643
			2125	644
			2126	645
			2127	646
			2128	647
			2128	648
			2129	649
			2130	649
			2131	650
			2132	651
			2133	652
			2134	653
			2134	654
			2135	655
			2136	656
			2137	657
			2138	658
			2139	659
			2139	660
			2140	661
			2141	662
			2142	663
			2143	664
			2144	665
			2144	666
			2145	666
			2146	667
			2147	668
			2148	669
			2149	670
			2149	671
			2150	672
			2151	673
			2152	674
			2153	675
			2154	676
			2154	677
			2155	678
			2156	679
			2157	680
			2158	681
			2159	682
			2159	683
			2160	683
			2161	684
			2162	685
			2163	686
			2164	687
			2164	688
			2165	689
			2166	690
			2166	691
			2167	692
			2168	693
			2169	694
			2170	695
			2170	696
			2171	697
			2172	698
			2173	699
			2173	700
			2174	701
			2175	702
			2176	703
			2176	704
			2177	705
			2178	706
			2178	707
			2179	708
			2180	709
			2181	710
			2181	711
			2182	712
			2183	713
			2184	714
			2184	715
			2185	716
			2186	717
			2186	718
			2187	719
			2188	719
			2189	720
			2189	721
			2190	722
			2191	723
			2191	724
			2192	725
			2193	726
			2193	727
			2194	728
			2195	729
			2196	730
			2196	731
			2197	732
			2198	733
			2198	734
			2199	735
			2200	736
			2200	737
			2201	738
			2202	739
			2202	740
			2203	741
			2204	742
			2205	743
			2206	744
			2206	745
			2207	746
			2208	747
			2208	748
			2209	749
			2210	750
			2211	751
			2211	752
			2212	753
			2213	754
			2214	755
			2214	756
			2215	757
			2216	758
			2216	759
			2217	760
			2218	761
			2218	762
			2219	763
			2220	764
			2220	765
			2221	766
			2222	767
			2222	768
			2223	769
			2224	770
			2224	771
			2225	772
			2226	773
			2226	774
			2227	775
			2228	776
			2228	777
			2229	778
			2230	778
			2230	779
			2231	780
			2232	781
			2232	782
			2233	783
			2234	784
			2234	785
			2235	786
			2236	787
			2236	788
			2237	789
			2238	790
			2238	791
			2239	792
			2240	793
			2240	794
			2241	795
			2242	796
			2242	797
			2243	798
			2243	799
			2244	800
			2245	801
			2246	802
			2246	803
			2247	804
			2248	805
			2248	806
			2249	807
			2249	808
			2250	808
			2250	809
			2251	810
			2252	811
			2252	812
			2253	813
			2254	814
			2254	815
			2255	816
			2256	817
			2256	818
			2257	819
			2257	820
			2258	821
			2259	822
			2259	823
			2260	824
			2261	825
			2261	826
			2262	827
			2262	828
			2263	829
			2264	830
			2264	831
			2265	832
			2266	833
			2266	834
			2267	834
			2267	835
			2268	836
			2269	837
			2269	838
			2270	839
			2270	840
			2271	841
			2272	842
			2272	843
			2273	844
			2273	845
			2274	846
			2275	847
			2275	848
			2276	849
			2276	850
			2277	851
			2278	852
			2278	853
			2279	854
			2279	855
			2280	856
			2281	857
			2281	858
			2282	859
			2283	860
			2284	861
			2284	862
			2284	863
			2285	864
			2285	865
			2286	866
			2287	867
			2288	868
			2288	869
			2289	870
			2289	871
			2290	872
			2290	873
			2291	874
			2292	875
			2292	876
			2293	877
			2293	878
			2294	879
			2294	880
			2295	881
			2296	882
			2296	883
			2297	884
			2297	885
			2298	886
			2298	887
			2299	887
			2299	888
			2300	889
			2301	890
			2301	891
			2302	892
			2302	893
			2303	894
			2303	895
			2304	896
			2304	897
			2305	898
			2305	899
			2306	900
			2306	901
			2307	902
			2308	903
			2308	904
			2309	905
			2309	906
			2310	907
			2311	908
			2311	909
			2311	910
			2312	910
			2312	911
			2313	912
			2313	913
			2314	914
			2314	915
			2315	916
			2316	917
			2316	918
			2317	919
			2317	920
			2318	921
			2318	922
			2319	923
			2319	924
			2320	925
			2320	926
			2321	927
			2321	928
			2322	929
			2322	930
			2323	931
			2323	932
			2324	933
			2324	934
			2325	935
			2325	936
			2326	937
			2327	938
			2327	939
			2327	940
			2328	940
			2328	941
			2328	942
			2329	943
			2330	944
			2330	945
			2331	946
			2331	947
			2331	948
			2332	949
			2333	950
			2333	951
			2334	952
			2334	953
			2335	954
			2335	955
			2336	956
			2336	957
			2337	958
			2337	959
			2338	960
			2338	961
			2338	962
			2339	963
			2339	964
			2340	965
			2340	966
			2341	967
			2341	968
			2342	969
			2342	970
			2343	971
			2343	972
			2344	973
			2344	974
			2345	975
			2345	976
			2346	977
			2346	978
			2346	979
			2347	980
			2348	981
			2348	982
			2348	983
			2349	984
			2349	985
			2350	986
			2350	987
			2351	988
			2351	989
			2352	990
			2352	991
			2352	992
			2353	993
			2353	994
			2354	995
			2354	996
			2355	997
			2355	998
			2355	999
			2356	1000
			2356	1001
			2357	1002
			2357	1003
			2358	1004
			2358	1005
			2358	1006
			2359	1007
			2359	1008
			2360	1009
			2360	1010
			2360	1011
			2361	1012
			2362	1013
			2362	1014
			2362	1015
			2362	1016
			2363	1016
			2363	1017
			2363	1018
			2364	1019
			2364	1020
			2365	1021
			2365	1022
			2365	1023
			2366	1024
			2366	1025
			2367	1026
			2367	1027
			2367	1028
			2368	1029
			2368	1030
			2369	1031
			2369	1032
			2369	1033
			2370	1034
			2370	1035
			2370	1036
			2371	1037
			2371	1038
			2371	1039
			2372	1040
			2372	1041
			2373	1042
			2373	1043
			2373	1044
			2374	1045
			2374	1046
			2374	1047
			2375	1048
			2375	1049
			2375	1050
			2376	1051
			2376	1052
			2376	1053
			2377	1054
			2377	1055
			2377	1056
			2378	1057
			2378	1058
			2378	1059
			2379	1060
			2379	1061
			2380	1062
			2380	1063
			2380	1064
			2380	1065
			2381	1066
			2381	1067
			2381	1068
			2382	1069
			2382	1070
			2382	1071
			2383	1072
			2383	1073
			2383	1074
			2384	1075
			2384	1076
			2384	1077
			2384	1078
			2385	1079
			2385	1080
			2385	1081
			2386	1082
			2386	1083
			2386	1084
			2387	1085
			2387	1086
			2387	1087
			2387	1088
			2388	1089
			2388	1090
			2388	1091
			2388	1092
			2389	1093
			2389	1094
			2389	1095
			2390	1096
			2390	1097
			2390	1098
			2390	1099
			2391	1100
			2391	1101
			2391	1102
			2391	1103
			2392	1104
			2392	1105
			2392	1106
			2392	1107
			2392	1108
			2393	1109
			2393	1110
			2393	1111
			2393	1112
			2394	1113
			2394	1114
			2394	1115
			2394	1116
			2394	1117
			2395	1117
			2395	1118
			2395	1119
			2395	1120
			2395	1121
			2396	1122
			2396	1123
			2396	1124
			2396	1125
			2396	1126
			2397	1127
			2397	1128
			2397	1129
			2397	1130
			2397	1131
			2398	1132
			2398	1133
			2398	1134
			2398	1135
			2398	1136
			2398	1137
			2399	1138
			2399	1139
			2399	1140
			2399	1141
			2399	1142
			2399	1143
			2400	1144
			2400	1145
			2400	1146
			2400	1147
			2400	1148
			2400	1149
			2400	1150
			2401	1151
			2401	1152
			2401	1153
			2401	1154
			2401	1155
			2401	1156
			2401	1157
			2401	1158
			2402	1159
			2402	1160
			2402	1161
			2402	1162
			2402	1163
			2402	1164
			2402	1165
			2402	1166
			2403	1167
			2403	1168
			2403	1169
			2403	1170
			2403	1171
			2403	1172
			2403	1173
			2403	1174
			2403	1175
			2403	1176
			2403	1177
			2403	1178
			2403	1179
			2404	1180
			2404	1181
			2404	1182
			2404	1183
			2404	1184
			2404	1185
			2404	1186
			2404	1187
			2404	1188
			2404	1189
			2404	1190
			2404	1191
			2404	1192
			2404	1193
			2404	1194
			2404	1195
			2404	1196
			2404	1197
			2404	1198
			2404	1199
			2404	1200
			2404	1201
			2404	1202
			2404	1203
			2404	1204
			2404	1205
			2404	1206
			2404	1207
			2404	1208
			2404	1209
			2404	1210
			2404	1211
			2404	1212
			2404	1213
			2404	1214
			2404	1215
			2404	1216
			2403	1217
			2403	1218
			2403	1219
			2402	1220
			2402	1221
			2402	1222
			2402	1223
			2402	1224
			2401	1225
			2401	1226
			2401	1227
			2400	1228
			2400	1229
			2400	1230
			2400	1231
			2399	1232
			2399	1233
			2399	1234
			2399	1235
			2398	1236
			2398	1237
			2398	1238
			2397	1239
			2397	1240
			2397	1241
			2397	1242
			2396	1243
			2396	1244
			2396	1245
			2396	1246
			2395	1247
			2395	1248
			2395	1249
			2394	1250
			2394	1251
			2394	1252
			2394	1253
			2393	1254
			2393	1255
			2393	1256
			2393	1257
			2392	1258
			2392	1259
			2391	1260
			2391	1261
			2391	1262
			2391	1263
			2390	1264
			2390	1265
			2390	1266
			2390	1267
			2389	1268
			2389	1269
			2388	1270
			2388	1271
			2388	1272
			2388	1273
			2387	1274
			2387	1275
			2387	1276
			2386	1276
			2386	1277
			2386	1278
			2386	1279
			2385	1280
			2385	1281
			2385	1282
			2384	1283
			2384	1284
			2384	1285
			2383	1285
			2383	1286
			2383	1287
			2383	1288
			2382	1289
			2382	1290
			2382	1291
			2381	1292
			2381	1293
			2380	1294
			2380	1295
			2380	1296
			2379	1297
			2379	1298
			2378	1299
			2378	1300
			2378	1301
			2377	1302
			2377	1303
			2377	1304
			2376	1305
			2376	1306
			2375	1307
			2375	1308
			2375	1309
			2374	1310
			2374	1311
			2374	1312
			2373	1313
			2373	1314
			2372	1315
			2372	1316
			2372	1317
			2371	1318
			2371	1319
			2371	1320
			2370	1320
			2370	1321
			2369	1322
			2369	1323
			2369	1324
			2368	1325
			2368	1326
			2367	1327
			2367	1328
			2366	1329
			2366	1330
			2365	1331
			2365	1332
			2364	1333
			2364	1334
			2363	1335
			2363	1336
			2362	1337
			2362	1338
			2361	1339
			2361	1340
			2360	1341
			2360	1342
			2360	1343
			2359	1344
			2359	1345
			2358	1346
			2358	1347
			2357	1348
			2357	1349
			2356	1350
			2356	1351
			2355	1352
			2355	1353
			2354	1353
			2354	1354
			2353	1355
			2353	1356
			2352	1357
			2352	1358
			2351	1359
			2350	1360
			2349	1361
			2349	1362
			2348	1363
			2348	1364
			2347	1365
			2346	1366
			2346	1367
			2345	1368
			2345	1369
			2344	1370
			2343	1371
			2343	1372
			2342	1373
			2341	1374
			2340	1375
			2339	1376
			2339	1377
			2338	1378
			2337	1379
			2336	1380
			2336	1381
			2335	1382
			2334	1383
			2333	1384
			2333	1385
			2332	1386
			2331	1387
			2330	1388
			2329	1389
			2328	1390
			2327	1391
			2326	1392
			2325	1393
			2324	1394
			2323	1395
			2322	1396
			2321	1397
			2320	1398
			2319	1399
			2318	1399
			2317	1400
			2316	1401
			2315	1402
			2314	1403
			2313	1403
			2312	1404
			2311	1405
			2310	1405
			2309	1406
			2308	1407
			2307	1407
			2306	1408
			2305	1409
			2304	1409
			2303	1410
			2302	1410
			2301	1411
			2300	1411
			2299	1412
			2298	1412
			2297	1413
			2296	1413
			2295	1414
			2294	1414
			2293	1414
			2292	1415
			2291	1415
			2290	1415
			2289	1416
			2288	1416
			2287	1416
			2286	1416
			2285	1417
			2284	1417
			2283	1417
			2282	1417
			2281	1417
			2280	1417
			2279	1418
			2278	1418
			2277	1418
			2276	1418
			2275	1418
			2274	1418
			2273	1418
			2272	1418
			2271	1418
			2270	1418
			2269	1418
			2268	1418
			2267	1418
			2266	1418
			2265	1418
			2264	1418
			2263	1418
			2262	1417
			2261	1417
			2260	1417
			2259	1417
			2258	1417
			2257	1417
			2256	1416
			2255	1416
			2254	1416
			2253	1416
			2252	1415
			2251	1415
			2250	1415
			2249	1415
			2248	1414
			2247	1414
			2246	1414
			2246	1413
			2245	1413
			2244	1413
			2243	1412
			2242	1412
			2241	1412
			2240	1411
			2239	1411
			2238	1411
			2238	1410
			2237	1410
			2236	1409
			2235	1409
			2234	1409
			2233	1408
			2232	1408
			2231	1407
			2230	1407
			2229	1406
			2228	1405
			2227	1405
			2226	1404
			2225	1404
			2225	1403
			2224	1403
			2223	1403
			2223	1402
			2222	1402
			2221	1401
			2220	1401
			2219	1400
			2218	1399
			2217	1399
			2216	1398
			2215	1398
			2215	1397
			2214	1396
			2213	1396
			2212	1395
			2211	1395
			2211	1394
			2210	1393
			2209	1393
			2208	1392
			2207	1392
			2207	1391
			2206	1390
			2205	1390
			2204	1389
			2203	1388
			2202	1388
			2202	1387
			2201	1386
			2200	1386
			2199	1385
			2198	1384
			2197	1383
			2196	1382
			2195	1381
			2194	1380
			2193	1379
			2192	1378
			2191	1377
			2190	1377
			2189	1376
			2188	1375
			2187	1374
			2186	1373
			2185	1372
			2184	1371
			2183	1370
		</Profile>
		<Eye type=matrix rownames=FALSE colnames=FALSE nrow=2440 ncol=2 as.numeric=TRUE >
			1631	967
			1630	968
			1629	968
			1628	969
			1627	970
			1626	970
			1625	971
			1624	972
			1623	972
			1623	973
			1622	974
			1621	975
			1620	975
			1619	976
			1618	976
			1617	977
			1616	978
			1615	978
			1614	979
			1613	980
			1612	980
			1611	981
			1610	982
			1609	982
			1608	983
			1607	984
			1606	984
			1606	985
			1605	985
			1604	986
			1603	987
			1602	987
			1601	988
			1600	989
			1599	989
			1598	990
			1597	990
			1596	991
			1595	992
			1594	992
			1593	993
			1592	993
			1591	994
			1590	995
			1589	995
			1588	996
			1587	996
			1586	997
			1585	997
			1584	998
			1584	999
			1583	999
			1582	1000
			1581	1000
			1580	1001
			1579	1001
			1578	1002
			1577	1002
			1576	1003
			1575	1004
			1574	1004
			1573	1005
			1572	1005
			1571	1006
			1570	1006
			1569	1007
			1568	1007
			1567	1008
			1566	1008
			1565	1009
			1564	1009
			1563	1010
			1562	1010
			1561	1011
			1560	1011
			1559	1012
			1558	1012
			1557	1013
			1556	1013
			1555	1014
			1554	1014
			1553	1015
			1552	1015
			1551	1016
			1550	1016
			1549	1017
			1548	1017
			1547	1018
			1546	1018
			1545	1019
			1544	1019
			1544	1020
			1543	1020
			1542	1021
			1541	1021
			1540	1022
			1539	1022
			1538	1022
			1537	1023
			1536	1023
			1535	1024
			1534	1024
			1533	1025
			1532	1025
			1531	1025
			1530	1026
			1529	1026
			1528	1027
			1527	1027
			1526	1028
			1525	1028
			1524	1028
			1523	1029
			1522	1029
			1521	1030
			1520	1030
			1519	1030
			1518	1031
			1517	1031
			1516	1032
			1515	1032
			1514	1032
			1513	1033
			1512	1033
			1511	1034
			1510	1034
			1509	1034
			1508	1035
			1507	1035
			1506	1035
			1505	1036
			1504	1036
			1503	1036
			1502	1037
			1501	1037
			1500	1038
			1499	1038
			1498	1038
			1497	1038
			1496	1039
			1495	1039
			1494	1039
			1493	1040
			1492	1040
			1491	1040
			1490	1041
			1489	1041
			1488	1041
			1487	1042
			1486	1042
			1485	1042
			1484	1043
			1483	1043
			1482	1043
			1481	1043
			1480	1044
			1479	1044
			1478	1044
			1477	1045
			1476	1045
			1475	1045
			1474	1045
			1474	1046
			1473	1046
			1472	1046
			1471	1046
			1470	1047
			1469	1047
			1468	1047
			1467	1047
			1466	1048
			1465	1048
			1464	1048
			1463	1048
			1462	1049
			1461	1049
			1460	1049
			1459	1049
			1458	1050
			1457	1050
			1456	1050
			1455	1050
			1454	1051
			1453	1051
			1452	1051
			1451	1051
			1450	1051
			1449	1052
			1448	1052
			1447	1052
			1446	1052
			1445	1052
			1444	1053
			1443	1053
			1442	1053
			1441	1053
			1440	1053
			1439	1054
			1438	1054
			1437	1054
			1436	1054
			1435	1054
			1434	1055
			1433	1055
			1432	1055
			1431	1055
			1430	1055
			1429	1055
			1428	1055
			1427	1056
			1426	1056
			1425	1056
			1424	1056
			1423	1056
			1422	1057
			1421	1057
			1420	1057
			1419	1057
			1418	1057
			1417	1057
			1416	1057
			1415	1057
			1414	1058
			1413	1058
			1412	1058
			1411	1058
			1410	1058
			1409	1058
			1408	1058
			1407	1058
			1406	1059
			1405	1059
			1404	1059
			1403	1059
			1402	1059
			1401	1059
			1400	1059
			1399	1059
			1398	1059
			1397	1059
			1396	1060
			1395	1060
			1394	1060
			1393	1060
			1392	1060
			1391	1060
			1390	1060
			1389	1060
			1388	1060
			1387	1060
			1386	1060
			1385	1060
			1384	1060
			1383	1060
			1383	1061
			1382	1061
			1381	1061
			1380	1061
			1379	1061
			1378	1061
			1377	1061
			1376	1061
			1375	1061
			1374	1061
			1373	1061
			1372	1061
			1371	1061
			1370	1061
			1369	1061
			1368	1061
			1367	1061
			1366	1061
			1365	1061
			1364	1061
			1363	1061
			1362	1061
			1361	1061
			1360	1061
			1359	1061
			1358	1061
			1357	1061
			1356	1061
			1355	1061
			1354	1061
			1353	1061
			1352	1061
			1351	1061
			1350	1061
			1349	1061
			1348	1061
			1347	1061
			1346	1061
			1345	1061
			1344	1061
			1343	1061
			1342	1061
			1341	1061
			1340	1061
			1339	1061
			1338	1061
			1337	1061
			1336	1061
			1335	1061
			1334	1061
			1333	1061
			1332	1061
			1331	1060
			1330	1060
			1329	1060
			1328	1060
			1327	1060
			1326	1060
			1325	1060
			1324	1060
			1323	1060
			1322	1060
			1321	1060
			1320	1060
			1319	1060
			1318	1060
			1317	1060
			1316	1059
			1315	1059
			1314	1059
			1313	1059
			1312	1059
			1311	1059
			1310	1059
			1309	1059
			1308	1059
			1307	1059
			1306	1058
			1305	1058
			1304	1058
			1303	1058
			1302	1058
			1301	1058
			1300	1058
			1299	1058
			1298	1058
			1297	1057
			1296	1057
			1295	1057
			1294	1057
			1293	1057
			1292	1057
			1291	1057
			1290	1057
			1289	1056
			1288	1056
			1287	1056
			1286	1056
			1285	1056
			1284	1056
			1283	1056
			1282	1055
			1281	1055
			1280	1055
			1279	1055
			1278	1055
			1277	1055
			1276	1054
			1275	1054
			1274	1054
			1273	1054
			1272	1054
			1271	1054
			1270	1053
			1269	1053
			1268	1053
			1267	1053
			1266	1053
			1265	1052
			1264	1052
			1263	1052
			1262	1052
			1261	1052
			1260	1051
			1259	1051
			1258	1051
			1257	1051
			1256	1051
			1255	1050
			1254	1050
			1253	1050
			1252	1050
			1251	1050
			1250	1049
			1249	1049
			1248	1049
			1247	1049
			1246	1048
			1245	1048
			1244	1048
			1243	1048
			1242	1047
			1241	1047
			1240	1047
			1239	1047
			1238	1047
			1237	1046
			1236	1046
			1235	1046
			1234	1046
			1233	1045
			1232	1045
			1231	1045
			1230	1045
			1229	1044
			1228	1044
			1227	1044
			1226	1044
			1225	1043
			1224	1043
			1223	1043
			1222	1043
			1221	1042
			1220	1042
			1219	1042
			1218	1042
			1217	1041
			1216	1041
			1215	1041
			1214	1040
			1213	1040
			1212	1040
			1211	1040
			1210	1039
			1209	1039
			1208	1039
			1207	1039
			1207	1038
			1206	1038
			1205	1038
			1204	1037
			1203	1037
			1202	1037
			1201	1037
			1200	1036
			1199	1036
			1198	1036
			1197	1035
			1196	1035
			1195	1035
			1194	1035
			1193	1034
			1192	1034
			1191	1033
			1190	1033
			1189	1033
			1188	1032
			1187	1032
			1186	1032
			1185	1032
			1184	1031
			1183	1031
			1182	1030
			1181	1030
			1180	1030
			1179	1029
			1178	1029
			1177	1029
			1176	1028
			1175	1028
			1174	1028
			1173	1027
			1172	1027
			1171	1027
			1170	1026
			1169	1026
			1168	1025
			1167	1025
			1166	1024
			1165	1024
			1164	1024
			1163	1023
			1162	1023
			1162	1022
			1161	1022
			1160	1022
			1159	1021
			1158	1021
			1157	1020
			1156	1020
			1155	1019
			1154	1019
			1153	1019
			1152	1018
			1151	1017
			1150	1017
			1149	1017
			1148	1016
			1147	1016
			1146	1015
			1145	1015
			1144	1014
			1143	1014
			1142	1013
			1141	1013
			1140	1012
			1139	1012
			1138	1011
			1137	1011
			1136	1010
			1135	1009
			1134	1009
			1133	1008
			1132	1008
			1131	1008
			1131	1007
			1130	1007
			1129	1007
			1129	1006
			1128	1006
			1127	1006
			1127	1005
			1126	1005
			1125	1004
			1124	1004
			1123	1003
			1122	1003
			1121	1002
			1120	1002
			1119	1001
			1118	1000
			1117	1000
			1116	999
			1115	999
			1115	998
			1114	998
			1113	997
			1112	997
			1111	996
			1110	996
			1109	995
			1108	995
			1107	994
			1106	993
			1105	993
			1104	992
			1103	991
			1102	991
			1101	990
			1100	990
			1099	989
			1098	988
			1097	988
			1096	987
			1095	986
			1094	986
			1093	985
			1092	984
			1091	984
			1090	983
			1089	982
			1088	982
			1087	981
			1086	980
			1085	980
			1084	979
			1083	978
			1082	978
			1081	977
			1080	976
			1079	976
			1078	975
			1077	974
			1076	974
			1075	973
			1074	972
			1073	972
			1072	971
			1071	970
			1070	969
			1069	969
			1068	968
			1067	967
			1066	966
			1065	965
			1064	965
			1063	964
			1062	963
			1061	962
			1060	961
			1059	961
			1058	960
			1057	960
			1057	959
			1056	958
			1055	958
			1054	957
			1054	956
			1053	956
			1052	955
			1051	955
			1051	954
			1050	953
			1049	953
			1048	952
			1048	951
			1047	951
			1046	950
			1045	949
			1044	948
			1043	947
			1042	947
			1041	946
			1040	945
			1040	944
			1039	943
			1038	943
			1037	942
			1036	941
			1035	940
			1034	939
			1033	938
			1032	937
			1031	936
			1030	935
			1029	934
			1028	933
			1027	932
			1026	931
			1025	930
			1024	929
			1023	928
			1022	927
			1021	926
			1020	925
			1019	924
			1018	923
			1017	922
			1016	921
			1015	920
			1014	919
			1014	918
			1013	917
			1012	916
			1011	915
			1010	914
			1009	913
			1008	912
			1007	911
			1006	910
			1005	909
			1005	908
			1004	907
			1003	906
			1002	905
			1002	904
			1001	903
			1000	902
			999	901
			999	900
			998	899
			997	898
			996	897
			996	896
			995	895
			994	894
			994	893
			993	892
			992	891
			991	891
			991	890
			990	889
			989	888
			989	887
			988	886
			987	885
			987	884
			986	883
			985	882
			985	881
			984	880
			983	879
			983	878
			982	877
			981	876
			981	875
			980	874
			980	873
			979	872
			978	871
			978	870
			977	869
			976	868
			976	867
			975	866
			975	865
			974	864
			973	863
			973	862
			972	861
			972	860
			971	859
			970	858
			970	857
			969	856
			969	855
			968	854
			968	853
			967	852
			966	851
			966	850
			965	849
			965	848
			964	847
			964	846
			964	845
			963	845
			963	844
			963	843
			962	843
			962	842
			962	841
			961	841
			961	840
			960	839
			960	838
			959	837
			959	836
			959	835
			958	835
			958	834
			958	833
			957	832
			957	831
			956	831
			956	830
			956	829
			955	828
			955	827
			954	826
			954	825
			953	824
			953	823
			953	822
			952	821
			952	820
			951	819
			951	818
			951	817
			950	816
			950	815
			949	814
			949	813
			948	812
			948	811
			948	810
			948	809
			947	809
			947	808
			947	807
			946	807
			946	806
			946	805
			945	804
			945	803
			945	802
			944	801
			944	800
			944	799
			943	798
			943	797
			943	796
			942	795
			942	794
			941	793
			941	792
			941	791
			941	790
			940	789
			940	788
			940	787
			939	786
			939	785
			939	784
			938	783
			938	782
			938	781
			938	780
			937	779
			937	778
			937	777
			937	776
			936	775
			936	774
			936	773
			935	772
			935	771
			935	770
			934	769
			934	768
			934	767
			934	766
			933	765
			933	764
			933	763
			933	762
			932	761
			932	760
			932	759
			932	758
			932	757
			931	756
			931	755
			931	754
			931	753
			930	752
			930	751
			930	750
			930	749
			930	748
			929	747
			929	746
			929	745
			929	744
			929	743
			929	742
			929	741
			929	740
			929	739
			929	738
			929	737
			929	736
			929	735
			929	734
			929	733
			929	732
			929	731
			929	730
			929	729
			929	728
			929	727
			929	726
			929	725
			928	724
			928	723
			928	722
			928	721
			928	720
			928	719
			928	718
			928	717
			928	716
			928	715
			928	714
			928	713
			928	712
			928	711
			928	710
			928	709
			928	708
			928	707
			928	706
			928	705
			928	704
			929	703
			929	702
			929	701
			929	700
			929	699
			929	698
			929	697
			929	696
			929	695
			929	694
			929	693
			929	692
			929	691
			929	690
			929	689
			929	688
			929	687
			929	686
			929	685
			929	684
			929	683
			929	682
			929	681
			929	680
			929	679
			929	678
			929	677
			929	676
			929	675
			929	674
			929	673
			929	672
			930	671
			930	670
			930	669
			930	668
			930	667
			930	666
			930	665
			930	664
			930	663
			930	662
			930	661
			930	660
			930	659
			930	658
			930	657
			930	656
			931	655
			931	654
			931	653
			931	652
			931	651
			931	650
			931	649
			931	648
			931	647
			931	646
			931	645
			931	644
			932	643
			932	642
			932	641
			932	640
			932	639
			932	638
			932	637
			932	636
			932	635
			932	634
			933	633
			933	632
			933	631
			933	630
			933	629
			933	628
			933	627
			933	626
			934	625
			934	624
			934	623
			934	622
			934	621
			934	620
			934	619
			934	618
			935	617
			935	616
			935	615
			935	614
			935	613
			935	612
			935	611
			935	610
			936	609
			936	608
			936	607
			936	606
			936	605
			936	604
			936	603
			937	602
			937	601
			937	600
			937	599
			937	598
			937	597
			938	597
			938	596
			938	595
			938	594
			938	593
			938	592
			939	591
			939	590
			939	589
			939	588
			939	587
			939	586
			940	585
			940	584
			940	583
			940	582
			940	581
			941	580
			941	579
			941	578
			941	577
			941	576
			942	575
			942	574
			942	573
			942	572
			942	571
			943	571
			943	570
			943	569
			943	568
			943	567
			944	566
			944	565
			944	564
			944	563
			944	562
			945	561
			945	560
			945	559
			945	558
			946	557
			946	556
			946	555
			946	554
			947	553
			947	552
			947	551
			947	550
			948	549
			948	548
			948	547
			948	546
			949	545
			949	544
			949	543
			950	542
			950	541
			950	540
			950	539
			951	538
			951	537
			951	536
			951	535
			952	534
			952	533
			953	532
			953	531
			953	530
			953	529
			954	528
			954	527
			954	526
			954	525
			955	524
			955	523
			956	522
			956	521
			956	520
			956	519
			957	518
			957	517
			957	516
			958	515
			958	514
			958	513
			959	513
			959	512
			959	511
			960	510
			960	509
			960	508
			961	507
			961	506
			961	505
			962	504
			962	503
			962	502
			963	501
			963	500
			964	499
			964	498
			964	497
			965	497
			965	496
			965	495
			966	494
			966	493
			966	492
			967	491
			967	490
			968	489
			968	488
			968	487
			969	486
			969	485
			970	484
			970	483
			970	482
			971	481
			972	480
			972	479
			972	478
			973	477
			973	476
			974	475
			974	474
			975	473
			975	472
			976	471
			976	470
			976	469
			977	468
			977	467
			978	466
			978	465
			979	464
			979	463
			980	462
			981	461
			981	460
			981	459
			982	458
			982	457
			983	456
			983	455
			984	454
			984	453
			985	453
			985	452
			986	451
			986	450
			987	449
			987	448
			988	447
			988	446
			989	445
			989	444
			990	443
			990	442
			991	441
			992	440
			992	439
			993	438
			993	437
			994	436
			995	435
			995	434
			996	433
			996	432
			997	431
			998	430
			998	429
			999	428
			999	427
			1000	426
			1001	425
			1001	424
			1002	424
			1002	423
			1003	422
			1004	421
			1004	420
			1005	419
			1005	418
			1006	417
			1006	416
			1007	416
			1008	415
			1008	414
			1009	413
			1010	412
			1010	411
			1011	410
			1011	409
			1012	409
			1013	408
			1013	407
			1014	406
			1014	405
			1015	404
			1016	403
			1017	402
			1018	401
			1019	400
			1019	399
			1020	398
			1021	397
			1022	396
			1022	395
			1023	394
			1024	393
			1025	392
			1026	391
			1026	390
			1027	389
			1028	388
			1029	387
			1030	386
			1031	385
			1031	384
			1032	383
			1033	382
			1034	381
			1035	380
			1036	379
			1036	378
			1037	377
			1038	376
			1039	375
			1040	375
			1041	374
			1042	373
			1042	372
			1043	371
			1044	370
			1045	369
			1046	368
			1047	367
			1048	366
			1049	365
			1049	364
			1050	364
			1051	363
			1052	362
			1053	361
			1054	360
			1055	359
			1056	358
			1057	357
			1058	357
			1059	356
			1060	356
			1061	355
			1062	354
			1063	353
			1064	352
			1065	352
			1066	351
			1067	351
			1067	350
			1068	350
			1069	349
			1070	348
			1071	348
			1071	347
			1072	347
			1073	346
			1074	346
			1075	345
			1076	344
			1077	343
			1078	343
			1079	342
			1080	341
			1081	341
			1082	340
			1083	339
			1084	339
			1085	338
			1086	337
			1087	337
			1088	336
			1089	335
			1090	335
			1091	334
			1092	333
			1093	333
			1094	332
			1095	332
			1096	331
			1097	330
			1098	330
			1099	329
			1100	328
			1101	328
			1102	327
			1103	327
			1104	326
			1105	325
			1106	325
			1107	324
			1108	324
			1109	323
			1110	322
			1111	322
			1112	321
			1113	321
			1114	320
			1115	320
			1116	319
			1117	318
			1118	318
			1119	317
			1120	317
			1121	316
			1122	316
			1123	315
			1124	315
			1125	314
			1126	313
			1127	313
			1128	312
			1129	312
			1130	311
			1131	311
			1132	310
			1133	310
			1134	309
			1135	309
			1136	308
			1137	308
			1138	307
			1139	307
			1140	306
			1141	306
			1142	305
			1143	305
			1144	305
			1145	304
			1146	303
			1147	303
			1148	303
			1149	302
			1150	302
			1151	301
			1152	301
			1153	300
			1154	300
			1155	300
			1155	299
			1156	299
			1157	298
			1158	298
			1159	298
			1160	297
			1161	297
			1162	296
			1163	296
			1164	296
			1164	295
			1165	295
			1166	295
			1167	294
			1168	294
			1169	293
			1170	293
			1171	293
			1172	292
			1173	292
			1174	291
			1175	291
			1176	290
			1177	290
			1178	290
			1179	289
			1180	289
			1181	289
			1182	288
			1183	288
			1184	288
			1185	287
			1186	287
			1187	287
			1188	286
			1189	286
			1190	286
			1191	285
			1192	285
			1193	285
			1194	284
			1195	284
			1196	283
			1197	283
			1198	283
			1199	282
			1200	282
			1201	282
			1202	282
			1202	281
			1203	281
			1204	281
			1205	281
			1206	280
			1207	280
			1208	280
			1209	279
			1210	279
			1211	279
			1212	278
			1213	278
			1214	278
			1215	278
			1216	277
			1217	277
			1218	277
			1219	277
			1220	276
			1221	276
			1222	276
			1223	275
			1224	275
			1225	275
			1226	275
			1227	274
			1228	274
			1229	274
			1230	274
			1231	273
			1232	273
			1233	273
			1234	273
			1235	273
			1236	272
			1237	272
			1238	272
			1239	272
			1240	271
			1241	271
			1242	271
			1243	271
			1244	271
			1245	270
			1246	270
			1247	270
			1248	270
			1249	269
			1250	269
			1251	269
			1252	269
			1253	269
			1254	269
			1255	268
			1256	268
			1257	268
			1258	268
			1259	268
			1260	267
			1261	267
			1262	267
			1263	267
			1264	267
			1265	267
			1266	266
			1267	266
			1268	266
			1269	266
			1270	266
			1271	266
			1272	266
			1273	265
			1274	265
			1275	265
			1276	265
			1277	265
			1278	265
			1279	265
			1280	265
			1281	265
			1281	264
			1282	264
			1283	264
			1284	264
			1285	264
			1286	264
			1287	264
			1288	264
			1289	264
			1290	263
			1291	263
			1292	263
			1293	263
			1294	263
			1295	263
			1296	263
			1297	263
			1298	263
			1299	263
			1300	263
			1301	263
			1302	263
			1303	262
			1304	262
			1305	262
			1306	262
			1307	262
			1308	262
			1309	262
			1310	262
			1311	262
			1312	262
			1313	262
			1314	262
			1315	262
			1316	262
			1317	262
			1318	262
			1319	262
			1320	262
			1321	262
			1322	262
			1323	262
			1324	261
			1325	261
			1326	261
			1327	261
			1328	261
			1329	261
			1330	261
			1331	261
			1332	261
			1333	261
			1334	261
			1335	261
			1336	261
			1337	261
			1338	261
			1339	261
			1340	261
			1341	261
			1342	261
			1343	261
			1344	261
			1345	262
			1346	262
			1347	262
			1348	262
			1349	262
			1350	262
			1351	262
			1352	262
			1353	262
			1354	262
			1355	262
			1356	262
			1357	262
			1358	262
			1359	262
			1360	262
			1361	262
			1362	262
			1363	262
			1364	262
			1365	262
			1366	263
			1367	263
			1368	263
			1369	263
			1370	263
			1371	263
			1372	263
			1373	263
			1374	263
			1375	263
			1376	263
			1377	263
			1378	263
			1379	264
			1380	264
			1381	264
			1382	264
			1383	264
			1384	264
			1385	264
			1386	264
			1387	264
			1388	265
			1389	265
			1390	265
			1391	265
			1392	265
			1393	265
			1394	265
			1395	265
			1396	265
			1397	266
			1398	266
			1399	266
			1400	266
			1401	266
			1402	266
			1403	266
			1404	267
			1405	267
			1406	267
			1407	267
			1408	267
			1409	267
			1410	267
			1410	268
			1411	268
			1412	268
			1413	268
			1414	268
			1415	268
			1416	269
			1417	269
			1418	269
			1419	269
			1420	269
			1421	269
			1422	270
			1423	270
			1424	270
			1425	270
			1426	270
			1427	271
			1428	271
			1429	271
			1430	271
			1431	271
			1432	272
			1433	272
			1434	272
			1435	272
			1436	273
			1437	273
			1438	273
			1439	273
			1440	273
			1441	274
			1442	274
			1443	274
			1444	274
			1445	275
			1446	275
			1447	275
			1448	275
			1449	276
			1450	276
			1451	276
			1452	277
			1453	277
			1454	277
			1455	277
			1456	278
			1457	278
			1458	278
			1459	278
			1460	279
			1461	279
			1462	279
			1463	280
			1464	280
			1465	280
			1466	280
			1467	281
			1468	281
			1469	281
			1470	282
			1471	282
			1472	282
			1473	282
			1474	283
			1475	283
			1476	283
			1477	284
			1478	284
			1479	284
			1480	285
			1481	285
			1482	285
			1482	286
			1483	286
			1484	286
			1485	287
			1486	287
			1487	287
			1488	288
			1489	288
			1490	288
			1491	289
			1492	289
			1493	289
			1494	290
			1495	290
			1496	290
			1497	291
			1498	291
			1499	292
			1500	292
			1501	292
			1502	293
			1503	293
			1504	293
			1505	294
			1506	294
			1507	294
			1507	295
			1508	295
			1509	295
			1510	296
			1511	296
			1512	297
			1513	297
			1514	297
			1515	298
			1516	298
			1517	299
			1518	299
			1519	299
			1520	300
			1521	300
			1522	301
			1523	301
			1524	302
			1525	302
			1526	303
			1527	303
			1528	304
			1529	304
			1530	304
			1531	305
			1532	305
			1532	306
			1533	306
			1534	306
			1535	307
			1536	307
			1537	308
			1538	308
			1539	309
			1540	309
			1541	310
			1542	310
			1543	311
			1544	311
			1545	312
			1546	312
			1547	313
			1548	313
			1549	314
			1550	315
			1551	315
			1552	316
			1553	316
			1554	317
			1555	317
			1556	318
			1557	318
			1558	319
			1559	319
			1559	320
			1560	320
			1561	320
			1562	321
			1563	321
			1563	322
			1564	322
			1565	323
			1566	323
			1567	324
			1568	324
			1569	325
			1570	326
			1571	326
			1572	327
			1573	327
			1574	328
			1575	328
			1576	329
			1577	330
			1578	331
			1579	331
			1580	332
			1581	332
			1581	333
			1582	333
			1583	334
			1584	334
			1585	335
			1586	336
			1587	336
			1588	337
			1589	337
			1589	338
			1590	338
			1591	339
			1592	339
			1592	340
			1593	340
			1594	341
			1595	342
			1596	342
			1596	343
			1597	343
			1598	344
			1599	344
			1599	345
			1600	345
			1601	346
			1602	346
			1602	347
			1603	348
			1604	348
			1605	349
			1606	350
			1607	350
			1608	351
			1609	352
			1610	352
			1611	353
			1612	354
			1613	355
			1614	356
			1615	357
			1616	357
			1617	358
			1618	359
			1619	360
			1620	360
			1621	361
			1622	362
			1623	363
			1624	364
			1625	364
			1626	365
			1627	366
			1628	367
			1629	367
			1629	368
			1630	369
			1631	370
			1632	371
			1633	371
			1634	372
			1635	373
			1636	374
			1637	374
			1638	375
			1638	376
			1639	377
			1640	378
			1641	378
			1642	379
			1643	380
			1644	381
			1645	382
			1646	383
			1647	384
			1648	385
			1649	386
			1650	387
			1651	388
			1652	389
			1653	389
			1653	390
			1654	391
			1655	391
			1655	392
			1656	392
			1656	393
			1657	394
			1658	394
			1658	395
			1659	396
			1660	397
			1661	398
			1662	399
			1663	400
			1664	401
			1665	402
			1666	403
			1667	404
			1668	405
			1669	406
			1670	407
			1670	408
			1671	409
			1672	410
			1673	410
			1674	411
			1675	412
			1675	413
			1676	414
			1677	415
			1678	416
			1679	417
			1680	418
			1680	419
			1681	420
			1682	421
			1683	422
			1684	423
			1685	424
			1685	425
			1686	426
			1687	427
			1688	428
			1689	429
			1690	430
			1690	431
			1691	432
			1692	433
			1693	434
			1694	435
			1694	436
			1695	437
			1696	438
			1697	439
			1698	440
			1698	441
			1699	442
			1700	443
			1701	444
			1701	445
			1702	446
			1703	447
			1704	448
			1705	449
			1705	450
			1706	451
			1707	452
			1708	453
			1708	454
			1709	455
			1710	456
			1710	457
			1711	457
			1711	458
			1712	459
			1712	460
			1713	461
			1714	462
			1714	463
			1715	464
			1716	464
			1716	465
			1717	466
			1717	467
			1718	468
			1719	469
			1719	470
			1720	471
			1721	472
			1721	473
			1722	474
			1723	475
			1723	476
			1724	477
			1724	478
			1725	479
			1726	480
			1726	481
			1727	482
			1728	483
			1728	484
			1729	485
			1729	486
			1730	487
			1731	488
			1731	489
			1732	490
			1733	491
			1733	492
			1734	493
			1734	494
			1735	495
			1736	496
			1736	497
			1737	498
			1737	499
			1738	500
			1739	501
			1739	502
			1740	503
			1740	504
			1741	505
			1742	506
			1742	507
			1743	508
			1743	509
			1744	510
			1745	511
			1745	512
			1746	513
			1746	514
			1747	515
			1747	516
			1748	517
			1749	518
			1749	519
			1750	520
			1750	521
			1750	522
			1751	522
			1751	523
			1751	524
			1752	524
			1752	525
			1753	526
			1753	527
			1754	528
			1755	529
			1755	530
			1755	531
			1756	532
			1756	533
			1757	533
			1757	534
			1757	535
			1758	536
			1759	537
			1759	538
			1760	539
			1760	540
			1760	541
			1761	542
			1761	543
			1762	544
			1762	545
			1763	546
			1763	547
			1764	548
			1764	549
			1765	550
			1765	551
			1766	552
			1766	553
			1767	554
			1767	555
			1767	556
			1768	557
			1769	558
			1769	559
			1770	560
			1770	561
			1771	562
			1771	563
			1772	564
			1772	565
			1772	566
			1773	567
			1773	568
			1773	569
			1774	569
			1774	570
			1775	571
			1775	572
			1775	573
			1775	574
			1775	575
			1775	576
			1775	577
			1775	578
			1775	579
			1775	580
			1775	581
			1775	582
			1775	583
			1775	584
			1776	585
			1776	586
			1776	587
			1776	588
			1776	589
			1776	590
			1776	591
			1776	592
			1776	593
			1776	594
			1776	595
			1776	596
			1776	597
			1776	598
			1776	599
			1776	600
			1776	601
			1776	602
			1776	603
			1776	604
			1776	605
			1776	606
			1776	607
			1776	608
			1776	609
			1776	610
			1776	611
			1776	612
			1776	613
			1776	614
			1776	615
			1776	616
			1776	617
			1776	618
			1776	619
			1776	620
			1776	621
			1776	622
			1776	623
			1776	624
			1776	625
			1776	626
			1776	627
			1776	628
			1776	629
			1776	630
			1776	631
			1776	632
			1776	633
			1776	634
			1776	635
			1776	636
			1776	637
			1776	638
			1776	639
			1776	640
			1775	641
			1775	642
			1775	643
			1775	644
			1775	645
			1775	646
			1775	647
			1775	648
			1775	649
			1775	650
			1775	651
			1775	652
			1775	653
			1775	654
			1775	655
			1775	656
			1775	657
			1775	658
			1775	659
			1775	660
			1774	661
			1774	662
			1774	663
			1774	664
			1774	665
			1774	666
			1774	667
			1774	668
			1774	669
			1774	670
			1774	671
			1774	672
			1774	673
			1773	674
			1773	675
			1773	676
			1773	677
			1773	678
			1773	679
			1773	680
			1773	681
			1773	682
			1773	683
			1773	684
			1772	685
			1772	686
			1772	687
			1772	688
			1772	689
			1772	690
			1772	691
			1772	692
			1772	693
			1772	694
			1771	695
			1771	696
			1771	697
			1771	698
			1771	699
			1771	700
			1771	701
			1771	702
			1770	702
			1770	703
			1770	704
			1770	705
			1770	706
			1770	707
			1770	708
			1770	709
			1769	710
			1769	711
			1769	712
			1769	713
			1769	714
			1769	715
			1769	716
			1768	717
			1768	718
			1768	719
			1768	720
			1768	721
			1767	722
			1767	723
			1767	724
			1767	725
			1767	726
			1767	727
			1766	728
			1766	729
			1766	730
			1766	731
			1766	732
			1766	733
			1765	734
			1765	735
			1765	736
			1765	737
			1765	738
			1765	739
			1764	739
			1764	740
			1764	741
			1764	742
			1764	743
			1763	744
			1763	745
			1763	746
			1763	747
			1763	748
			1762	749
			1762	750
			1762	751
			1762	752
			1761	753
			1761	754
			1761	755
			1761	756
			1760	757
			1760	758
			1760	759
			1760	760
			1760	761
			1759	761
			1759	762
			1759	763
			1759	764
			1758	765
			1758	766
			1758	767
			1758	768
			1758	769
			1757	770
			1757	771
			1757	772
			1757	773
			1756	773
			1756	774
			1756	775
			1755	776
			1755	777
			1755	778
			1755	779
			1754	780
			1754	781
			1754	782
			1754	783
			1753	783
			1753	784
			1753	785
			1753	786
			1752	787
			1752	788
			1752	789
			1751	790
			1751	791
			1751	792
			1750	793
			1750	794
			1750	795
			1749	796
			1749	797
			1749	798
			1748	799
			1748	800
			1748	801
			1747	802
			1747	803
			1747	804
			1746	804
			1746	805
			1746	806
			1746	807
			1745	807
			1745	808
			1745	809
			1745	810
			1744	810
			1744	811
			1744	812
			1743	813
			1743	814
			1743	815
			1742	816
			1742	817
			1742	818
			1741	819
			1741	820
			1740	821
			1740	822
			1739	823
			1739	824
			1738	825
			1738	826
			1738	827
			1737	828
			1737	829
			1736	830
			1736	831
			1735	832
			1735	833
			1735	834
			1734	835
			1734	836
			1733	837
			1733	838
			1733	839
			1732	839
			1732	840
			1731	841
			1731	842
			1731	843
			1730	844
			1730	845
			1729	845
			1729	846
			1728	847
			1728	848
			1728	849
			1727	850
			1727	851
			1726	851
			1726	852
			1725	853
			1725	854
			1725	855
			1724	856
			1723	857
			1723	858
			1722	859
			1722	860
			1721	861
			1721	862
			1720	863
			1719	864
			1719	865
			1718	866
			1718	867
			1717	868
			1717	869
			1716	870
			1716	871
			1715	872
			1714	873
			1714	874
			1713	875
			1713	876
			1712	877
			1711	878
			1711	879
			1710	880
			1709	881
			1709	882
			1708	883
			1707	884
			1707	885
			1706	886
			1705	887
			1705	888
			1704	889
			1703	890
			1703	891
			1702	892
			1701	893
			1701	894
			1700	895
			1699	896
			1699	897
			1698	898
			1697	899
			1697	900
			1696	901
			1695	901
			1695	902
			1694	903
			1693	904
			1693	905
			1692	906
			1691	907
			1690	908
			1690	909
			1689	910
			1688	910
			1688	911
			1687	912
			1686	913
			1685	914
			1685	915
			1684	916
			1683	917
			1683	918
			1682	918
			1681	919
			1680	920
			1680	921
			1679	922
			1678	923
			1677	924
			1676	925
			1675	926
			1674	927
			1673	928
			1672	929
			1671	930
			1670	931
			1669	932
			1668	933
			1667	934
			1666	935
			1666	936
			1665	937
			1664	938
			1663	939
			1662	940
			1661	941
			1660	942
			1659	943
			1658	944
			1657	945
			1656	946
			1655	947
			1654	948
			1653	949
			1652	950
			1651	951
			1650	951
			1649	952
			1648	953
			1647	954
			1646	955
			1645	956
			1644	956
			1644	957
			1643	957
			1642	958
			1641	959
			1640	960
			1639	961
			1638	962
			1637	962
			1636	963
			1635	963
			1635	964
			1634	965
			1633	965
			1632	966
			1632	967
			1631	967
		</Eye>
	</curves.pixel>
	<ruler.points type=matrix rownames=TRUE colnames=FALSE nrow=2 ncol=2 as.numeric=TRUE >
		Ruler point 1	2	1894
		Ruler point 2	104	1894
	</ruler.points>
</shapes>

