<shapes type=list>
	<scaling type=logical names=FALSE length=1 as.numeric=FALSE >NA</scaling>
	<landmarks.pixel type=matrix rownames=TRUE colnames=FALSE nrow=11 ncol=2 as.numeric=TRUE >
		LM1Forehead	1749	295
		LM2UJFront	2191	1352
		LM3UJBack	1684	1452
		LM4LacOrb	1657	971
		LM5QJoint	1602	1520
		LM6IOPL	1586	1629
		LM7IOPSOP	593	1554
		LM8A2A1	911	1132
		LM9A1A3	855	793
		LM10TopMuscR	777	568
		LM11TopMuscL	347	481
	</landmarks.pixel>
	<curves.control type=list>
		<Profile type=matrix rownames=FALSE colnames=FALSE nrow=7 ncol=2 as.numeric=TRUE >
			1749	295
			1931	468
			2139	702
			2365	1032
			2404	1227
			2330	1465
			2191	1352
		</Profile>
		<Eye type=matrix rownames=FALSE colnames=FALSE nrow=13 ncol=2 as.numeric=TRUE >
			1657	971
			1480	1110
			1228	1019
			1028	932
			1015	706
			1037	407
			1211	355
			1436	243
			1636	386
			1827	503
			1822	702
			1796	888
			1657	971
		</Eye>
	</curves.control>
	<curves.pixel type=list>
		<Profile type=matrix rownames=FALSE colnames=FALSE nrow=1287 ncol=2 as.numeric=TRUE >
			1749	295
			1750	296
			1751	297
			1752	298
			1753	299
			1754	300
			1755	301
			1756	301
			1757	302
			1757	303
			1758	304
			1759	305
			1760	306
			1761	307
			1762	307
			1763	308
			1764	309
			1765	310
			1766	311
			1766	312
			1767	313
			1768	313
			1769	314
			1770	315
			1771	316
			1772	317
			1773	318
			1774	319
			1775	319
			1775	320
			1776	321
			1777	322
			1778	323
			1779	324
			1780	325
			1781	326
			1782	326
			1783	327
			1784	328
			1785	329
			1785	330
			1786	331
			1787	332
			1788	333
			1789	333
			1790	334
			1791	335
			1792	336
			1793	337
			1794	338
			1794	339
			1795	340
			1796	341
			1797	341
			1798	342
			1799	343
			1800	344
			1801	345
			1802	346
			1803	347
			1804	348
			1804	349
			1805	349
			1806	350
			1807	351
			1808	352
			1809	353
			1810	354
			1811	355
			1812	356
			1813	357
			1814	358
			1815	358
			1815	359
			1816	360
			1817	361
			1818	362
			1819	363
			1820	364
			1821	365
			1822	366
			1823	367
			1824	367
			1825	368
			1826	369
			1826	370
			1827	371
			1828	372
			1829	373
			1830	374
			1831	375
			1832	376
			1833	377
			1834	378
			1835	378
			1836	379
			1837	380
			1838	381
			1838	382
			1839	383
			1840	384
			1841	385
			1842	386
			1843	387
			1844	388
			1845	389
			1846	390
			1847	390
			1848	391
			1849	392
			1850	393
			1850	394
			1851	395
			1852	396
			1853	397
			1854	398
			1855	399
			1856	400
			1857	401
			1858	402
			1859	403
			1860	404
			1861	404
			1862	405
			1863	406
			1863	407
			1864	408
			1865	409
			1866	410
			1867	411
			1868	412
			1869	413
			1870	414
			1871	415
			1872	416
			1873	417
			1874	418
			1875	419
			1876	420
			1877	420
			1877	421
			1878	422
			1879	423
			1880	424
			1881	425
			1882	426
			1883	427
			1884	428
			1885	429
			1886	430
			1887	431
			1888	432
			1889	433
			1890	434
			1891	435
			1892	436
			1893	437
			1893	438
			1894	439
			1895	440
			1896	441
			1897	442
			1898	443
			1899	444
			1900	444
			1901	445
			1902	446
			1903	447
			1904	448
			1905	449
			1906	450
			1907	451
			1908	452
			1909	453
			1910	454
			1910	455
			1911	456
			1912	457
			1913	458
			1914	459
			1915	460
			1916	461
			1917	462
			1918	463
			1919	464
			1920	465
			1921	466
			1922	467
			1923	468
			1924	469
			1925	470
			1926	471
			1927	472
			1928	473
			1929	474
			1929	475
			1930	476
			1931	477
			1932	478
			1933	479
			1934	480
			1935	481
			1936	482
			1937	483
			1938	484
			1939	485
			1940	486
			1941	487
			1942	488
			1943	489
			1944	490
			1945	491
			1946	492
			1947	493
			1948	494
			1949	495
			1950	496
			1951	497
			1951	498
			1952	499
			1953	500
			1954	501
			1955	502
			1956	503
			1957	504
			1958	505
			1959	506
			1960	507
			1961	508
			1962	509
			1963	510
			1964	511
			1965	512
			1966	513
			1967	514
			1968	515
			1969	516
			1970	517
			1971	518
			1972	519
			1973	520
			1974	521
			1975	522
			1976	523
			1977	524
			1978	525
			1979	526
			1979	527
			1980	528
			1981	529
			1982	530
			1983	531
			1984	532
			1985	533
			1986	534
			1987	535
			1987	536
			1988	536
			1989	537
			1989	538
			1990	539
			1991	539
			1991	540
			1992	541
			1993	542
			1994	542
			1994	543
			1995	544
			1996	545
			1997	546
			1998	547
			1999	548
			2000	549
			2000	550
			2001	551
			2002	552
			2003	552
			2004	553
			2005	554
			2005	555
			2006	556
			2007	557
			2008	558
			2009	559
			2010	560
			2011	561
			2011	562
			2012	562
			2013	563
			2014	564
			2015	565
			2016	566
			2016	567
			2017	568
			2018	569
			2019	570
			2020	571
			2021	572
			2022	573
			2023	574
			2024	575
			2025	576
			2026	577
			2027	578
			2028	579
			2029	580
			2029	581
			2030	582
			2031	583
			2032	583
			2032	584
			2033	585
			2034	586
			2035	587
			2036	588
			2037	589
			2038	590
			2039	591
			2040	592
			2041	593
			2041	594
			2042	595
			2043	596
			2044	597
			2045	598
			2046	599
			2047	600
			2048	601
			2049	602
			2049	603
			2050	604
			2051	605
			2052	606
			2053	607
			2054	608
			2055	609
			2056	610
			2057	610
			2057	611
			2058	612
			2059	613
			2060	614
			2061	615
			2062	616
			2063	617
			2064	618
			2065	619
			2065	620
			2066	621
			2067	622
			2068	623
			2069	624
			2070	625
			2071	626
			2072	627
			2073	628
			2073	629
			2074	630
			2075	631
			2076	632
			2077	633
			2078	634
			2079	635
			2080	636
			2081	637
			2082	638
			2082	639
			2083	640
			2084	641
			2085	642
			2086	643
			2087	644
			2088	645
			2089	646
			2090	647
			2091	648
			2091	649
			2092	650
			2093	651
			2094	652
			2095	653
			2096	654
			2097	655
			2098	656
			2099	657
			2100	658
			2100	659
			2101	660
			2102	661
			2103	662
			2104	663
			2105	664
			2106	665
			2107	666
			2108	667
			2109	668
			2110	669
			2110	670
			2111	671
			2112	672
			2113	673
			2114	674
			2115	675
			2116	676
			2117	677
			2118	678
			2119	679
			2119	680
			2120	681
			2121	682
			2122	683
			2123	684
			2124	685
			2125	686
			2126	687
			2127	688
			2128	689
			2129	690
			2129	691
			2130	692
			2131	693
			2132	694
			2133	695
			2134	696
			2135	697
			2136	698
			2136	699
			2137	700
			2138	700
			2138	701
			2139	702
			2140	703
			2140	704
			2141	705
			2142	706
			2143	707
			2143	708
			2144	709
			2145	710
			2145	711
			2146	712
			2147	713
			2147	714
			2148	715
			2149	716
			2150	717
			2150	718
			2151	719
			2151	720
			2152	720
			2152	721
			2153	722
			2153	723
			2154	723
			2154	724
			2155	725
			2155	726
			2156	726
			2156	727
			2157	728
			2157	729
			2158	729
			2158	730
			2159	731
			2159	732
			2160	732
			2160	733
			2161	734
			2162	735
			2162	736
			2163	737
			2163	738
			2164	739
			2164	740
			2165	741
			2166	741
			2166	742
			2167	743
			2167	744
			2168	745
			2169	746
			2169	747
			2170	748
			2171	749
			2172	750
			2172	751
			2173	752
			2174	753
			2174	754
			2174	755
			2175	755
			2175	756
			2176	757
			2177	758
			2177	759
			2178	760
			2179	761
			2179	762
			2180	763
			2181	764
			2181	765
			2182	766
			2182	767
			2183	768
			2184	769
			2184	770
			2185	770
			2185	771
			2186	772
			2187	773
			2187	774
			2188	775
			2188	776
			2189	777
			2189	778
			2190	778
			2191	779
			2191	780
			2192	781
			2192	782
			2193	783
			2193	784
			2194	785
			2195	786
			2196	787
			2196	788
			2197	789
			2198	790
			2198	791
			2199	792
			2199	793
			2200	794
			2201	795
			2201	796
			2202	797
			2203	798
			2203	799
			2204	800
			2204	801
			2205	802
			2206	803
			2206	804
			2207	804
			2207	805
			2208	806
			2208	807
			2209	808
			2210	809
			2210	810
			2211	811
			2211	812
			2212	813
			2213	814
			2214	815
			2214	816
			2215	817
			2215	818
			2216	819
			2217	820
			2217	821
			2218	822
			2219	823
			2219	824
			2220	825
			2220	826
			2221	827
			2221	828
			2222	829
			2223	830
			2223	831
			2224	832
			2225	833
			2226	834
			2226	835
			2226	836
			2227	836
			2227	837
			2228	838
			2228	839
			2229	840
			2230	841
			2230	842
			2231	843
			2231	844
			2232	844
			2232	845
			2233	846
			2233	847
			2234	847
			2234	848
			2235	849
			2235	850
			2235	851
			2236	851
			2236	852
			2237	853
			2237	854
			2238	855
			2239	856
			2239	857
			2240	858
			2241	859
			2241	860
			2242	861
			2242	862
			2243	863
			2243	864
			2244	865
			2245	866
			2246	867
			2246	868
			2246	869
			2247	869
			2247	870
			2248	871
			2248	872
			2249	873
			2250	874
			2250	875
			2251	876
			2251	877
			2252	878
			2252	879
			2253	879
			2253	880
			2254	881
			2254	882
			2255	883
			2256	884
			2256	885
			2257	886
			2257	887
			2258	888
			2258	889
			2259	890
			2260	891
			2260	892
			2261	893
			2261	894
			2262	895
			2262	896
			2263	897
			2264	898
			2264	899
			2265	900
			2266	901
			2266	902
			2267	903
			2267	904
			2268	905
			2268	906
			2269	907
			2270	908
			2270	909
			2271	910
			2271	911
			2272	912
			2272	913
			2273	914
			2273	915
			2274	916
			2274	917
			2275	918
			2276	919
			2276	920
			2277	921
			2277	922
			2278	923
			2279	924
			2279	925
			2280	926
			2280	927
			2281	928
			2281	929
			2282	930
			2282	931
			2283	932
			2283	933
			2284	933
			2284	934
			2285	935
			2285	936
			2286	937
			2286	938
			2287	939
			2288	940
			2288	941
			2289	942
			2289	943
			2290	944
			2290	945
			2291	946
			2291	947
			2292	948
			2292	949
			2293	950
			2293	951
			2294	952
			2294	953
			2295	954
			2295	955
			2296	956
			2297	957
			2297	958
			2298	959
			2298	960
			2299	960
			2299	961
			2300	962
			2300	963
			2301	964
			2301	965
			2302	966
			2302	967
			2303	968
			2303	969
			2304	970
			2304	971
			2305	972
			2305	973
			2306	974
			2306	975
			2307	976
			2307	977
			2308	978
			2308	979
			2309	979
			2309	980
			2310	981
			2310	982
			2311	983
			2311	984
			2312	985
			2312	986
			2312	987
			2313	988
			2313	989
			2314	990
			2314	991
			2315	992
			2315	993
			2316	993
			2316	994
			2317	995
			2317	996
			2318	997
			2318	998
			2319	999
			2319	1000
			2320	1001
			2320	1002
			2320	1003
			2321	1004
			2321	1005
			2322	1005
			2322	1006
			2323	1007
			2323	1008
			2324	1009
			2324	1010
			2325	1011
			2325	1012
			2325	1013
			2326	1014
			2326	1015
			2327	1016
			2328	1017
			2328	1018
			2329	1019
			2329	1020
			2329	1021
			2330	1021
			2330	1022
			2330	1023
			2331	1023
			2331	1024
			2331	1025
			2332	1025
			2332	1026
			2332	1027
			2333	1027
			2333	1028
			2333	1029
			2334	1030
			2334	1031
			2335	1032
			2335	1033
			2336	1034
			2336	1035
			2336	1036
			2337	1036
			2337	1037
			2338	1038
			2338	1039
			2339	1040
			2339	1041
			2339	1042
			2340	1043
			2340	1044
			2341	1045
			2341	1046
			2342	1047
			2342	1048
			2343	1049
			2343	1050
			2343	1051
			2344	1051
			2344	1052
			2344	1053
			2345	1053
			2345	1054
			2345	1055
			2346	1055
			2346	1056
			2346	1057
			2347	1058
			2347	1059
			2348	1060
			2348	1061
			2349	1062
			2349	1063
			2349	1064
			2350	1064
			2350	1065
			2350	1066
			2351	1067
			2351	1068
			2352	1069
			2352	1070
			2352	1071
			2353	1072
			2353	1073
			2354	1074
			2354	1075
			2354	1076
			2355	1076
			2355	1077
			2356	1078
			2356	1079
			2356	1080
			2357	1081
			2357	1082
			2358	1083
			2358	1084
			2358	1085
			2359	1086
			2359	1087
			2360	1088
			2360	1089
			2360	1090
			2361	1090
			2361	1091
			2361	1092
			2362	1092
			2362	1093
			2362	1094
			2363	1095
			2363	1096
			2364	1097
			2364	1098
			2364	1099
			2365	1100
			2365	1101
			2365	1102
			2366	1103
			2366	1104
			2367	1105
			2367	1106
			2367	1107
			2368	1108
			2368	1109
			2369	1110
			2369	1111
			2369	1112
			2370	1113
			2370	1114
			2370	1115
			2371	1116
			2371	1117
			2372	1118
			2372	1119
			2372	1120
			2373	1121
			2373	1122
			2373	1123
			2374	1124
			2374	1125
			2375	1126
			2375	1127
			2376	1128
			2376	1129
			2376	1130
			2376	1131
			2377	1131
			2377	1132
			2377	1133
			2378	1134
			2378	1135
			2378	1136
			2379	1137
			2379	1138
			2379	1139
			2380	1140
			2380	1141
			2380	1142
			2381	1143
			2381	1144
			2381	1145
			2382	1146
			2382	1147
			2382	1148
			2383	1149
			2383	1150
			2383	1151
			2384	1152
			2384	1153
			2385	1154
			2385	1155
			2385	1156
			2385	1157
			2386	1158
			2386	1159
			2386	1160
			2387	1161
			2387	1162
			2387	1163
			2388	1164
			2388	1165
			2388	1166
			2388	1167
			2389	1168
			2389	1169
			2389	1170
			2390	1170
			2390	1171
			2390	1172
			2390	1173
			2391	1174
			2391	1175
			2391	1176
			2392	1177
			2392	1178
			2392	1179
			2392	1180
			2393	1181
			2393	1182
			2393	1183
			2394	1184
			2394	1185
			2394	1186
			2394	1187
			2395	1187
			2395	1188
			2395	1189
			2395	1190
			2396	1191
			2396	1192
			2396	1193
			2396	1194
			2397	1195
			2397	1196
			2397	1197
			2397	1198
			2398	1199
			2398	1200
			2398	1201
			2398	1202
			2399	1203
			2399	1204
			2399	1205
			2399	1206
			2400	1207
			2400	1208
			2400	1209
			2400	1210
			2401	1211
			2401	1212
			2401	1213
			2401	1214
			2401	1215
			2402	1216
			2402	1217
			2402	1218
			2402	1219
			2403	1220
			2403	1221
			2403	1222
			2403	1223
			2403	1224
			2404	1225
			2404	1226
			2404	1227
			2404	1228
			2403	1229
			2403	1230
			2403	1231
			2402	1232
			2402	1233
			2402	1234
			2402	1235
			2401	1236
			2401	1237
			2401	1238
			2400	1238
			2400	1239
			2400	1240
			2399	1241
			2399	1242
			2399	1243
			2398	1244
			2398	1245
			2398	1246
			2398	1247
			2397	1248
			2397	1249
			2396	1250
			2396	1251
			2396	1252
			2395	1253
			2395	1254
			2395	1255
			2394	1256
			2394	1257
			2394	1258
			2393	1259
			2393	1260
			2392	1261
			2392	1262
			2392	1263
			2391	1264
			2391	1265
			2390	1266
			2390	1267
			2390	1268
			2389	1269
			2389	1270
			2389	1271
			2388	1271
			2388	1272
			2388	1273
			2387	1274
			2387	1275
			2386	1276
			2386	1277
			2386	1278
			2385	1279
			2385	1280
			2385	1281
			2384	1282
			2384	1283
			2383	1284
			2383	1285
			2382	1286
			2382	1287
			2381	1288
			2381	1289
			2381	1290
			2380	1291
			2380	1292
			2379	1293
			2379	1294
			2378	1295
			2378	1296
			2377	1297
			2377	1298
			2377	1299
			2376	1300
			2376	1301
			2375	1301
			2375	1302
			2374	1303
			2374	1304
			2373	1305
			2373	1306
			2372	1307
			2372	1308
			2372	1309
			2371	1309
			2371	1310
			2370	1311
			2370	1312
			2369	1313
			2369	1314
			2368	1315
			2367	1316
			2367	1317
			2366	1318
			2366	1319
			2365	1320
			2365	1321
			2364	1322
			2363	1323
			2363	1324
			2362	1325
			2362	1326
			2361	1327
			2361	1328
			2360	1329
			2359	1330
			2359	1331
			2358	1331
			2358	1332
			2357	1333
			2357	1334
			2356	1335
			2355	1336
			2355	1337
			2354	1337
			2354	1338
			2353	1339
			2353	1340
			2352	1341
			2351	1342
			2350	1343
			2349	1344
			2349	1345
			2348	1346
			2347	1347
			2347	1348
			2346	1349
			2345	1350
			2344	1350
			2344	1351
			2343	1352
			2342	1353
			2341	1354
			2341	1355
			2340	1356
			2339	1356
			2338	1357
			2338	1358
			2337	1359
			2336	1359
			2335	1360
			2335	1361
			2334	1362
			2333	1362
			2332	1363
			2332	1364
			2331	1365
			2330	1365
			2329	1366
			2329	1367
			2328	1367
			2327	1368
			2326	1368
			2326	1369
			2325	1370
			2324	1370
			2323	1371
			2322	1372
			2321	1373
			2320	1373
			2319	1374
			2318	1375
			2317	1375
			2316	1376
			2315	1376
			2314	1377
			2313	1378
			2312	1378
			2311	1379
			2310	1379
			2309	1380
			2308	1380
			2307	1381
			2306	1381
			2305	1382
			2304	1382
			2303	1382
			2302	1383
			2301	1383
			2300	1384
			2299	1384
			2298	1384
			2297	1385
			2296	1385
			2295	1385
			2294	1386
			2293	1386
			2292	1386
			2291	1386
			2290	1387
			2289	1387
			2288	1387
			2287	1387
			2286	1387
			2285	1388
			2284	1388
			2283	1388
			2282	1388
			2281	1388
			2280	1388
			2279	1388
			2278	1388
			2277	1388
			2276	1388
			2275	1388
			2274	1388
			2273	1388
			2272	1388
			2271	1388
			2270	1388
			2269	1388
			2268	1388
			2267	1388
			2266	1388
			2265	1388
			2264	1388
			2263	1388
			2262	1388
			2261	1387
			2260	1387
			2259	1387
			2258	1387
			2257	1387
			2256	1387
			2255	1386
			2254	1386
			2253	1386
			2252	1386
			2251	1385
			2250	1385
			2249	1385
			2248	1384
			2247	1384
			2246	1384
			2245	1384
			2245	1383
			2244	1383
			2243	1383
			2242	1382
			2241	1382
			2240	1382
			2239	1381
			2238	1381
			2237	1380
			2236	1380
			2235	1380
			2234	1379
			2233	1379
			2232	1378
			2231	1378
			2230	1378
			2230	1377
			2229	1377
			2228	1377
			2228	1376
			2227	1376
			2226	1376
			2226	1375
			2225	1375
			2224	1374
			2223	1374
			2222	1373
			2221	1373
			2220	1372
			2219	1371
			2218	1371
			2217	1370
			2216	1370
			2215	1369
			2214	1369
			2213	1368
			2212	1367
			2211	1367
			2210	1366
			2209	1366
			2208	1365
			2208	1364
			2207	1364
			2206	1363
			2205	1362
			2204	1362
			2203	1361
			2202	1360
			2201	1360
			2200	1359
			2199	1358
			2198	1358
			2197	1357
			2196	1356
			2195	1355
			2194	1355
			2193	1354
			2192	1353
			2191	1352
		</Profile>
		<Eye type=matrix rownames=FALSE colnames=FALSE nrow=2312 ncol=2 as.numeric=TRUE >
			1657	971
			1656	972
			1655	972
			1654	973
			1654	974
			1653	974
			1652	975
			1651	976
			1650	976
			1649	977
			1648	978
			1647	978
			1647	979
			1646	980
			1645	980
			1644	981
			1643	982
			1642	982
			1641	983
			1640	983
			1639	984
			1639	985
			1638	985
			1637	986
			1636	987
			1635	987
			1634	988
			1633	988
			1632	989
			1631	990
			1630	991
			1629	992
			1628	992
			1627	992
			1627	993
			1626	993
			1625	994
			1624	994
			1623	995
			1622	996
			1621	996
			1620	997
			1619	998
			1618	998
			1617	999
			1616	1000
			1615	1000
			1614	1001
			1613	1001
			1612	1002
			1611	1002
			1610	1003
			1609	1003
			1608	1004
			1607	1005
			1606	1006
			1605	1006
			1604	1006
			1603	1007
			1602	1008
			1601	1008
			1600	1009
			1599	1009
			1598	1010
			1597	1010
			1597	1011
			1596	1011
			1595	1011
			1594	1012
			1593	1012
			1592	1013
			1591	1014
			1590	1014
			1589	1015
			1588	1015
			1587	1016
			1586	1016
			1585	1017
			1584	1017
			1583	1018
			1582	1018
			1581	1019
			1580	1019
			1579	1020
			1578	1020
			1577	1021
			1576	1021
			1575	1021
			1574	1022
			1573	1022
			1572	1022
			1572	1023
			1571	1023
			1570	1023
			1570	1024
			1569	1024
			1568	1024
			1567	1025
			1566	1025
			1565	1026
			1564	1026
			1563	1027
			1562	1027
			1561	1027
			1560	1028
			1559	1028
			1558	1028
			1557	1029
			1556	1029
			1555	1030
			1554	1030
			1553	1030
			1552	1031
			1551	1031
			1550	1032
			1549	1032
			1548	1032
			1547	1033
			1546	1033
			1545	1033
			1544	1034
			1543	1034
			1542	1034
			1541	1035
			1540	1035
			1539	1035
			1538	1036
			1537	1036
			1536	1036
			1535	1037
			1534	1037
			1533	1037
			1532	1038
			1531	1038
			1530	1038
			1529	1039
			1528	1039
			1527	1039
			1526	1040
			1525	1040
			1524	1040
			1523	1040
			1522	1041
			1521	1041
			1520	1041
			1519	1042
			1518	1042
			1517	1042
			1516	1042
			1515	1043
			1514	1043
			1513	1043
			1512	1043
			1511	1044
			1510	1044
			1509	1044
			1508	1044
			1507	1045
			1506	1045
			1505	1045
			1504	1045
			1503	1046
			1502	1046
			1501	1046
			1500	1046
			1499	1046
			1498	1047
			1497	1047
			1496	1047
			1495	1047
			1494	1047
			1493	1048
			1492	1048
			1491	1048
			1490	1048
			1489	1048
			1488	1048
			1488	1049
			1487	1049
			1486	1049
			1485	1049
			1484	1049
			1483	1049
			1482	1050
			1481	1050
			1480	1050
			1479	1050
			1478	1050
			1477	1050
			1476	1051
			1475	1051
			1474	1051
			1473	1051
			1472	1051
			1471	1051
			1470	1051
			1469	1052
			1468	1052
			1467	1052
			1466	1052
			1465	1052
			1464	1052
			1463	1052
			1462	1052
			1461	1053
			1460	1053
			1459	1053
			1458	1053
			1457	1053
			1456	1053
			1455	1053
			1454	1053
			1453	1053
			1452	1053
			1451	1054
			1450	1054
			1449	1054
			1448	1054
			1447	1054
			1446	1054
			1445	1054
			1444	1054
			1443	1054
			1442	1054
			1441	1054
			1440	1054
			1439	1054
			1438	1054
			1437	1054
			1436	1055
			1435	1055
			1434	1055
			1433	1055
			1432	1055
			1431	1055
			1430	1055
			1429	1055
			1428	1055
			1427	1055
			1426	1055
			1425	1055
			1424	1055
			1423	1055
			1422	1055
			1421	1055
			1420	1055
			1419	1055
			1418	1055
			1417	1055
			1416	1055
			1415	1055
			1414	1055
			1413	1055
			1412	1055
			1411	1055
			1410	1055
			1409	1055
			1408	1055
			1407	1055
			1406	1055
			1405	1055
			1404	1055
			1403	1055
			1402	1055
			1401	1055
			1400	1055
			1399	1055
			1398	1055
			1397	1055
			1396	1055
			1395	1055
			1394	1054
			1393	1054
			1392	1054
			1391	1054
			1390	1054
			1389	1054
			1388	1054
			1387	1054
			1386	1054
			1385	1054
			1384	1054
			1383	1054
			1382	1054
			1381	1054
			1380	1054
			1379	1053
			1378	1053
			1377	1053
			1376	1053
			1375	1053
			1374	1053
			1373	1053
			1372	1053
			1371	1053
			1370	1053
			1369	1053
			1368	1052
			1367	1052
			1366	1052
			1365	1052
			1364	1052
			1363	1052
			1362	1052
			1361	1052
			1360	1052
			1359	1051
			1358	1051
			1357	1051
			1356	1051
			1355	1051
			1354	1051
			1353	1051
			1352	1050
			1351	1050
			1350	1050
			1349	1050
			1348	1050
			1347	1050
			1346	1050
			1345	1049
			1344	1049
			1343	1049
			1342	1049
			1341	1049
			1340	1049
			1339	1049
			1338	1048
			1337	1048
			1336	1048
			1335	1048
			1334	1048
			1333	1048
			1332	1047
			1331	1047
			1330	1047
			1329	1047
			1328	1047
			1327	1046
			1326	1046
			1325	1046
			1324	1046
			1323	1046
			1322	1045
			1321	1045
			1320	1045
			1319	1045
			1318	1045
			1317	1044
			1316	1044
			1315	1044
			1314	1044
			1313	1044
			1312	1043
			1311	1043
			1310	1043
			1309	1043
			1308	1043
			1307	1042
			1306	1042
			1305	1042
			1304	1042
			1303	1041
			1302	1041
			1301	1041
			1300	1041
			1299	1040
			1298	1040
			1297	1040
			1296	1040
			1295	1039
			1294	1039
			1293	1039
			1292	1039
			1291	1038
			1290	1038
			1289	1038
			1288	1038
			1287	1037
			1286	1037
			1285	1037
			1284	1037
			1283	1036
			1282	1036
			1281	1036
			1280	1036
			1280	1035
			1279	1035
			1278	1035
			1277	1035
			1276	1034
			1275	1034
			1274	1034
			1273	1034
			1272	1033
			1271	1033
			1270	1033
			1269	1032
			1268	1032
			1267	1032
			1266	1032
			1265	1031
			1264	1031
			1263	1031
			1262	1030
			1261	1030
			1260	1030
			1259	1029
			1258	1029
			1257	1029
			1256	1029
			1255	1028
			1254	1028
			1253	1028
			1252	1027
			1251	1027
			1250	1027
			1250	1026
			1249	1026
			1248	1026
			1247	1025
			1246	1025
			1245	1025
			1244	1025
			1243	1024
			1242	1024
			1241	1024
			1240	1023
			1239	1023
			1238	1023
			1237	1022
			1236	1022
			1235	1022
			1234	1021
			1233	1021
			1232	1021
			1232	1020
			1231	1020
			1230	1020
			1229	1019
			1228	1019
			1227	1019
			1226	1018
			1225	1018
			1224	1017
			1223	1017
			1222	1016
			1221	1016
			1220	1016
			1219	1015
			1218	1015
			1218	1014
			1217	1014
			1216	1013
			1215	1013
			1214	1013
			1213	1012
			1212	1012
			1211	1011
			1210	1011
			1209	1010
			1208	1010
			1207	1009
			1206	1009
			1205	1008
			1204	1007
			1203	1007
			1202	1007
			1201	1006
			1200	1006
			1199	1005
			1198	1005
			1197	1004
			1196	1004
			1196	1003
			1195	1003
			1194	1003
			1194	1002
			1193	1002
			1192	1001
			1191	1001
			1190	1000
			1189	999
			1188	999
			1187	999
			1186	998
			1185	998
			1184	997
			1183	997
			1183	996
			1182	996
			1181	995
			1180	995
			1179	994
			1178	994
			1178	993
			1177	993
			1176	992
			1175	992
			1174	991
			1173	990
			1172	990
			1171	989
			1170	988
			1169	988
			1168	987
			1167	986
			1166	986
			1165	985
			1164	985
			1163	984
			1162	983
			1161	983
			1160	982
			1159	981
			1158	981
			1158	980
			1157	979
			1156	979
			1155	978
			1154	978
			1153	977
			1152	976
			1151	976
			1150	975
			1149	974
			1148	974
			1148	973
			1147	972
			1146	972
			1145	971
			1144	970
			1143	970
			1142	969
			1141	968
			1141	967
			1140	967
			1139	966
			1138	965
			1137	965
			1136	964
			1135	963
			1134	962
			1133	961
			1132	960
			1131	959
			1130	959
			1129	958
			1128	957
			1127	956
			1126	955
			1125	954
			1124	953
			1123	952
			1122	952
			1121	951
			1120	950
			1119	949
			1118	948
			1117	947
			1116	946
			1115	945
			1114	944
			1113	943
			1112	943
			1111	942
			1111	941
			1110	940
			1109	939
			1108	938
			1107	937
			1106	936
			1105	935
			1104	934
			1103	933
			1103	932
			1102	931
			1101	930
			1100	929
			1099	928
			1098	928
			1097	927
			1097	926
			1096	925
			1095	924
			1094	923
			1093	922
			1092	921
			1092	920
			1091	919
			1090	918
			1089	917
			1088	916
			1088	915
			1087	914
			1086	913
			1085	912
			1084	911
			1084	910
			1083	909
			1082	908
			1081	907
			1081	906
			1080	905
			1080	904
			1079	903
			1078	902
			1077	901
			1077	900
			1076	899
			1076	898
			1075	898
			1075	897
			1074	896
			1074	895
			1073	895
			1072	894
			1072	893
			1071	892
			1070	891
			1070	890
			1069	889
			1069	888
			1068	887
			1068	886
			1067	885
			1066	884
			1066	883
			1065	882
			1065	881
			1064	880
			1063	879
			1063	878
			1062	877
			1061	876
			1061	875
			1060	874
			1060	873
			1059	872
			1059	871
			1058	870
			1058	869
			1057	868
			1057	867
			1056	866
			1056	865
			1055	865
			1055	864
			1054	863
			1054	862
			1054	861
			1053	860
			1053	859
			1052	859
			1052	858
			1051	857
			1051	856
			1051	855
			1050	854
			1050	853
			1049	852
			1049	851
			1048	850
			1048	849
			1047	848
			1047	847
			1047	846
			1046	846
			1046	845
			1046	844
			1045	844
			1045	843
			1045	842
			1044	841
			1044	840
			1044	839
			1043	838
			1043	837
			1042	836
			1042	835
			1041	834
			1041	833
			1041	832
			1040	831
			1040	830
			1040	829
			1039	828
			1039	827
			1039	826
			1038	825
			1038	824
			1037	823
			1037	822
			1037	821
			1036	820
			1036	819
			1036	818
			1035	817
			1035	816
			1035	815
			1034	814
			1034	813
			1034	812
			1034	811
			1033	810
			1033	809
			1033	808
			1032	807
			1032	806
			1032	805
			1031	804
			1031	803
			1031	802
			1030	801
			1030	800
			1030	799
			1030	798
			1029	797
			1029	796
			1029	795
			1029	794
			1028	793
			1028	792
			1028	791
			1027	790
			1027	789
			1027	788
			1027	787
			1026	786
			1026	785
			1026	784
			1026	783
			1026	782
			1025	781
			1025	780
			1025	779
			1025	778
			1024	777
			1024	776
			1024	775
			1024	774
			1024	773
			1023	772
			1023	771
			1023	770
			1023	769
			1023	768
			1022	767
			1022	766
			1022	765
			1022	764
			1022	763
			1021	762
			1021	761
			1021	760
			1021	759
			1021	758
			1021	757
			1020	756
			1020	755
			1020	754
			1020	753
			1020	752
			1020	751
			1019	750
			1019	749
			1019	748
			1019	747
			1019	746
			1019	745
			1019	744
			1018	743
			1018	742
			1018	741
			1018	740
			1018	739
			1018	738
			1018	737
			1018	736
			1017	735
			1017	734
			1017	733
			1017	732
			1017	731
			1017	730
			1017	729
			1017	728
			1017	727
			1017	726
			1016	725
			1016	724
			1016	723
			1016	722
			1016	721
			1016	720
			1016	719
			1016	718
			1016	717
			1016	716
			1016	715
			1016	714
			1015	713
			1015	712
			1015	711
			1015	710
			1015	709
			1015	708
			1015	707
			1015	706
			1015	705
			1015	704
			1015	703
			1015	702
			1015	701
			1015	700
			1016	699
			1016	698
			1016	697
			1016	696
			1016	695
			1016	694
			1016	693
			1016	692
			1016	691
			1016	690
			1016	689
			1016	688
			1017	687
			1017	686
			1017	685
			1017	684
			1017	683
			1017	682
			1017	681
			1017	680
			1017	679
			1017	678
			1018	677
			1018	676
			1018	675
			1018	674
			1018	673
			1018	672
			1018	671
			1018	670
			1018	669
			1019	668
			1019	667
			1019	666
			1019	665
			1019	664
			1019	663
			1019	662
			1019	661
			1019	660
			1020	659
			1020	658
			1020	657
			1020	656
			1020	655
			1020	654
			1020	653
			1021	652
			1021	651
			1021	650
			1021	649
			1021	648
			1021	647
			1021	646
			1021	645
			1022	644
			1022	643
			1022	642
			1022	641
			1022	640
			1022	639
			1023	638
			1023	637
			1023	636
			1023	635
			1023	634
			1023	633
			1023	632
			1024	631
			1024	630
			1024	629
			1024	628
			1024	627
			1024	626
			1025	625
			1025	624
			1025	623
			1025	622
			1025	621
			1025	620
			1026	619
			1026	618
			1026	617
			1026	616
			1026	615
			1026	614
			1027	613
			1027	612
			1027	611
			1027	610
			1027	609
			1028	608
			1028	607
			1028	606
			1028	605
			1028	604
			1029	603
			1029	602
			1029	601
			1029	600
			1029	599
			1030	598
			1030	597
			1030	596
			1030	595
			1030	594
			1031	593
			1031	592
			1031	591
			1031	590
			1031	589
			1032	588
			1032	587
			1032	586
			1032	585
			1033	584
			1033	583
			1033	582
			1033	581
			1034	580
			1034	579
			1034	578
			1034	577
			1035	576
			1035	575
			1035	574
			1035	573
			1035	572
			1036	572
			1036	571
			1036	570
			1036	569
			1036	568
			1037	568
			1037	567
			1037	566
			1037	565
			1037	564
			1038	564
			1038	563
			1038	562
			1038	561
			1039	560
			1039	559
			1039	558
			1039	557
			1040	556
			1040	555
			1040	554
			1041	553
			1041	552
			1041	551
			1042	550
			1042	549
			1042	548
			1042	547
			1043	547
			1043	546
			1043	545
			1043	544
			1044	543
			1044	542
			1044	541
			1045	540
			1045	539
			1045	538
			1046	537
			1046	536
			1046	535
			1047	534
			1047	533
			1047	532
			1048	531
			1048	530
			1048	529
			1049	528
			1049	527
			1049	526
			1050	525
			1050	524
			1050	523
			1051	523
			1051	522
			1051	521
			1051	520
			1052	520
			1052	519
			1052	518
			1053	517
			1053	516
			1053	515
			1054	514
			1054	513
			1055	512
			1055	511
			1055	510
			1056	510
			1056	509
			1056	508
			1057	507
			1057	506
			1057	505
			1058	504
			1058	503
			1059	502
			1059	501
			1060	500
			1060	499
			1061	498
			1061	497
			1062	496
			1062	495
			1062	494
			1063	493
			1063	492
			1064	491
			1064	490
			1065	489
			1065	488
			1066	487
			1066	486
			1067	485
			1067	484
			1068	483
			1068	482
			1069	481
			1069	480
			1070	479
			1070	478
			1071	477
			1071	476
			1072	475
			1072	474
			1073	473
			1073	472
			1074	471
			1074	470
			1075	469
			1076	468
			1076	467
			1077	466
			1077	465
			1078	464
			1078	463
			1079	462
			1079	461
			1080	460
			1081	459
			1081	458
			1082	457
			1082	456
			1083	455
			1084	454
			1084	453
			1085	453
			1085	452
			1086	451
			1086	450
			1087	449
			1088	448
			1088	447
			1089	446
			1090	445
			1091	444
			1091	443
			1092	442
			1093	441
			1094	440
			1094	439
			1095	438
			1096	437
			1096	436
			1097	435
			1098	434
			1099	433
			1099	432
			1100	431
			1101	430
			1102	429
			1102	428
			1103	427
			1104	426
			1105	425
			1106	424
			1106	423
			1107	422
			1108	422
			1109	421
			1109	420
			1110	419
			1111	418
			1112	417
			1113	416
			1113	415
			1114	415
			1115	414
			1116	413
			1117	412
			1118	411
			1118	410
			1119	409
			1120	409
			1121	408
			1122	407
			1123	406
			1123	405
			1124	405
			1125	404
			1126	403
			1127	402
			1128	401
			1129	401
			1129	400
			1130	399
			1131	398
			1132	398
			1133	397
			1134	396
			1135	395
			1136	395
			1137	394
			1137	393
			1138	393
			1139	392
			1140	391
			1141	390
			1142	390
			1143	389
			1144	388
			1145	388
			1146	387
			1147	386
			1148	386
			1148	385
			1149	384
			1150	384
			1151	383
			1152	382
			1153	382
			1154	381
			1155	381
			1156	380
			1157	379
			1158	379
			1159	378
			1160	378
			1161	377
			1162	376
			1163	376
			1164	375
			1165	375
			1166	374
			1167	374
			1168	373
			1169	372
			1170	372
			1171	371
			1172	371
			1173	370
			1174	370
			1175	369
			1176	369
			1177	368
			1178	368
			1179	367
			1180	367
			1181	366
			1182	366
			1183	365
			1184	365
			1185	364
			1186	364
			1187	363
			1188	363
			1189	363
			1190	362
			1191	362
			1192	362
			1193	361
			1194	361
			1195	360
			1196	360
			1197	360
			1198	359
			1199	359
			1200	359
			1201	358
			1202	358
			1203	358
			1204	357
			1205	357
			1206	357
			1207	356
			1208	356
			1209	356
			1210	355
			1211	355
			1212	355
			1213	354
			1214	353
			1215	353
			1216	352
			1217	352
			1218	352
			1219	351
			1220	351
			1221	350
			1222	350
			1223	349
			1224	349
			1225	348
			1226	348
			1227	347
			1228	347
			1229	347
			1229	346
			1230	346
			1231	346
			1231	345
			1232	345
			1233	345
			1233	344
			1234	344
			1235	344
			1236	343
			1237	343
			1238	342
			1239	342
			1240	342
			1240	341
			1241	341
			1242	341
			1243	340
			1244	340
			1245	339
			1246	339
			1247	339
			1248	338
			1249	338
			1250	338
			1251	337
			1252	337
			1253	336
			1254	336
			1255	335
			1256	335
			1257	335
			1258	334
			1259	334
			1260	333
			1261	333
			1262	333
			1263	332
			1264	332
			1265	332
			1266	331
			1267	331
			1268	331
			1269	330
			1270	330
			1271	330
			1272	329
			1273	329
			1274	328
			1275	328
			1276	328
			1277	328
			1278	327
			1279	327
			1280	327
			1281	326
			1282	326
			1283	326
			1284	325
			1285	325
			1286	324
			1287	324
			1288	324
			1289	324
			1290	323
			1291	323
			1292	323
			1293	322
			1294	322
			1295	322
			1296	321
			1297	321
			1298	321
			1299	321
			1300	320
			1301	320
			1302	320
			1303	320
			1304	319
			1305	319
			1306	319
			1307	318
			1308	318
			1309	318
			1310	318
			1311	317
			1312	317
			1313	317
			1314	317
			1315	317
			1316	316
			1317	316
			1318	316
			1319	316
			1320	315
			1321	315
			1322	315
			1323	315
			1324	314
			1325	314
			1326	314
			1327	314
			1328	314
			1329	313
			1330	313
			1331	313
			1332	313
			1333	313
			1334	313
			1335	312
			1336	312
			1337	312
			1338	312
			1339	312
			1340	311
			1341	311
			1342	311
			1343	311
			1344	311
			1345	311
			1346	310
			1347	310
			1348	310
			1349	310
			1350	310
			1351	310
			1352	309
			1353	309
			1354	309
			1355	309
			1356	309
			1357	309
			1358	309
			1359	309
			1360	308
			1361	308
			1362	308
			1363	308
			1364	308
			1365	308
			1366	308
			1367	308
			1368	308
			1369	307
			1370	307
			1371	307
			1372	307
			1373	307
			1374	307
			1375	307
			1376	307
			1377	307
			1378	307
			1379	307
			1380	307
			1381	306
			1382	306
			1383	306
			1384	306
			1385	306
			1386	306
			1387	306
			1388	306
			1389	306
			1390	306
			1391	306
			1392	306
			1393	306
			1394	306
			1395	306
			1396	306
			1397	306
			1398	306
			1399	306
			1400	306
			1401	306
			1402	306
			1403	306
			1404	306
			1405	306
			1406	306
			1407	306
			1408	306
			1409	306
			1410	306
			1411	306
			1412	306
			1413	306
			1414	306
			1415	306
			1416	306
			1417	306
			1418	306
			1419	306
			1420	306
			1421	306
			1422	306
			1423	306
			1424	306
			1425	306
			1426	306
			1426	307
			1427	307
			1428	307
			1429	307
			1430	307
			1431	307
			1432	307
			1433	307
			1434	307
			1435	307
			1436	307
			1437	307
			1438	307
			1439	307
			1439	308
			1440	308
			1441	308
			1442	308
			1443	308
			1444	308
			1445	308
			1446	308
			1447	308
			1448	309
			1449	309
			1450	309
			1451	309
			1452	309
			1453	309
			1454	309
			1455	310
			1456	310
			1457	310
			1458	310
			1459	310
			1460	310
			1461	310
			1462	311
			1463	311
			1464	311
			1465	311
			1466	311
			1467	311
			1468	312
			1469	312
			1470	312
			1471	312
			1472	312
			1473	313
			1474	313
			1475	313
			1476	313
			1477	313
			1478	314
			1479	314
			1480	314
			1481	314
			1482	315
			1483	315
			1484	315
			1485	315
			1486	315
			1487	316
			1488	316
			1489	316
			1490	316
			1491	317
			1492	317
			1493	317
			1494	317
			1495	318
			1496	318
			1497	318
			1498	318
			1499	319
			1500	319
			1501	319
			1502	320
			1503	320
			1504	320
			1505	320
			1506	321
			1507	321
			1508	321
			1508	322
			1509	322
			1510	322
			1511	322
			1512	323
			1513	323
			1514	323
			1515	324
			1516	324
			1517	324
			1518	325
			1519	325
			1520	325
			1521	326
			1522	326
			1523	326
			1524	327
			1525	327
			1526	327
			1527	328
			1528	328
			1529	328
			1530	329
			1531	329
			1532	329
			1533	330
			1534	330
			1535	330
			1536	331
			1537	331
			1537	332
			1538	332
			1539	332
			1540	333
			1541	333
			1542	334
			1543	334
			1544	334
			1545	335
			1546	335
			1547	336
			1548	336
			1549	336
			1550	337
			1551	337
			1552	338
			1553	338
			1554	338
			1555	339
			1556	339
			1557	340
			1558	340
			1559	341
			1560	341
			1561	342
			1562	342
			1563	343
			1564	343
			1565	344
			1566	344
			1567	345
			1568	345
			1569	346
			1570	346
			1571	347
			1572	347
			1573	348
			1574	348
			1575	349
			1576	349
			1577	350
			1578	350
			1579	351
			1580	351
			1581	352
			1582	352
			1583	353
			1584	353
			1585	354
			1586	354
			1587	355
			1588	356
			1589	356
			1590	357
			1591	357
			1592	358
			1593	358
			1594	359
			1595	359
			1596	360
			1597	361
			1598	361
			1599	362
			1600	362
			1601	363
			1602	363
			1603	364
			1604	365
			1605	365
			1606	366
			1607	366
			1608	367
			1609	368
			1610	368
			1611	369
			1612	370
			1613	370
			1613	371
			1614	371
			1615	372
			1616	373
			1617	373
			1618	374
			1619	375
			1620	375
			1621	376
			1622	376
			1623	377
			1624	378
			1625	378
			1626	379
			1627	380
			1628	380
			1629	381
			1630	382
			1631	382
			1632	383
			1633	384
			1634	385
			1635	385
			1636	386
			1637	386
			1638	387
			1639	388
			1640	388
			1640	389
			1641	389
			1642	390
			1643	390
			1644	391
			1645	392
			1646	392
			1647	393
			1648	393
			1649	394
			1649	395
			1650	395
			1651	396
			1652	396
			1653	397
			1654	397
			1655	398
			1656	399
			1657	399
			1657	400
			1658	400
			1659	401
			1660	402
			1661	402
			1662	403
			1663	403
			1663	404
			1664	405
			1665	405
			1666	406
			1667	406
			1668	407
			1669	408
			1670	409
			1671	409
			1672	410
			1673	411
			1674	412
			1675	412
			1676	413
			1677	414
			1678	415
			1679	415
			1680	416
			1681	417
			1682	418
			1683	418
			1684	419
			1685	420
			1686	421
			1687	421
			1688	422
			1689	423
			1690	424
			1691	424
			1691	425
			1692	426
			1693	427
			1694	427
			1695	428
			1696	429
			1697	430
			1698	430
			1699	431
			1700	432
			1701	433
			1702	434
			1703	435
			1704	436
			1705	436
			1705	437
			1706	437
			1707	438
			1708	439
			1709	440
			1710	441
			1711	442
			1712	443
			1713	443
			1713	444
			1714	445
			1715	445
			1716	446
			1716	447
			1717	447
			1718	448
			1718	449
			1719	449
			1720	450
			1721	451
			1721	452
			1722	452
			1723	453
			1723	454
			1724	454
			1725	455
			1725	456
			1726	456
			1727	457
			1727	458
			1728	459
			1729	459
			1730	460
			1730	461
			1731	461
			1732	462
			1732	463
			1733	464
			1734	464
			1734	465
			1735	466
			1736	466
			1736	467
			1737	468
			1737	469
			1738	469
			1739	470
			1739	471
			1740	471
			1741	472
			1741	473
			1742	474
			1743	474
			1743	475
			1744	476
			1745	477
			1746	478
			1747	479
			1747	480
			1748	481
			1749	482
			1750	483
			1751	484
			1752	485
			1752	486
			1753	486
			1753	487
			1754	488
			1755	489
			1756	490
			1756	491
			1757	492
			1757	493
			1758	493
			1758	494
			1759	495
			1760	496
			1761	497
			1761	498
			1762	499
			1763	500
			1764	501
			1764	502
			1765	503
			1765	504
			1766	505
			1767	506
			1767	507
			1768	508
			1769	509
			1769	510
			1770	511
			1771	512
			1771	513
			1772	514
			1773	515
			1774	516
			1774	517
			1775	518
			1775	519
			1776	520
			1777	521
			1777	522
			1778	523
			1778	524
			1779	525
			1779	526
			1780	527
			1781	528
			1781	529
			1782	530
			1782	531
			1783	532
			1784	533
			1784	534
			1785	535
			1785	536
			1785	537
			1786	537
			1786	538
			1786	539
			1787	539
			1787	540
			1787	541
			1788	541
			1788	542
			1789	543
			1789	544
			1790	545
			1790	546
			1790	547
			1791	547
			1791	548
			1791	549
			1792	550
			1793	551
			1793	552
			1793	553
			1794	554
			1794	555
			1795	556
			1795	557
			1795	558
			1796	559
			1796	560
			1797	561
			1797	562
			1798	563
			1798	564
			1799	565
			1799	566
			1799	567
			1800	568
			1800	569
			1800	570
			1801	571
			1801	572
			1802	573
			1802	574
			1802	575
			1803	576
			1803	577
			1803	578
			1804	579
			1804	580
			1804	581
			1805	582
			1805	583
			1805	584
			1806	585
			1806	586
			1806	587
			1807	588
			1807	589
			1807	590
			1808	591
			1808	592
			1808	593
			1809	594
			1809	595
			1809	596
			1810	597
			1810	598
			1810	599
			1810	600
			1811	601
			1811	602
			1811	603
			1811	604
			1812	605
			1812	606
			1812	607
			1812	608
			1813	609
			1813	610
			1813	611
			1813	612
			1814	613
			1814	614
			1814	615
			1814	616
			1814	617
			1815	618
			1815	619
			1815	620
			1815	621
			1816	622
			1816	623
			1816	624
			1816	625
			1816	626
			1816	627
			1817	628
			1817	629
			1817	630
			1817	631
			1817	632
			1817	633
			1818	634
			1818	635
			1818	636
			1818	637
			1818	638
			1818	639
			1818	640
			1819	641
			1819	642
			1819	643
			1819	644
			1819	645
			1819	646
			1819	647
			1820	648
			1820	649
			1820	650
			1820	651
			1820	652
			1820	653
			1820	654
			1820	655
			1820	656
			1821	657
			1821	658
			1821	659
			1821	660
			1821	661
			1821	662
			1821	663
			1821	664
			1821	665
			1821	666
			1821	667
			1821	668
			1821	669
			1822	670
			1822	671
			1822	672
			1822	673
			1822	674
			1822	675
			1822	676
			1822	677
			1822	678
			1822	679
			1822	680
			1822	681
			1822	682
			1822	683
			1822	684
			1822	685
			1822	686
			1822	687
			1822	688
			1822	689
			1822	690
			1822	691
			1822	692
			1822	693
			1822	694
			1822	695
			1822	696
			1822	697
			1822	698
			1822	699
			1822	700
			1822	701
			1822	702
			1822	703
			1822	704
			1822	705
			1821	706
			1821	707
			1821	708
			1821	709
			1821	710
			1821	711
			1820	712
			1820	713
			1820	714
			1820	715
			1820	716
			1820	717
			1820	718
			1819	719
			1819	720
			1819	721
			1819	722
			1819	723
			1818	724
			1818	725
			1818	726
			1818	727
			1818	728
			1818	729
			1817	730
			1817	731
			1817	732
			1817	733
			1817	734
			1816	735
			1816	736
			1816	737
			1816	738
			1816	739
			1815	739
			1815	740
			1815	741
			1815	742
			1815	743
			1814	744
			1814	745
			1814	746
			1814	747
			1814	748
			1813	749
			1813	750
			1813	751
			1812	752
			1812	753
			1812	754
			1812	755
			1811	756
			1811	757
			1811	758
			1811	759
			1810	760
			1810	761
			1810	762
			1810	763
			1810	764
			1809	765
			1809	766
			1809	767
			1808	768
			1808	769
			1808	770
			1808	771
			1807	771
			1807	772
			1807	773
			1807	774
			1806	775
			1806	776
			1806	777
			1806	778
			1805	778
			1805	779
			1805	780
			1805	781
			1804	781
			1804	782
			1804	783
			1804	784
			1803	784
			1803	785
			1803	786
			1803	787
			1802	787
			1802	788
			1802	789
			1802	790
			1801	790
			1801	791
			1801	792
			1801	793
			1800	793
			1800	794
			1800	795
			1799	796
			1799	797
			1799	798
			1798	799
			1798	800
			1798	801
			1797	801
			1797	802
			1797	803
			1796	804
			1796	805
			1796	806
			1795	807
			1795	808
			1794	809
			1794	810
			1793	811
			1793	812
			1793	813
			1792	814
			1792	815
			1791	816
			1791	817
			1790	818
			1790	819
			1790	820
			1789	821
			1789	822
			1788	823
			1788	824
			1787	825
			1787	826
			1786	827
			1786	828
			1786	829
			1785	830
			1785	831
			1784	832
			1784	833
			1783	834
			1783	835
			1782	836
			1782	837
			1781	838
			1781	839
			1780	840
			1780	841
			1779	842
			1779	843
			1778	844
			1778	845
			1777	846
			1777	847
			1776	848
			1775	849
			1775	850
			1774	851
			1774	852
			1773	853
			1773	854
			1772	855
			1772	856
			1771	857
			1770	858
			1770	859
			1769	860
			1769	861
			1768	862
			1767	863
			1767	864
			1766	865
			1766	866
			1765	867
			1764	867
			1764	868
			1763	869
			1763	870
			1762	871
			1761	872
			1761	873
			1760	874
			1760	875
			1759	876
			1758	877
			1757	878
			1756	879
			1756	880
			1755	881
			1755	882
			1754	882
			1754	883
			1753	884
			1753	885
			1752	886
			1751	887
			1750	888
			1750	889
			1749	890
			1748	890
			1748	891
			1747	892
			1747	893
			1746	893
			1746	894
			1745	895
			1744	895
			1744	896
			1743	897
			1743	898
			1742	898
			1741	899
			1741	900
			1740	901
			1739	902
			1738	903
			1737	904
			1736	905
			1736	906
			1735	907
			1734	908
			1733	908
			1733	909
			1732	910
			1731	911
			1730	912
			1730	913
			1729	913
			1728	914
			1727	915
			1727	916
			1726	917
			1725	917
			1724	918
			1724	919
			1723	920
			1722	921
			1721	921
			1720	922
			1720	923
			1719	924
			1718	924
			1717	925
			1716	926
			1716	927
			1715	928
			1714	928
			1713	929
			1712	930
			1711	931
			1710	932
			1709	933
			1708	934
			1707	935
			1706	936
			1705	937
			1704	937
			1703	938
			1702	939
			1701	940
			1700	941
			1699	942
			1698	943
			1697	943
			1696	944
			1695	945
			1694	946
			1693	946
			1692	947
			1691	948
			1690	949
			1689	949
			1688	950
			1687	951
			1686	952
			1685	952
			1684	953
			1683	954
			1682	954
			1681	955
			1680	956
			1679	956
			1678	957
			1677	958
			1676	959
			1675	960
			1674	960
			1673	961
			1672	962
			1671	962
			1670	963
			1669	964
			1668	964
			1667	965
			1666	965
			1665	966
			1664	966
			1664	967
			1663	968
			1662	968
			1661	969
			1660	969
			1659	970
			1658	970
			1657	971
		</Eye>
	</curves.pixel>
	<ruler.points type=matrix rownames=TRUE colnames=FALSE nrow=2 ncol=2 as.numeric=TRUE >
		Ruler point 1	2	1894
		Ruler point 2	104	1894
	</ruler.points>
</shapes>

