<shapes type=list>
	<scaling type=logical names=FALSE length=1 as.numeric=FALSE >NA</scaling>
	<landmarks.pixel type=matrix rownames=TRUE colnames=FALSE nrow=11 ncol=2 as.numeric=TRUE >
		LM1Forehead	1727	238
		LM2UJFront	2345	1445
		LM3UJBack	1684	1578
		LM4LacOrb	1671	993
		LM5QJoint	1618	1643
		LM6IOPL	1597	1753
		LM7IOPSOP	503	1829
		LM8A2A1	867	1205
		LM9A1A3	771	798
		LM10TopMuscR	624	619
		LM11TopMuscL	165	530
	</landmarks.pixel>
	<curves.control type=list>
		<Profile type=matrix rownames=FALSE colnames=FALSE nrow=7 ncol=2 as.numeric=TRUE >
			1727	238
			2035	472
			2252	693
			2486	1071
			2530	1270
			2447	1569
			2345	1445
		</Profile>
		<Eye type=matrix rownames=FALSE colnames=FALSE nrow=13 ncol=2 as.numeric=TRUE >
			1671	993
			1484	1097
			1254	1049
			1024	967
			972	745
			937	472
			1128	321
			1388	169
			1614	334
			1762	407
			1809	607
			1840	841
			1671	993
		</Eye>
	</curves.control>
	<curves.pixel type=list>
		<Profile type=matrix rownames=FALSE colnames=FALSE nrow=1484 ncol=2 as.numeric=TRUE >
			1727	238
			1728	239
			1729	240
			1730	241
			1731	241
			1732	242
			1733	242
			1733	243
			1734	243
			1735	244
			1736	245
			1737	246
			1738	247
			1739	247
			1740	248
			1741	248
			1741	249
			1742	250
			1743	250
			1744	251
			1745	251
			1745	252
			1746	253
			1747	253
			1748	254
			1749	255
			1750	256
			1751	256
			1752	257
			1753	258
			1754	259
			1755	259
			1756	260
			1757	261
			1758	262
			1759	262
			1760	263
			1761	264
			1762	264
			1762	265
			1763	266
			1764	267
			1765	267
			1766	268
			1767	269
			1768	270
			1769	270
			1770	271
			1771	272
			1772	272
			1773	273
			1774	274
			1775	275
			1776	275
			1777	276
			1777	277
			1778	277
			1779	278
			1780	279
			1781	280
			1782	280
			1783	281
			1784	282
			1785	283
			1786	283
			1787	284
			1788	285
			1789	285
			1790	286
			1791	287
			1791	288
			1792	288
			1793	289
			1794	290
			1795	290
			1796	291
			1797	292
			1798	293
			1799	293
			1800	294
			1801	295
			1802	296
			1803	296
			1803	297
			1804	298
			1805	298
			1806	299
			1807	300
			1808	301
			1809	301
			1810	302
			1811	303
			1812	304
			1813	304
			1814	305
			1815	306
			1816	307
			1817	308
			1818	308
			1819	309
			1819	310
			1820	310
			1821	311
			1822	312
			1823	313
			1824	313
			1825	314
			1826	315
			1827	315
			1827	316
			1828	316
			1829	317
			1830	318
			1831	319
			1832	320
			1833	320
			1834	321
			1835	322
			1836	323
			1837	323
			1838	324
			1839	325
			1840	326
			1841	326
			1842	327
			1843	328
			1843	329
			1844	329
			1845	330
			1846	331
			1847	332
			1848	332
			1849	333
			1850	334
			1851	335
			1852	335
			1853	336
			1854	337
			1855	338
			1856	338
			1856	339
			1857	340
			1858	341
			1859	341
			1860	342
			1861	343
			1862	343
			1863	344
			1864	345
			1865	346
			1866	346
			1867	347
			1868	348
			1869	349
			1870	350
			1871	351
			1872	352
			1873	352
			1873	353
			1874	353
			1875	354
			1876	355
			1877	356
			1878	357
			1879	357
			1880	358
			1881	358
			1881	359
			1882	360
			1883	360
			1884	361
			1885	362
			1886	363
			1887	364
			1888	365
			1889	365
			1890	366
			1891	367
			1892	368
			1893	368
			1894	369
			1895	370
			1896	371
			1897	371
			1897	372
			1898	373
			1899	374
			1900	375
			1901	375
			1902	376
			1903	377
			1904	378
			1905	378
			1906	379
			1907	380
			1908	381
			1909	381
			1910	382
			1911	383
			1912	384
			1912	385
			1913	385
			1914	386
			1915	387
			1916	388
			1917	388
			1918	389
			1919	390
			1920	391
			1921	391
			1922	392
			1923	393
			1924	394
			1925	395
			1926	395
			1926	396
			1927	397
			1928	398
			1929	398
			1930	399
			1931	400
			1932	401
			1933	401
			1934	402
			1935	403
			1936	404
			1937	404
			1938	405
			1938	406
			1939	407
			1940	408
			1941	408
			1942	409
			1943	410
			1944	411
			1945	411
			1946	412
			1947	413
			1948	414
			1949	414
			1949	415
			1950	416
			1951	417
			1952	417
			1953	418
			1954	419
			1955	420
			1956	421
			1957	421
			1958	422
			1959	423
			1959	424
			1960	424
			1961	425
			1962	426
			1963	427
			1964	427
			1965	428
			1966	429
			1967	430
			1968	430
			1968	431
			1969	432
			1970	433
			1971	434
			1972	434
			1973	435
			1974	436
			1975	437
			1976	437
			1977	438
			1977	439
			1978	440
			1979	440
			1980	441
			1981	442
			1982	443
			1983	443
			1984	444
			1985	445
			1986	446
			1986	447
			1987	447
			1988	448
			1989	449
			1990	450
			1991	450
			1992	451
			1993	452
			1994	453
			1995	454
			1996	455
			1997	456
			1998	457
			1999	457
			1999	458
			2000	458
			2001	459
			2002	460
			2003	461
			2004	462
			2005	463
			2006	463
			2007	464
			2007	465
			2008	465
			2009	466
			2010	467
			2011	467
			2011	468
			2012	469
			2013	469
			2014	470
			2014	471
			2015	471
			2016	472
			2017	473
			2018	474
			2019	475
			2020	475
			2021	476
			2022	477
			2023	478
			2024	479
			2025	480
			2026	481
			2027	482
			2028	482
			2028	483
			2029	483
			2030	484
			2031	485
			2032	486
			2033	487
			2034	488
			2035	488
			2035	489
			2036	490
			2037	490
			2038	491
			2038	492
			2039	492
			2040	493
			2041	494
			2042	494
			2042	495
			2043	496
			2044	496
			2045	497
			2045	498
			2046	498
			2047	499
			2048	500
			2049	501
			2050	502
			2051	503
			2052	504
			2053	504
			2054	505
			2055	506
			2056	507
			2057	508
			2058	509
			2059	510
			2060	511
			2061	511
			2061	512
			2062	513
			2063	513
			2063	514
			2064	514
			2065	515
			2066	516
			2067	517
			2068	518
			2069	519
			2070	519
			2070	520
			2071	521
			2072	521
			2073	522
			2074	523
			2074	524
			2075	524
			2076	525
			2077	526
			2078	526
			2078	527
			2079	528
			2080	528
			2081	529
			2081	530
			2082	531
			2083	531
			2084	532
			2085	533
			2086	534
			2087	535
			2088	536
			2089	537
			2090	537
			2091	538
			2092	539
			2093	540
			2093	541
			2094	542
			2095	542
			2096	543
			2097	544
			2098	545
			2099	546
			2100	547
			2101	548
			2102	548
			2103	549
			2104	550
			2105	551
			2105	552
			2106	553
			2107	553
			2108	554
			2109	555
			2110	556
			2111	557
			2112	558
			2113	558
			2114	559
			2115	560
			2115	561
			2116	562
			2117	563
			2118	563
			2119	564
			2120	565
			2121	566
			2122	567
			2123	568
			2124	568
			2125	569
			2125	570
			2126	571
			2127	572
			2128	573
			2129	573
			2130	574
			2131	575
			2132	576
			2133	577
			2134	578
			2134	579
			2135	579
			2136	580
			2137	581
			2138	582
			2139	583
			2140	584
			2141	584
			2142	585
			2142	586
			2143	587
			2144	588
			2145	589
			2146	589
			2147	590
			2148	591
			2149	592
			2150	593
			2150	594
			2151	594
			2152	595
			2153	596
			2154	597
			2155	598
			2156	599
			2157	599
			2157	600
			2158	601
			2159	602
			2160	603
			2161	604
			2162	604
			2163	605
			2164	606
			2164	607
			2165	608
			2166	609
			2167	609
			2168	610
			2169	611
			2170	612
			2171	613
			2171	614
			2172	614
			2173	615
			2174	616
			2175	617
			2176	618
			2177	619
			2178	619
			2178	620
			2179	621
			2180	622
			2181	623
			2182	623
			2183	624
			2184	625
			2184	626
			2185	627
			2186	628
			2187	628
			2188	629
			2189	630
			2190	631
			2190	632
			2191	633
			2192	633
			2193	634
			2194	635
			2195	636
			2196	637
			2196	638
			2197	638
			2198	639
			2199	640
			2200	641
			2201	642
			2201	643
			2202	643
			2203	644
			2204	645
			2205	646
			2206	647
			2207	648
			2208	649
			2209	650
			2210	651
			2211	652
			2212	653
			2213	654
			2214	655
			2215	656
			2216	657
			2217	658
			2218	659
			2219	660
			2220	661
			2221	662
			2222	663
			2223	664
			2224	665
			2225	666
			2226	667
			2227	668
			2228	669
			2229	670
			2230	671
			2231	672
			2232	673
			2233	674
			2234	675
			2235	676
			2236	677
			2237	678
			2238	679
			2239	680
			2240	681
			2241	682
			2242	683
			2243	684
			2244	685
			2245	686
			2246	687
			2247	688
			2248	689
			2249	690
			2250	691
			2251	692
			2252	693
			2253	694
			2253	695
			2254	696
			2255	697
			2255	698
			2256	699
			2257	700
			2257	701
			2258	702
			2258	703
			2259	704
			2260	705
			2260	706
			2261	707
			2262	708
			2262	709
			2263	710
			2263	711
			2264	712
			2265	713
			2265	714
			2266	715
			2266	716
			2267	717
			2268	718
			2268	719
			2269	720
			2270	721
			2270	722
			2271	723
			2271	724
			2272	725
			2273	726
			2273	727
			2274	728
			2274	729
			2275	730
			2276	731
			2276	732
			2277	733
			2277	734
			2278	735
			2279	736
			2279	737
			2280	738
			2280	739
			2281	740
			2282	741
			2282	742
			2283	743
			2283	744
			2284	745
			2285	746
			2285	747
			2286	748
			2286	749
			2287	750
			2287	751
			2288	752
			2289	753
			2289	754
			2290	755
			2290	756
			2291	757
			2292	758
			2292	759
			2293	760
			2293	761
			2294	762
			2294	763
			2295	764
			2296	765
			2296	766
			2297	767
			2297	768
			2298	769
			2299	770
			2299	771
			2300	772
			2300	773
			2301	773
			2301	774
			2302	775
			2302	776
			2303	777
			2304	778
			2304	779
			2305	780
			2305	781
			2306	782
			2307	783
			2307	784
			2308	785
			2308	786
			2309	787
			2310	788
			2310	789
			2311	790
			2311	791
			2312	792
			2312	793
			2313	794
			2314	795
			2314	796
			2315	797
			2315	798
			2316	799
			2316	800
			2317	801
			2318	802
			2318	803
			2319	804
			2319	805
			2320	806
			2320	807
			2321	808
			2322	809
			2322	810
			2323	811
			2323	812
			2324	813
			2324	814
			2325	814
			2326	815
			2326	816
			2327	817
			2327	818
			2328	819
			2328	820
			2329	821
			2329	822
			2330	823
			2331	824
			2331	825
			2332	826
			2332	827
			2333	828
			2333	829
			2334	830
			2334	831
			2335	832
			2336	833
			2336	834
			2337	835
			2337	836
			2338	837
			2338	838
			2339	838
			2339	839
			2340	840
			2340	841
			2341	842
			2342	843
			2342	844
			2343	845
			2343	846
			2344	847
			2344	848
			2345	849
			2345	850
			2346	851
			2346	852
			2347	853
			2347	854
			2348	855
			2349	856
			2349	857
			2350	858
			2351	859
			2351	860
			2352	861
			2352	862
			2353	863
			2353	864
			2354	864
			2354	865
			2354	866
			2355	867
			2355	868
			2356	868
			2356	869
			2357	870
			2357	871
			2358	872
			2359	873
			2359	874
			2360	875
			2360	876
			2361	877
			2361	878
			2362	879
			2362	880
			2363	881
			2363	882
			2364	883
			2364	884
			2365	885
			2365	886
			2366	887
			2366	888
			2367	889
			2368	889
			2368	890
			2369	891
			2369	892
			2370	893
			2370	894
			2371	895
			2371	896
			2372	897
			2372	898
			2373	899
			2373	900
			2374	901
			2374	902
			2375	903
			2375	904
			2376	905
			2377	906
			2377	907
			2378	908
			2378	909
			2379	910
			2379	911
			2380	912
			2380	913
			2381	914
			2382	915
			2382	916
			2383	917
			2383	918
			2384	919
			2384	920
			2385	921
			2385	922
			2386	923
			2386	924
			2387	925
			2387	926
			2388	927
			2388	928
			2389	929
			2389	930
			2390	930
			2390	931
			2391	932
			2391	933
			2392	934
			2392	935
			2393	936
			2393	937
			2394	938
			2394	939
			2395	940
			2395	941
			2396	942
			2396	943
			2397	944
			2397	945
			2398	946
			2399	947
			2399	948
			2399	949
			2400	949
			2400	950
			2400	951
			2401	951
			2401	952
			2402	953
			2402	954
			2403	955
			2403	956
			2404	957
			2404	958
			2405	959
			2405	960
			2406	961
			2406	962
			2407	963
			2407	964
			2408	965
			2408	966
			2409	967
			2409	968
			2410	969
			2410	970
			2411	971
			2411	972
			2412	973
			2412	974
			2413	974
			2413	975
			2414	976
			2414	977
			2415	978
			2415	979
			2416	980
			2416	981
			2417	982
			2417	983
			2418	984
			2418	985
			2418	986
			2419	987
			2419	988
			2420	989
			2421	990
			2421	991
			2422	992
			2422	993
			2423	994
			2423	995
			2424	996
			2424	997
			2425	998
			2425	999
			2426	1000
			2426	1001
			2427	1002
			2427	1003
			2428	1004
			2428	1005
			2429	1006
			2429	1007
			2430	1008
			2430	1009
			2430	1010
			2431	1011
			2431	1012
			2432	1013
			2433	1014
			2433	1015
			2433	1016
			2434	1016
			2434	1017
			2434	1018
			2435	1018
			2435	1019
			2435	1020
			2436	1020
			2436	1021
			2436	1022
			2437	1023
			2437	1024
			2438	1025
			2438	1026
			2439	1027
			2439	1028
			2440	1028
			2440	1029
			2440	1030
			2441	1031
			2441	1032
			2442	1033
			2442	1034
			2443	1035
			2443	1036
			2444	1037
			2444	1038
			2445	1039
			2445	1040
			2445	1041
			2446	1042
			2446	1043
			2447	1044
			2447	1045
			2448	1045
			2448	1046
			2449	1047
			2449	1048
			2449	1049
			2450	1050
			2450	1051
			2451	1052
			2451	1053
			2452	1054
			2452	1055
			2452	1056
			2453	1057
			2453	1058
			2454	1059
			2455	1060
			2455	1061
			2455	1062
			2456	1063
			2456	1064
			2457	1065
			2457	1066
			2457	1067
			2458	1068
			2459	1069
			2459	1070
			2459	1071
			2460	1072
			2460	1073
			2461	1074
			2461	1075
			2462	1076
			2462	1077
			2462	1078
			2463	1079
			2463	1080
			2464	1080
			2464	1081
			2464	1082
			2465	1083
			2465	1084
			2466	1085
			2466	1086
			2467	1087
			2467	1088
			2467	1089
			2468	1090
			2468	1091
			2469	1092
			2469	1093
			2470	1094
			2470	1095
			2470	1096
			2471	1096
			2471	1097
			2471	1098
			2472	1099
			2472	1100
			2473	1101
			2473	1102
			2473	1103
			2474	1104
			2474	1105
			2475	1106
			2475	1107
			2476	1108
			2476	1109
			2476	1110
			2477	1111
			2477	1112
			2478	1113
			2478	1114
			2479	1115
			2479	1116
			2479	1117
			2480	1118
			2480	1119
			2481	1120
			2481	1121
			2481	1122
			2482	1123
			2482	1124
			2483	1125
			2483	1126
			2484	1127
			2484	1128
			2484	1129
			2485	1130
			2485	1131
			2485	1132
			2486	1133
			2486	1134
			2487	1135
			2487	1136
			2487	1137
			2488	1137
			2488	1138
			2488	1139
			2489	1140
			2489	1141
			2490	1142
			2490	1143
			2490	1144
			2491	1145
			2491	1146
			2491	1147
			2492	1148
			2492	1149
			2492	1150
			2493	1150
			2493	1151
			2493	1152
			2494	1153
			2494	1154
			2495	1155
			2495	1156
			2495	1157
			2496	1158
			2496	1159
			2496	1160
			2497	1160
			2497	1161
			2497	1162
			2498	1163
			2498	1164
			2498	1165
			2499	1166
			2499	1167
			2499	1168
			2500	1169
			2500	1170
			2501	1171
			2501	1172
			2501	1173
			2501	1174
			2502	1174
			2502	1175
			2502	1176
			2503	1177
			2503	1178
			2503	1179
			2504	1180
			2504	1181
			2504	1182
			2505	1182
			2505	1183
			2505	1184
			2505	1185
			2506	1185
			2506	1186
			2506	1187
			2506	1188
			2507	1188
			2507	1189
			2507	1190
			2507	1191
			2508	1191
			2508	1192
			2508	1193
			2508	1194
			2509	1194
			2509	1195
			2509	1196
			2509	1197
			2510	1197
			2510	1198
			2510	1199
			2510	1200
			2511	1200
			2511	1201
			2511	1202
			2511	1203
			2512	1203
			2512	1204
			2512	1205
			2512	1206
			2513	1207
			2513	1208
			2513	1209
			2514	1210
			2514	1211
			2514	1212
			2515	1213
			2515	1214
			2515	1215
			2516	1216
			2516	1217
			2516	1218
			2516	1219
			2517	1220
			2517	1221
			2517	1222
			2518	1223
			2518	1224
			2518	1225
			2519	1226
			2519	1227
			2519	1228
			2519	1229
			2520	1230
			2520	1231
			2520	1232
			2520	1233
			2521	1233
			2521	1234
			2521	1235
			2521	1236
			2522	1237
			2522	1238
			2522	1239
			2523	1240
			2523	1241
			2523	1242
			2523	1243
			2524	1244
			2524	1245
			2524	1246
			2525	1247
			2525	1248
			2525	1249
			2525	1250
			2526	1251
			2526	1252
			2526	1253
			2526	1254
			2527	1255
			2527	1256
			2527	1257
			2527	1258
			2528	1259
			2528	1260
			2528	1261
			2528	1262
			2528	1263
			2529	1264
			2529	1265
			2529	1266
			2529	1267
			2530	1268
			2530	1269
			2530	1270
			2530	1271
			2529	1272
			2529	1273
			2529	1274
			2529	1275
			2528	1276
			2528	1277
			2528	1278
			2527	1279
			2527	1280
			2527	1281
			2527	1282
			2526	1283
			2526	1284
			2526	1285
			2525	1286
			2525	1287
			2525	1288
			2525	1289
			2524	1290
			2524	1291
			2524	1292
			2523	1293
			2523	1294
			2523	1295
			2523	1296
			2522	1297
			2522	1298
			2522	1299
			2521	1300
			2521	1301
			2521	1302
			2520	1303
			2520	1304
			2520	1305
			2520	1306
			2519	1306
			2519	1307
			2519	1308
			2518	1309
			2518	1310
			2518	1311
			2518	1312
			2517	1313
			2517	1314
			2517	1315
			2516	1316
			2516	1317
			2516	1318
			2515	1319
			2515	1320
			2515	1321
			2514	1322
			2514	1323
			2514	1324
			2513	1325
			2513	1326
			2513	1327
			2512	1328
			2512	1329
			2512	1330
			2511	1331
			2511	1332
			2511	1333
			2511	1334
			2510	1334
			2510	1335
			2510	1336
			2509	1337
			2509	1338
			2509	1339
			2508	1340
			2508	1341
			2507	1342
			2507	1343
			2507	1344
			2506	1345
			2506	1346
			2506	1347
			2505	1348
			2505	1349
			2505	1350
			2504	1351
			2504	1352
			2504	1353
			2503	1354
			2503	1355
			2503	1356
			2502	1357
			2502	1358
			2501	1359
			2501	1360
			2501	1361
			2500	1362
			2500	1363
			2499	1364
			2499	1365
			2499	1366
			2498	1367
			2498	1368
			2497	1369
			2497	1370
			2497	1371
			2496	1372
			2496	1373
			2496	1374
			2495	1375
			2495	1376
			2494	1377
			2494	1378
			2494	1379
			2493	1380
			2492	1381
			2492	1382
			2492	1383
			2491	1384
			2491	1385
			2490	1386
			2490	1387
			2490	1388
			2489	1389
			2489	1390
			2488	1391
			2488	1392
			2487	1393
			2487	1394
			2487	1395
			2486	1396
			2485	1397
			2485	1398
			2484	1399
			2484	1400
			2483	1401
			2483	1402
			2482	1403
			2482	1404
			2481	1405
			2481	1406
			2480	1407
			2480	1408
			2480	1409
			2479	1410
			2479	1411
			2478	1412
			2478	1413
			2477	1414
			2477	1415
			2476	1416
			2476	1417
			2475	1418
			2475	1419
			2474	1420
			2473	1421
			2473	1422
			2472	1423
			2471	1424
			2471	1425
			2470	1426
			2470	1427
			2469	1428
			2469	1429
			2468	1430
			2467	1431
			2467	1432
			2466	1433
			2466	1434
			2465	1434
			2465	1435
			2465	1436
			2464	1436
			2464	1437
			2463	1438
			2462	1439
			2462	1440
			2461	1441
			2460	1442
			2460	1443
			2459	1444
			2458	1445
			2457	1446
			2456	1447
			2456	1448
			2455	1449
			2455	1450
			2454	1450
			2453	1451
			2453	1452
			2452	1453
			2451	1454
			2450	1455
			2449	1456
			2448	1457
			2447	1458
			2447	1459
			2446	1460
			2445	1460
			2444	1461
			2444	1462
			2443	1463
			2442	1463
			2441	1464
			2440	1465
			2440	1466
			2439	1466
			2438	1467
			2437	1468
			2436	1469
			2435	1469
			2434	1470
			2433	1471
			2432	1471
			2431	1472
			2430	1473
			2429	1473
			2428	1474
			2427	1475
			2426	1475
			2425	1476
			2424	1476
			2423	1477
			2422	1477
			2421	1478
			2420	1478
			2419	1478
			2418	1479
			2417	1479
			2416	1479
			2415	1480
			2414	1480
			2413	1480
			2412	1480
			2411	1481
			2410	1481
			2409	1481
			2408	1481
			2407	1481
			2406	1481
			2405	1481
			2404	1481
			2403	1481
			2402	1481
			2401	1481
			2400	1481
			2399	1481
			2398	1481
			2397	1481
			2396	1481
			2395	1481
			2394	1480
			2393	1480
			2392	1480
			2391	1480
			2390	1479
			2389	1479
			2388	1479
			2387	1478
			2386	1478
			2385	1478
			2384	1477
			2383	1477
			2382	1476
			2381	1476
			2380	1475
			2379	1475
			2378	1474
			2377	1474
			2376	1473
			2375	1473
			2374	1472
			2373	1471
			2372	1471
			2371	1470
			2370	1469
			2369	1468
			2368	1468
			2367	1467
			2366	1466
			2365	1465
			2364	1464
			2363	1463
			2362	1462
			2361	1462
			2360	1461
			2359	1460
			2358	1459
			2357	1458
			2356	1457
			2355	1456
			2354	1455
			2353	1454
			2352	1453
			2351	1452
			2350	1451
			2349	1450
			2348	1449
			2347	1448
			2346	1447
			2346	1446
			2345	1445
		</Profile>
		<Eye type=matrix rownames=FALSE colnames=FALSE nrow=2494 ncol=2 as.numeric=TRUE >
			1671	993
			1670	993
			1669	994
			1668	994
			1668	995
			1667	995
			1666	996
			1665	996
			1664	997
			1663	997
			1662	998
			1661	999
			1660	999
			1659	1000
			1658	1000
			1657	1001
			1656	1001
			1655	1002
			1654	1002
			1653	1003
			1652	1003
			1651	1004
			1650	1004
			1649	1005
			1648	1005
			1647	1006
			1646	1006
			1645	1007
			1644	1007
			1643	1008
			1642	1008
			1641	1008
			1640	1009
			1639	1009
			1639	1010
			1638	1010
			1637	1011
			1636	1011
			1635	1011
			1634	1012
			1633	1012
			1632	1013
			1631	1013
			1630	1014
			1629	1014
			1628	1015
			1627	1015
			1626	1016
			1625	1016
			1624	1016
			1623	1017
			1622	1017
			1621	1018
			1620	1018
			1619	1019
			1618	1019
			1617	1020
			1616	1020
			1615	1020
			1614	1021
			1613	1021
			1612	1022
			1611	1022
			1610	1022
			1609	1023
			1608	1023
			1607	1023
			1606	1024
			1605	1024
			1604	1025
			1603	1025
			1602	1026
			1601	1026
			1600	1026
			1599	1027
			1598	1027
			1597	1027
			1597	1028
			1596	1028
			1595	1028
			1594	1029
			1593	1029
			1592	1029
			1592	1030
			1591	1030
			1590	1030
			1589	1031
			1588	1031
			1587	1031
			1586	1032
			1585	1032
			1584	1032
			1583	1033
			1582	1033
			1581	1033
			1580	1034
			1579	1034
			1578	1035
			1577	1035
			1576	1035
			1575	1036
			1574	1036
			1573	1036
			1572	1037
			1571	1037
			1570	1037
			1569	1038
			1568	1038
			1567	1038
			1566	1038
			1565	1039
			1564	1039
			1563	1039
			1562	1040
			1561	1040
			1560	1040
			1559	1041
			1558	1041
			1557	1041
			1556	1042
			1555	1042
			1554	1042
			1553	1042
			1552	1043
			1551	1043
			1550	1043
			1549	1043
			1548	1044
			1547	1044
			1546	1044
			1545	1044
			1545	1045
			1544	1045
			1543	1045
			1542	1045
			1541	1046
			1540	1046
			1539	1046
			1538	1046
			1537	1047
			1536	1047
			1535	1047
			1534	1047
			1533	1048
			1532	1048
			1531	1048
			1530	1048
			1529	1049
			1528	1049
			1527	1049
			1526	1049
			1525	1050
			1524	1050
			1523	1050
			1522	1050
			1521	1051
			1520	1051
			1519	1051
			1518	1051
			1517	1051
			1516	1052
			1515	1052
			1514	1052
			1513	1052
			1512	1052
			1512	1053
			1511	1053
			1510	1053
			1509	1053
			1508	1053
			1507	1053
			1506	1054
			1505	1054
			1504	1054
			1503	1054
			1502	1054
			1501	1055
			1500	1055
			1499	1055
			1498	1055
			1497	1055
			1496	1055
			1495	1056
			1494	1056
			1493	1056
			1492	1056
			1491	1056
			1490	1056
			1489	1057
			1488	1057
			1487	1057
			1486	1057
			1485	1057
			1484	1057
			1483	1058
			1482	1058
			1481	1058
			1480	1058
			1479	1058
			1478	1058
			1477	1058
			1476	1059
			1475	1059
			1474	1059
			1473	1059
			1472	1059
			1471	1059
			1470	1059
			1469	1060
			1468	1060
			1467	1060
			1466	1060
			1465	1060
			1464	1060
			1463	1060
			1462	1060
			1461	1060
			1460	1061
			1459	1061
			1458	1061
			1457	1061
			1456	1061
			1455	1061
			1454	1061
			1453	1061
			1452	1061
			1451	1062
			1450	1062
			1449	1062
			1448	1062
			1447	1062
			1446	1062
			1445	1062
			1444	1062
			1443	1062
			1442	1062
			1441	1062
			1440	1062
			1439	1063
			1438	1063
			1437	1063
			1436	1063
			1435	1063
			1434	1063
			1433	1063
			1432	1063
			1431	1063
			1430	1063
			1429	1063
			1428	1063
			1427	1063
			1426	1063
			1425	1063
			1424	1063
			1423	1063
			1422	1064
			1421	1064
			1420	1064
			1419	1064
			1418	1064
			1417	1064
			1416	1064
			1415	1064
			1414	1064
			1413	1064
			1412	1064
			1411	1064
			1410	1064
			1409	1064
			1408	1064
			1407	1064
			1406	1064
			1405	1064
			1404	1064
			1403	1064
			1402	1064
			1401	1064
			1400	1064
			1399	1064
			1398	1064
			1397	1064
			1396	1064
			1395	1064
			1394	1064
			1393	1064
			1392	1064
			1391	1064
			1390	1064
			1389	1064
			1388	1064
			1387	1064
			1386	1064
			1385	1064
			1384	1064
			1383	1064
			1382	1064
			1381	1064
			1380	1064
			1379	1064
			1378	1064
			1377	1064
			1376	1064
			1375	1064
			1374	1064
			1373	1064
			1372	1064
			1371	1064
			1370	1064
			1369	1064
			1368	1064
			1367	1064
			1366	1063
			1365	1063
			1364	1063
			1363	1063
			1362	1063
			1361	1063
			1360	1063
			1359	1063
			1358	1063
			1357	1063
			1356	1063
			1355	1063
			1354	1063
			1353	1063
			1352	1063
			1351	1063
			1350	1063
			1349	1062
			1348	1062
			1347	1062
			1346	1062
			1345	1062
			1344	1062
			1343	1062
			1342	1062
			1341	1062
			1340	1062
			1339	1062
			1338	1062
			1337	1061
			1336	1061
			1335	1061
			1334	1061
			1333	1061
			1332	1061
			1331	1061
			1330	1061
			1329	1061
			1328	1061
			1327	1061
			1326	1060
			1325	1060
			1324	1060
			1323	1060
			1322	1060
			1321	1060
			1320	1060
			1319	1060
			1318	1060
			1317	1059
			1316	1059
			1315	1059
			1314	1059
			1313	1059
			1312	1059
			1311	1059
			1310	1059
			1309	1058
			1308	1058
			1307	1058
			1306	1058
			1305	1058
			1304	1058
			1303	1058
			1302	1057
			1301	1057
			1300	1057
			1299	1057
			1298	1057
			1297	1057
			1296	1057
			1295	1056
			1294	1056
			1293	1056
			1292	1056
			1291	1056
			1290	1056
			1289	1055
			1288	1055
			1287	1055
			1286	1055
			1285	1055
			1284	1055
			1283	1055
			1282	1054
			1281	1054
			1280	1054
			1279	1054
			1278	1054
			1277	1053
			1276	1053
			1275	1053
			1274	1053
			1273	1053
			1272	1053
			1271	1052
			1270	1052
			1269	1052
			1268	1052
			1267	1052
			1266	1051
			1265	1051
			1264	1051
			1263	1051
			1262	1051
			1261	1050
			1260	1050
			1259	1050
			1258	1050
			1257	1050
			1256	1049
			1255	1049
			1254	1049
			1253	1049
			1252	1048
			1251	1048
			1250	1047
			1249	1047
			1248	1047
			1247	1047
			1247	1046
			1246	1046
			1245	1046
			1244	1045
			1243	1045
			1242	1045
			1241	1044
			1240	1044
			1239	1044
			1238	1043
			1237	1043
			1236	1042
			1235	1042
			1234	1041
			1233	1041
			1232	1041
			1231	1040
			1230	1040
			1229	1039
			1228	1039
			1227	1039
			1227	1038
			1226	1038
			1225	1038
			1224	1038
			1224	1037
			1223	1037
			1222	1037
			1221	1036
			1220	1036
			1219	1035
			1218	1035
			1217	1034
			1216	1034
			1215	1034
			1214	1033
			1213	1032
			1212	1032
			1211	1032
			1210	1031
			1209	1031
			1208	1030
			1207	1030
			1206	1030
			1205	1029
			1204	1028
			1203	1028
			1202	1028
			1201	1027
			1200	1027
			1199	1026
			1198	1026
			1197	1025
			1196	1025
			1195	1024
			1194	1024
			1193	1023
			1192	1023
			1191	1022
			1190	1022
			1189	1021
			1188	1021
			1187	1020
			1186	1020
			1185	1019
			1184	1019
			1183	1018
			1182	1018
			1181	1017
			1180	1017
			1180	1016
			1179	1016
			1178	1015
			1177	1015
			1176	1014
			1175	1014
			1174	1013
			1173	1013
			1172	1012
			1171	1011
			1170	1011
			1169	1010
			1168	1010
			1167	1010
			1167	1009
			1166	1009
			1165	1008
			1164	1008
			1163	1007
			1162	1006
			1161	1006
			1160	1005
			1159	1005
			1159	1004
			1158	1004
			1157	1004
			1156	1003
			1155	1002
			1154	1002
			1153	1001
			1152	1001
			1151	1000
			1150	999
			1149	998
			1148	998
			1147	997
			1146	997
			1145	996
			1144	995
			1143	995
			1142	994
			1141	993
			1140	993
			1139	992
			1138	991
			1137	991
			1136	990
			1135	989
			1134	989
			1134	988
			1133	988
			1132	987
			1131	986
			1130	986
			1129	985
			1128	985
			1128	984
			1127	983
			1126	983
			1125	982
			1124	982
			1123	981
			1123	980
			1122	980
			1121	979
			1120	978
			1119	978
			1118	977
			1117	976
			1116	975
			1115	974
			1114	974
			1113	973
			1112	972
			1111	971
			1110	971
			1109	970
			1108	969
			1107	968
			1106	967
			1105	967
			1104	966
			1103	965
			1102	964
			1101	963
			1100	963
			1099	962
			1098	961
			1098	960
			1097	959
			1096	959
			1095	958
			1094	957
			1093	956
			1092	955
			1091	954
			1090	954
			1089	953
			1088	952
			1088	951
			1087	950
			1086	949
			1085	949
			1084	948
			1083	947
			1082	946
			1081	945
			1081	944
			1080	944
			1079	943
			1078	942
			1077	941
			1076	940
			1075	939
			1075	938
			1074	937
			1073	937
			1072	936
			1071	935
			1070	934
			1069	933
			1069	932
			1068	931
			1067	930
			1066	930
			1065	929
			1065	928
			1064	927
			1063	926
			1062	925
			1061	924
			1061	923
			1060	922
			1059	921
			1058	920
			1057	920
			1057	919
			1056	918
			1055	917
			1054	916
			1054	915
			1053	914
			1052	913
			1051	912
			1050	911
			1050	910
			1049	909
			1048	908
			1047	907
			1047	906
			1046	905
			1045	904
			1045	903
			1044	903
			1043	902
			1042	901
			1042	900
			1041	899
			1040	898
			1039	897
			1039	896
			1038	895
			1037	894
			1037	893
			1036	892
			1035	891
			1035	890
			1034	889
			1033	888
			1033	887
			1032	886
			1031	885
			1031	884
			1030	883
			1029	882
			1029	881
			1028	880
			1027	879
			1027	878
			1026	877
			1025	876
			1025	875
			1024	874
			1024	873
			1023	872
			1022	871
			1022	870
			1021	869
			1020	868
			1020	867
			1020	866
			1019	865
			1018	864
			1018	863
			1017	862
			1017	861
			1016	860
			1016	859
			1015	858
			1014	857
			1014	856
			1013	855
			1013	854
			1012	853
			1012	852
			1011	851
			1011	850
			1010	849
			1009	848
			1009	847
			1008	846
			1008	845
			1007	844
			1007	843
			1006	842
			1006	841
			1005	840
			1005	839
			1004	838
			1004	837
			1003	836
			1003	835
			1003	834
			1002	833
			1002	832
			1001	831
			1001	830
			1000	829
			1000	828
			999	827
			999	826
			998	825
			998	824
			997	823
			997	822
			997	821
			996	820
			996	819
			995	818
			995	817
			995	816
			994	815
			994	814
			993	813
			993	812
			993	811
			992	811
			992	810
			992	809
			992	808
			991	807
			991	806
			990	805
			990	804
			990	803
			989	802
			989	801
			989	800
			988	800
			988	799
			988	798
			987	797
			987	796
			987	795
			986	794
			986	793
			986	792
			985	791
			985	790
			985	789
			984	788
			984	787
			984	786
			983	786
			983	785
			983	784
			982	783
			982	782
			982	781
			982	780
			981	779
			981	778
			981	777
			980	776
			980	775
			980	774
			979	773
			979	772
			979	771
			979	770
			978	769
			978	768
			978	767
			977	766
			977	765
			977	764
			977	763
			976	762
			976	761
			976	760
			976	759
			975	758
			975	757
			975	756
			974	755
			974	754
			974	753
			974	752
			973	751
			973	750
			973	749
			973	748
			973	747
			972	747
			972	746
			972	745
			972	744
			972	743
			972	742
			971	741
			971	740
			971	739
			971	738
			971	737
			971	736
			971	735
			971	734
			971	733
			970	732
			970	731
			970	730
			970	729
			970	728
			970	727
			970	726
			970	725
			970	724
			970	723
			969	722
			969	721
			969	720
			969	719
			969	718
			969	717
			969	716
			969	715
			969	714
			969	713
			969	712
			968	711
			968	710
			968	709
			968	708
			968	707
			968	706
			968	705
			968	704
			968	703
			968	702
			968	701
			968	700
			968	699
			968	698
			968	697
			967	696
			967	695
			967	694
			967	693
			967	692
			967	691
			967	690
			967	689
			967	688
			967	687
			967	686
			967	685
			967	684
			967	683
			967	682
			967	681
			967	680
			967	679
			967	678
			967	677
			967	676
			967	675
			967	674
			967	673
			967	672
			967	671
			967	670
			967	669
			967	668
			967	667
			967	666
			967	665
			967	664
			967	663
			967	662
			967	661
			967	660
			967	659
			967	658
			967	657
			967	656
			967	655
			967	654
			967	653
			967	652
			967	651
			967	650
			967	649
			967	648
			967	647
			967	646
			967	645
			967	644
			967	643
			967	642
			967	641
			967	640
			967	639
			967	638
			967	637
			967	636
			967	635
			967	634
			967	633
			967	632
			968	631
			968	630
			968	629
			968	628
			968	627
			968	626
			968	625
			968	624
			968	623
			968	622
			968	621
			968	620
			968	619
			968	618
			969	617
			969	616
			969	615
			969	614
			969	613
			969	612
			969	611
			969	610
			969	609
			969	608
			970	607
			970	606
			970	605
			970	604
			970	603
			970	602
			970	601
			970	600
			970	599
			971	598
			971	597
			971	596
			971	595
			971	594
			971	593
			971	592
			972	591
			972	590
			972	589
			972	588
			972	587
			972	586
			972	585
			973	584
			973	583
			973	582
			973	581
			973	580
			973	579
			974	578
			974	577
			974	576
			974	575
			974	574
			974	573
			975	572
			975	571
			975	570
			975	569
			975	568
			976	567
			976	566
			976	565
			976	564
			976	563
			976	562
			977	561
			977	560
			977	559
			977	558
			978	557
			978	556
			978	555
			978	554
			979	553
			979	552
			979	551
			979	550
			979	549
			980	549
			980	548
			980	547
			980	546
			980	545
			981	545
			981	544
			981	543
			981	542
			981	541
			982	541
			982	540
			982	539
			982	538
			982	537
			983	537
			983	536
			983	535
			983	534
			984	533
			984	532
			984	531
			985	530
			985	529
			985	528
			985	527
			986	526
			986	525
			986	524
			987	523
			987	522
			987	521
			987	520
			988	519
			988	518
			988	517
			989	517
			989	516
			989	515
			990	514
			990	513
			990	512
			991	511
			991	510
			991	509
			991	508
			992	507
			992	506
			992	505
			993	504
			993	503
			994	502
			994	501
			994	500
			995	499
			995	498
			996	497
			996	496
			996	495
			997	494
			997	493
			998	492
			998	491
			998	490
			999	489
			999	488
			1000	487
			1000	486
			1000	485
			1001	484
			1001	483
			1001	482
			1002	482
			1002	481
			1003	480
			1003	479
			1004	478
			1004	477
			1004	476
			1005	475
			1005	474
			1006	473
			1006	472
			1006	471
			1007	470
			1008	469
			1008	468
			1009	467
			1009	466
			1010	465
			1010	464
			1011	463
			1011	462
			1011	461
			1012	461
			1012	460
			1013	459
			1013	458
			1013	457
			1014	457
			1014	456
			1015	455
			1015	454
			1016	453
			1016	452
			1017	451
			1017	450
			1018	449
			1018	448
			1019	447
			1019	446
			1020	445
			1021	444
			1021	443
			1022	442
			1022	441
			1023	441
			1023	440
			1023	439
			1024	439
			1024	438
			1025	437
			1025	436
			1026	435
			1027	434
			1027	433
			1027	432
			1028	432
			1028	431
			1029	430
			1029	429
			1030	429
			1030	428
			1031	427
			1031	426
			1032	426
			1032	425
			1033	424
			1033	423
			1034	422
			1035	421
			1035	420
			1036	419
			1037	418
			1037	417
			1038	416
			1039	415
			1040	414
			1040	413
			1041	412
			1042	411
			1043	410
			1043	409
			1044	408
			1044	407
			1045	407
			1045	406
			1046	405
			1046	404
			1047	404
			1048	403
			1048	402
			1049	401
			1050	400
			1051	399
			1051	398
			1052	397
			1053	396
			1053	395
			1054	394
			1055	394
			1055	393
			1056	392
			1057	391
			1058	390
			1058	389
			1059	388
			1060	387
			1061	386
			1062	385
			1063	384
			1064	383
			1064	382
			1065	381
			1066	380
			1067	379
			1068	378
			1069	377
			1069	376
			1070	375
			1071	375
			1071	374
			1072	373
			1073	372
			1074	371
			1075	370
			1076	369
			1077	368
			1077	367
			1078	366
			1079	366
			1080	365
			1081	364
			1082	363
			1082	362
			1083	361
			1084	360
			1085	359
			1086	359
			1087	358
			1088	357
			1088	356
			1089	355
			1090	354
			1091	353
			1092	353
			1093	352
			1094	351
			1095	350
			1095	349
			1096	348
			1097	347
			1098	347
			1099	346
			1100	345
			1101	344
			1102	343
			1103	342
			1104	342
			1104	341
			1105	340
			1106	339
			1107	338
			1108	338
			1109	337
			1110	336
			1111	335
			1112	334
			1113	333
			1114	333
			1115	332
			1116	331
			1117	330
			1118	329
			1119	329
			1120	328
			1121	327
			1122	326
			1123	325
			1124	325
			1125	324
			1125	323
			1126	322
			1127	321
			1128	321
			1129	320
			1130	320
			1131	320
			1131	319
			1132	319
			1133	318
			1134	318
			1135	317
			1136	316
			1137	316
			1138	315
			1139	315
			1140	314
			1141	314
			1142	313
			1143	312
			1144	312
			1145	311
			1146	311
			1147	310
			1148	310
			1149	309
			1150	309
			1151	308
			1152	308
			1153	307
			1154	307
			1155	306
			1156	306
			1157	305
			1158	305
			1159	304
			1160	304
			1160	303
			1161	303
			1162	302
			1163	302
			1164	301
			1165	301
			1166	300
			1167	300
			1168	299
			1169	299
			1170	298
			1171	298
			1172	297
			1173	297
			1174	296
			1175	296
			1176	296
			1177	295
			1178	295
			1179	294
			1180	294
			1181	293
			1182	293
			1183	292
			1184	292
			1185	291
			1186	291
			1187	291
			1188	290
			1189	289
			1190	289
			1191	289
			1192	288
			1193	288
			1194	287
			1195	287
			1196	286
			1197	286
			1198	286
			1198	285
			1199	285
			1200	285
			1201	284
			1202	284
			1203	284
			1203	283
			1204	283
			1205	283
			1206	282
			1207	282
			1208	282
			1208	281
			1209	281
			1210	281
			1211	280
			1212	280
			1213	279
			1214	279
			1215	279
			1216	278
			1217	278
			1218	277
			1219	277
			1220	277
			1221	276
			1222	276
			1223	276
			1224	275
			1225	275
			1226	274
			1227	274
			1228	274
			1229	273
			1230	273
			1231	273
			1232	272
			1233	272
			1234	272
			1235	271
			1236	271
			1237	271
			1238	270
			1239	270
			1240	270
			1241	269
			1242	269
			1243	269
			1244	268
			1245	268
			1246	268
			1247	268
			1248	267
			1249	267
			1250	267
			1251	266
			1252	266
			1253	266
			1254	265
			1255	265
			1256	265
			1257	265
			1258	264
			1259	264
			1260	264
			1261	263
			1262	263
			1263	263
			1264	262
			1265	262
			1266	262
			1267	262
			1268	261
			1269	261
			1270	261
			1271	261
			1272	261
			1273	260
			1274	260
			1275	260
			1276	259
			1277	259
			1278	259
			1279	259
			1280	258
			1281	258
			1282	258
			1283	258
			1284	258
			1285	257
			1286	257
			1287	257
			1288	257
			1289	256
			1290	256
			1291	256
			1292	256
			1293	256
			1294	255
			1295	255
			1296	255
			1297	255
			1298	255
			1299	255
			1300	254
			1301	254
			1302	254
			1303	254
			1304	254
			1305	253
			1306	253
			1307	253
			1308	253
			1309	253
			1310	253
			1311	253
			1312	252
			1313	252
			1314	252
			1315	252
			1316	252
			1317	252
			1318	252
			1319	251
			1320	251
			1321	251
			1322	251
			1323	251
			1324	251
			1325	251
			1326	251
			1327	250
			1328	250
			1329	250
			1330	250
			1331	250
			1332	250
			1333	250
			1334	250
			1335	250
			1336	250
			1337	249
			1338	249
			1339	249
			1340	249
			1341	249
			1342	249
			1343	249
			1344	249
			1345	249
			1346	249
			1347	249
			1348	249
			1349	249
			1350	249
			1351	249
			1352	249
			1353	248
			1354	248
			1355	248
			1356	248
			1357	248
			1358	248
			1359	248
			1360	248
			1361	248
			1362	248
			1363	248
			1364	248
			1365	248
			1366	248
			1367	248
			1368	248
			1369	248
			1370	248
			1371	248
			1372	248
			1373	248
			1374	248
			1375	248
			1376	248
			1377	248
			1378	248
			1379	248
			1380	248
			1381	248
			1382	248
			1383	248
			1384	248
			1385	248
			1386	248
			1387	249
			1388	249
			1389	249
			1390	249
			1391	249
			1392	249
			1393	249
			1394	249
			1395	249
			1396	249
			1397	249
			1398	249
			1399	249
			1400	249
			1401	249
			1402	250
			1403	250
			1404	250
			1405	250
			1406	250
			1407	250
			1408	250
			1409	250
			1410	250
			1411	250
			1412	251
			1413	251
			1414	251
			1415	251
			1416	251
			1417	251
			1418	251
			1419	251
			1420	252
			1421	252
			1422	252
			1423	252
			1424	252
			1425	252
			1426	253
			1427	253
			1428	253
			1429	253
			1430	253
			1431	253
			1432	253
			1433	254
			1434	254
			1435	254
			1436	254
			1437	254
			1438	255
			1439	255
			1440	255
			1441	255
			1442	255
			1443	256
			1444	256
			1445	256
			1446	256
			1447	256
			1448	257
			1449	257
			1450	257
			1451	257
			1452	257
			1453	258
			1454	258
			1455	258
			1456	258
			1457	259
			1458	259
			1459	259
			1460	259
			1461	260
			1462	260
			1463	260
			1464	260
			1465	261
			1466	261
			1467	261
			1468	262
			1469	262
			1470	262
			1471	262
			1472	263
			1473	263
			1474	263
			1475	263
			1476	264
			1477	264
			1478	264
			1479	265
			1480	265
			1481	265
			1482	266
			1483	266
			1484	266
			1485	267
			1486	267
			1487	267
			1488	268
			1489	268
			1490	268
			1491	269
			1492	269
			1493	269
			1494	270
			1495	270
			1496	270
			1497	271
			1498	271
			1499	271
			1500	272
			1501	272
			1502	272
			1503	273
			1504	273
			1505	273
			1506	274
			1507	274
			1508	275
			1509	275
			1510	275
			1511	276
			1512	276
			1513	277
			1514	277
			1515	278
			1516	278
			1517	278
			1518	279
			1519	279
			1520	280
			1521	280
			1522	281
			1523	281
			1524	281
			1525	282
			1526	282
			1527	283
			1528	283
			1529	284
			1530	284
			1531	285
			1532	285
			1533	286
			1534	286
			1535	287
			1536	287
			1537	288
			1538	288
			1539	289
			1540	289
			1541	290
			1542	290
			1543	291
			1544	291
			1545	292
			1546	292
			1547	293
			1548	293
			1549	294
			1550	294
			1551	295
			1552	295
			1553	296
			1554	296
			1555	297
			1556	297
			1557	298
			1558	298
			1559	299
			1560	300
			1561	300
			1562	301
			1563	301
			1564	302
			1565	302
			1566	303
			1567	304
			1568	304
			1569	305
			1570	305
			1571	306
			1572	306
			1573	307
			1574	308
			1575	308
			1576	309
			1577	309
			1578	310
			1579	311
			1580	311
			1581	312
			1582	312
			1583	313
			1584	314
			1585	314
			1586	315
			1587	316
			1588	316
			1589	317
			1590	318
			1591	318
			1592	319
			1593	319
			1594	320
			1595	321
			1596	321
			1597	322
			1598	323
			1599	323
			1600	324
			1601	325
			1602	325
			1603	326
			1604	327
			1605	328
			1606	328
			1607	329
			1608	330
			1609	330
			1610	331
			1611	332
			1612	332
			1613	333
			1614	334
			1615	334
			1615	335
			1616	335
			1617	336
			1618	336
			1619	337
			1620	337
			1621	337
			1621	338
			1622	338
			1623	339
			1624	339
			1625	340
			1626	340
			1627	341
			1628	341
			1629	342
			1630	342
			1631	343
			1632	344
			1633	344
			1634	345
			1635	346
			1636	346
			1637	346
			1637	347
			1638	347
			1639	347
			1639	348
			1640	348
			1640	349
			1641	349
			1642	349
			1642	350
			1643	350
			1644	350
			1644	351
			1645	351
			1645	352
			1646	352
			1647	352
			1647	353
			1648	353
			1649	354
			1650	354
			1651	355
			1652	356
			1653	357
			1654	357
			1655	358
			1656	358
			1656	359
			1657	359
			1658	360
			1659	361
			1660	361
			1661	362
			1662	363
			1663	364
			1664	365
			1665	365
			1666	366
			1667	367
			1668	368
			1669	368
			1670	369
			1671	370
			1672	371
			1673	372
			1674	372
			1675	373
			1676	374
			1677	375
			1678	375
			1679	376
			1680	377
			1681	378
			1682	379
			1683	380
			1684	380
			1685	381
			1686	382
			1687	383
			1688	384
			1689	385
			1690	385
			1690	386
			1691	387
			1692	388
			1693	389
			1694	390
			1695	390
			1696	391
			1697	392
			1698	393
			1699	394
			1700	395
			1700	396
			1701	397
			1702	398
			1703	398
			1704	399
			1705	400
			1706	401
			1707	402
			1707	403
			1708	404
			1709	405
			1710	406
			1711	407
			1712	408
			1713	409
			1713	410
			1714	411
			1715	412
			1716	412
			1717	413
			1718	414
			1719	415
			1719	416
			1720	417
			1721	418
			1722	419
			1723	420
			1723	421
			1724	422
			1725	423
			1726	424
			1727	425
			1727	426
			1728	427
			1729	428
			1730	429
			1731	430
			1731	431
			1732	432
			1733	433
			1733	434
			1734	435
			1735	436
			1736	437
			1736	438
			1737	439
			1737	440
			1738	440
			1738	441
			1739	442
			1739	443
			1740	443
			1741	444
			1741	445
			1742	446
			1742	447
			1743	447
			1743	448
			1744	449
			1744	450
			1745	450
			1745	451
			1746	452
			1746	453
			1747	454
			1748	455
			1749	456
			1749	457
			1750	458
			1750	459
			1751	460
			1752	461
			1752	462
			1753	463
			1753	464
			1754	465
			1755	466
			1755	467
			1756	468
			1756	469
			1757	470
			1757	471
			1758	472
			1759	473
			1759	474
			1760	475
			1760	476
			1761	477
			1761	478
			1762	479
			1763	480
			1763	481
			1764	482
			1764	483
			1765	484
			1765	485
			1766	486
			1766	487
			1767	488
			1767	489
			1767	490
			1768	490
			1768	491
			1769	492
			1769	493
			1770	494
			1770	495
			1771	496
			1771	497
			1771	498
			1772	499
			1772	500
			1773	501
			1773	502
			1774	503
			1774	504
			1775	505
			1775	506
			1776	507
			1776	508
			1776	509
			1777	509
			1777	510
			1777	511
			1778	511
			1778	512
			1778	513
			1779	513
			1779	514
			1779	515
			1779	516
			1780	516
			1780	517
			1780	518
			1781	518
			1781	519
			1781	520
			1782	520
			1782	521
			1782	522
			1782	523
			1783	523
			1783	524
			1783	525
			1784	525
			1784	526
			1784	527
			1784	528
			1785	528
			1785	529
			1785	530
			1786	531
			1786	532
			1787	533
			1787	534
			1787	535
			1788	536
			1788	537
			1788	538
			1789	539
			1789	540
			1789	541
			1790	541
			1790	542
			1790	543
			1791	544
			1791	545
			1791	546
			1792	547
			1792	548
			1792	549
			1793	550
			1793	551
			1793	552
			1794	553
			1794	554
			1794	555
			1795	556
			1795	557
			1795	558
			1796	559
			1796	560
			1796	561
			1797	562
			1797	563
			1797	564
			1798	565
			1798	566
			1798	567
			1798	568
			1799	569
			1799	570
			1799	571
			1800	572
			1800	573
			1800	574
			1801	575
			1801	576
			1801	577
			1801	578
			1802	579
			1802	580
			1802	581
			1803	582
			1803	583
			1803	584
			1803	585
			1804	586
			1804	587
			1804	588
			1804	589
			1805	590
			1805	591
			1805	592
			1805	593
			1806	594
			1806	595
			1806	596
			1807	597
			1807	598
			1807	599
			1807	600
			1808	601
			1808	602
			1808	603
			1808	604
			1809	605
			1809	606
			1809	607
			1809	608
			1809	609
			1809	610
			1809	611
			1810	611
			1810	612
			1810	613
			1810	614
			1810	615
			1810	616
			1810	617
			1810	618
			1810	619
			1811	620
			1811	621
			1811	622
			1811	623
			1811	624
			1811	625
			1811	626
			1811	627
			1811	628
			1811	629
			1812	629
			1812	630
			1812	631
			1812	632
			1812	633
			1812	634
			1812	635
			1812	636
			1812	637
			1812	638
			1812	639
			1812	640
			1812	641
			1813	642
			1813	643
			1813	644
			1813	645
			1813	646
			1813	647
			1813	648
			1813	649
			1813	650
			1813	651
			1813	652
			1813	653
			1813	654
			1813	655
			1813	656
			1813	657
			1813	658
			1813	659
			1813	660
			1814	661
			1814	662
			1814	663
			1814	664
			1814	665
			1814	666
			1814	667
			1814	668
			1814	669
			1814	670
			1814	671
			1814	672
			1814	673
			1814	674
			1814	675
			1814	676
			1814	677
			1814	678
			1814	679
			1814	680
			1814	681
			1814	682
			1814	683
			1814	684
			1814	685
			1814	686
			1814	687
			1814	688
			1814	689
			1814	690
			1814	691
			1814	692
			1814	693
			1814	694
			1813	695
			1813	696
			1813	697
			1813	698
			1813	699
			1813	700
			1813	701
			1813	702
			1813	703
			1813	704
			1813	705
			1813	706
			1813	707
			1813	708
			1813	709
			1813	710
			1813	711
			1813	712
			1812	713
			1812	714
			1812	715
			1812	716
			1812	717
			1812	718
			1812	719
			1812	720
			1812	721
			1812	722
			1812	723
			1812	724
			1811	725
			1811	726
			1811	727
			1811	728
			1811	729
			1811	730
			1811	731
			1811	732
			1811	733
			1810	733
			1810	734
			1810	735
			1810	736
			1810	737
			1810	738
			1810	739
			1810	740
			1810	741
			1809	741
			1809	742
			1809	743
			1809	744
			1809	745
			1809	746
			1809	747
			1808	748
			1808	749
			1808	750
			1808	751
			1808	752
			1808	753
			1807	754
			1807	755
			1807	756
			1807	757
			1807	758
			1807	759
			1806	760
			1806	761
			1806	762
			1806	763
			1806	764
			1805	765
			1805	766
			1805	767
			1805	768
			1805	769
			1804	769
			1804	770
			1804	771
			1804	772
			1804	773
			1804	774
			1803	774
			1803	775
			1803	776
			1803	777
			1803	778
			1802	778
			1802	779
			1802	780
			1802	781
			1802	782
			1801	782
			1801	783
			1801	784
			1801	785
			1801	786
			1800	786
			1800	787
			1800	788
			1800	789
			1800	790
			1799	790
			1799	791
			1799	792
			1799	793
			1799	794
			1798	794
			1798	795
			1798	796
			1798	797
			1797	798
			1797	799
			1797	800
			1796	801
			1796	802
			1796	803
			1795	804
			1795	805
			1795	806
			1795	807
			1794	808
			1794	809
			1794	810
			1793	811
			1793	812
			1792	813
			1792	814
			1792	815
			1792	816
			1791	817
			1791	818
			1791	819
			1790	820
			1790	821
			1789	822
			1789	823
			1789	824
			1788	825
			1788	826
			1788	827
			1787	828
			1787	829
			1786	830
			1786	831
			1786	832
			1785	833
			1785	834
			1785	835
			1784	836
			1784	837
			1783	838
			1783	839
			1782	840
			1782	841
			1782	842
			1781	842
			1781	843
			1781	844
			1780	845
			1780	846
			1779	847
			1779	848
			1779	849
			1778	850
			1778	851
			1777	851
			1777	852
			1777	853
			1776	854
			1776	855
			1775	856
			1775	857
			1774	858
			1774	859
			1773	860
			1773	861
			1772	862
			1772	863
			1771	864
			1771	865
			1771	866
			1770	867
			1770	868
			1769	869
			1768	870
			1768	871
			1767	872
			1767	873
			1766	874
			1765	875
			1765	876
			1765	877
			1764	878
			1764	879
			1763	879
			1763	880
			1762	881
			1762	882
			1761	883
			1761	884
			1760	885
			1759	886
			1759	887
			1758	888
			1758	889
			1757	890
			1757	891
			1756	892
			1755	893
			1755	894
			1754	895
			1754	896
			1753	897
			1752	897
			1752	898
			1751	899
			1751	900
			1750	901
			1749	902
			1749	903
			1748	904
			1748	905
			1747	906
			1746	907
			1746	908
			1745	909
			1745	910
			1744	911
			1743	912
			1742	913
			1741	914
			1741	915
			1740	916
			1739	917
			1738	918
			1738	919
			1737	920
			1737	921
			1736	922
			1735	922
			1735	923
			1734	924
			1734	925
			1733	926
			1732	927
			1731	928
			1731	929
			1730	930
			1729	931
			1728	932
			1728	933
			1727	934
			1726	935
			1725	936
			1724	937
			1723	938
			1723	939
			1722	939
			1722	940
			1721	941
			1720	942
			1719	943
			1718	944
			1718	945
			1717	946
			1716	947
			1715	948
			1714	949
			1713	950
			1713	951
			1712	952
			1711	953
			1710	954
			1709	955
			1708	956
			1708	957
			1707	958
			1706	958
			1705	959
			1704	960
			1703	961
			1702	962
			1702	963
			1701	964
			1700	965
			1699	966
			1698	967
			1697	968
			1696	969
			1695	970
			1694	971
			1693	972
			1692	973
			1691	974
			1690	975
			1689	976
			1688	977
			1687	978
			1686	979
			1685	979
			1685	980
			1684	981
			1683	982
			1682	983
			1681	983
			1681	984
			1680	985
			1679	986
			1678	986
			1677	987
			1677	988
			1676	989
			1675	989
			1674	990
			1673	991
			1672	992
			1672	993
			1671	993
		</Eye>
	</curves.pixel>
	<ruler.points type=matrix rownames=TRUE colnames=FALSE nrow=2 ncol=2 as.numeric=TRUE >
		Ruler point 1	2	1894
		Ruler point 2	104	1894
	</ruler.points>
</shapes>

