<shapes type=list>
	<scaling type=logical names=FALSE length=1 as.numeric=FALSE >NA</scaling>
	<landmarks.pixel type=matrix rownames=TRUE colnames=FALSE nrow=11 ncol=2 as.numeric=TRUE >
		LM1Forehead	1850	262
		LM2UJFront	2398	1541
		LM3UJBack	1781	1703
		LM4LacOrb	1741	1066
		LM5QJoint	1712	1737
		LM6IOPL	1685	1899
		LM7IOPSOP	443	1974
		LM8A2A1	809	1315
		LM9A1A3	791	896
		LM10TopMuscR	658	714
		LM11TopMuscL	78	614
	</landmarks.pixel>
	<curves.control type=list>
		<Profile type=matrix rownames=FALSE colnames=FALSE nrow=7 ncol=2 as.numeric=TRUE >
			1850	262
			2195	518
			2387	770
			2801	1288
			2683	1436
			2510	1727
			2398	1541
		</Profile>
		<Eye type=matrix rownames=FALSE colnames=FALSE nrow=13 ncol=2 as.numeric=TRUE >
			1741	1066
			1554	1249
			1273	1179
			996	1086
			967	785
			1016	454
			1199	360
			1430	257
			1637	370
			1835	474
			1869	711
			1874	933
			1741	1066
		</Eye>
	</curves.control>
	<curves.pixel type=list>
		<Profile type=matrix rownames=FALSE colnames=FALSE nrow=1653 ncol=2 as.numeric=TRUE >
			1850	262
			1851	263
			1852	264
			1853	264
			1854	265
			1855	266
			1856	267
			1857	267
			1858	268
			1859	269
			1860	270
			1861	270
			1862	271
			1863	272
			1864	273
			1865	273
			1866	274
			1867	275
			1868	275
			1869	276
			1870	277
			1871	277
			1872	278
			1873	279
			1873	280
			1874	280
			1875	281
			1876	282
			1877	282
			1878	283
			1879	284
			1880	284
			1881	285
			1882	286
			1883	287
			1884	287
			1885	288
			1885	289
			1886	289
			1887	290
			1888	291
			1889	291
			1890	292
			1891	293
			1892	294
			1893	294
			1894	295
			1895	296
			1896	296
			1896	297
			1897	298
			1898	298
			1899	299
			1900	300
			1901	300
			1902	301
			1903	302
			1904	303
			1905	303
			1906	304
			1906	305
			1907	305
			1908	306
			1909	307
			1910	307
			1911	308
			1912	309
			1913	310
			1914	310
			1915	311
			1916	312
			1917	313
			1918	314
			1919	315
			1920	315
			1921	316
			1922	317
			1923	318
			1924	318
			1925	319
			1926	320
			1927	321
			1928	321
			1929	322
			1930	323
			1931	324
			1932	324
			1933	325
			1934	326
			1935	327
			1936	327
			1936	328
			1937	329
			1938	329
			1939	330
			1940	331
			1941	332
			1942	332
			1943	333
			1944	334
			1945	334
			1946	335
			1947	336
			1947	337
			1948	337
			1949	338
			1950	339
			1951	340
			1952	340
			1953	341
			1954	342
			1955	342
			1956	343
			1957	344
			1957	345
			1958	345
			1959	346
			1960	347
			1961	347
			1962	348
			1963	349
			1964	350
			1965	350
			1966	351
			1966	352
			1967	353
			1968	353
			1969	354
			1970	355
			1971	355
			1972	356
			1973	357
			1974	358
			1975	358
			1975	359
			1976	360
			1977	360
			1978	361
			1979	362
			1980	363
			1981	363
			1982	364
			1983	365
			1983	366
			1984	366
			1985	367
			1986	368
			1987	368
			1988	369
			1989	370
			1990	371
			1991	371
			1991	372
			1992	373
			1993	373
			1994	374
			1995	375
			1996	376
			1997	376
			1998	377
			1999	378
			1999	379
			2000	379
			2001	380
			2002	381
			2003	381
			2004	382
			2005	383
			2006	384
			2007	385
			2008	386
			2009	387
			2010	388
			2011	389
			2012	389
			2013	390
			2014	390
			2014	391
			2015	391
			2016	392
			2017	393
			2018	394
			2019	395
			2020	396
			2021	396
			2022	397
			2022	398
			2023	398
			2024	399
			2025	399
			2025	400
			2026	401
			2027	401
			2028	402
			2028	403
			2029	403
			2030	404
			2031	405
			2032	406
			2033	407
			2034	407
			2035	408
			2036	409
			2037	410
			2038	411
			2039	412
			2040	413
			2041	414
			2042	414
			2043	415
			2044	416
			2045	417
			2046	418
			2047	418
			2048	419
			2048	420
			2049	420
			2050	421
			2051	421
			2051	422
			2052	423
			2053	423
			2054	424
			2054	425
			2055	425
			2056	426
			2057	427
			2058	428
			2059	429
			2060	429
			2061	430
			2062	431
			2063	432
			2063	433
			2064	433
			2065	434
			2066	435
			2067	436
			2068	436
			2069	437
			2070	438
			2071	439
			2071	440
			2072	440
			2073	441
			2074	442
			2075	443
			2076	443
			2077	444
			2078	445
			2079	446
			2079	447
			2080	447
			2081	448
			2082	449
			2083	450
			2084	450
			2085	451
			2086	452
			2086	453
			2087	453
			2088	454
			2089	455
			2090	456
			2091	457
			2092	457
			2093	458
			2093	459
			2094	460
			2095	460
			2096	461
			2097	462
			2098	463
			2099	464
			2100	465
			2101	466
			2102	467
			2103	468
			2104	469
			2105	469
			2106	470
			2107	471
			2108	472
			2109	473
			2110	474
			2111	475
			2112	475
			2112	476
			2113	477
			2114	477
			2115	478
			2115	479
			2116	479
			2117	480
			2118	481
			2119	482
			2120	483
			2121	484
			2122	485
			2123	486
			2124	486
			2125	487
			2126	488
			2127	489
			2127	490
			2128	491
			2129	491
			2130	492
			2131	493
			2132	494
			2133	495
			2134	495
			2134	496
			2135	497
			2136	498
			2137	499
			2138	499
			2139	500
			2140	501
			2140	502
			2141	503
			2142	503
			2143	504
			2144	505
			2145	506
			2146	507
			2147	508
			2148	509
			2149	510
			2150	511
			2151	512
			2152	513
			2153	514
			2154	515
			2155	515
			2156	516
			2156	517
			2157	517
			2158	518
			2159	519
			2160	520
			2161	521
			2162	522
			2163	523
			2164	524
			2165	524
			2165	525
			2166	526
			2167	527
			2168	528
			2169	529
			2170	530
			2171	530
			2172	531
			2173	532
			2173	533
			2174	534
			2175	535
			2176	535
			2177	536
			2178	537
			2179	538
			2179	539
			2180	540
			2181	540
			2182	541
			2183	542
			2184	543
			2185	544
			2185	545
			2186	545
			2187	546
			2188	547
			2189	548
			2190	549
			2191	550
			2192	551
			2193	552
			2194	553
			2195	554
			2196	555
			2197	556
			2198	557
			2199	558
			2200	559
			2201	560
			2202	561
			2203	562
			2204	563
			2205	564
			2206	565
			2207	566
			2208	567
			2209	568
			2210	569
			2211	570
			2212	571
			2213	572
			2214	573
			2215	574
			2216	575
			2217	576
			2218	577
			2219	578
			2220	579
			2221	580
			2222	581
			2223	582
			2224	583
			2225	584
			2226	585
			2227	586
			2228	587
			2229	588
			2230	589
			2231	590
			2232	591
			2233	592
			2234	593
			2235	594
			2236	595
			2237	596
			2238	597
			2239	598
			2240	599
			2241	600
			2242	601
			2242	602
			2243	603
			2244	604
			2245	605
			2246	606
			2247	607
			2248	608
			2249	609
			2250	610
			2251	611
			2252	612
			2253	613
			2254	614
			2255	615
			2256	616
			2257	617
			2258	618
			2258	619
			2259	620
			2260	621
			2261	622
			2262	623
			2263	624
			2264	625
			2265	626
			2266	627
			2267	628
			2268	629
			2269	630
			2270	631
			2271	632
			2271	633
			2272	634
			2273	635
			2274	636
			2275	637
			2276	638
			2277	639
			2278	640
			2279	641
			2280	642
			2281	643
			2281	644
			2282	645
			2283	646
			2284	647
			2285	648
			2286	649
			2287	650
			2288	651
			2289	652
			2290	653
			2290	654
			2291	655
			2292	656
			2293	657
			2294	658
			2295	659
			2296	660
			2297	661
			2298	662
			2298	663
			2299	664
			2300	665
			2301	666
			2302	667
			2303	668
			2304	669
			2305	670
			2305	671
			2306	672
			2307	673
			2308	674
			2309	675
			2310	676
			2311	676
			2311	677
			2312	678
			2313	679
			2314	680
			2315	681
			2316	682
			2317	683
			2317	684
			2318	685
			2319	686
			2320	687
			2321	688
			2322	689
			2323	690
			2323	691
			2324	692
			2325	693
			2326	694
			2327	695
			2328	696
			2329	697
			2329	698
			2330	699
			2331	700
			2332	701
			2333	702
			2334	703
			2334	704
			2335	705
			2336	706
			2337	707
			2338	708
			2339	709
			2339	710
			2340	711
			2341	712
			2342	713
			2343	714
			2343	715
			2344	716
			2345	717
			2346	718
			2347	719
			2348	720
			2348	721
			2349	722
			2350	723
			2351	724
			2352	725
			2352	726
			2353	727
			2354	728
			2355	729
			2356	730
			2356	731
			2357	732
			2358	733
			2359	734
			2360	735
			2360	736
			2361	737
			2362	738
			2363	739
			2364	740
			2364	741
			2365	742
			2366	743
			2367	744
			2367	745
			2368	746
			2369	747
			2370	748
			2371	749
			2371	750
			2372	751
			2373	752
			2374	753
			2374	754
			2375	755
			2376	756
			2377	757
			2378	758
			2378	759
			2379	760
			2380	761
			2381	762
			2381	763
			2382	764
			2383	765
			2384	766
			2384	767
			2385	768
			2386	769
			2387	770
			2388	771
			2389	772
			2389	773
			2390	774
			2391	775
			2392	776
			2393	777
			2394	778
			2394	779
			2395	780
			2396	781
			2396	782
			2397	783
			2398	784
			2399	784
			2399	785
			2400	786
			2401	787
			2401	788
			2402	789
			2403	790
			2403	791
			2404	791
			2405	792
			2405	793
			2406	794
			2407	795
			2407	796
			2408	797
			2409	797
			2409	798
			2410	799
			2411	800
			2411	801
			2412	802
			2413	803
			2414	804
			2415	805
			2416	806
			2417	807
			2417	808
			2418	809
			2419	810
			2420	811
			2420	812
			2421	813
			2422	814
			2423	815
			2424	816
			2424	817
			2425	818
			2425	819
			2426	819
			2426	820
			2427	821
			2428	822
			2429	823
			2430	824
			2431	825
			2431	826
			2432	827
			2433	828
			2433	829
			2434	830
			2435	831
			2436	832
			2437	833
			2437	834
			2438	835
			2439	836
			2440	837
			2440	838
			2441	838
			2441	839
			2441	840
			2442	840
			2442	841
			2443	841
			2443	842
			2444	843
			2445	844
			2446	845
			2447	846
			2447	847
			2448	848
			2448	849
			2449	849
			2450	850
			2450	851
			2451	852
			2452	853
			2452	854
			2453	855
			2454	856
			2454	857
			2455	858
			2456	858
			2456	859
			2457	860
			2458	861
			2458	862
			2459	863
			2460	864
			2460	865
			2461	865
			2462	866
			2462	867
			2463	868
			2464	869
			2464	870
			2465	871
			2466	872
			2467	873
			2468	874
			2469	875
			2469	876
			2470	877
			2471	878
			2471	879
			2472	880
			2473	881
			2473	882
			2474	883
			2475	883
			2475	884
			2476	885
			2476	886
			2477	886
			2477	887
			2478	888
			2478	889
			2479	889
			2480	890
			2480	891
			2481	892
			2482	893
			2482	894
			2483	895
			2484	896
			2484	897
			2485	898
			2486	899
			2487	900
			2488	901
			2489	902
			2489	903
			2490	904
			2490	905
			2491	905
			2491	906
			2492	907
			2493	908
			2494	909
			2494	910
			2495	911
			2496	912
			2496	913
			2497	913
			2497	914
			2498	915
			2498	916
			2499	917
			2500	918
			2501	919
			2501	920
			2502	921
			2503	922
			2503	923
			2504	923
			2504	924
			2505	925
			2506	926
			2506	927
			2507	928
			2508	929
			2508	930
			2509	931
			2510	932
			2511	933
			2512	934
			2512	935
			2513	936
			2513	937
			2514	937
			2514	938
			2515	939
			2516	940
			2516	941
			2517	942
			2518	943
			2518	944
			2519	945
			2520	946
			2521	947
			2521	948
			2522	949
			2523	950
			2523	951
			2524	952
			2524	953
			2525	953
			2526	954
			2526	955
			2527	956
			2528	957
			2528	958
			2529	959
			2530	960
			2530	961
			2531	962
			2532	963
			2533	964
			2533	965
			2534	966
			2535	967
			2535	968
			2536	969
			2537	970
			2537	971
			2538	971
			2538	972
			2539	973
			2539	974
			2540	975
			2541	976
			2541	977
			2542	978
			2543	979
			2543	980
			2544	981
			2544	982
			2545	983
			2546	983
			2546	984
			2547	985
			2548	986
			2548	987
			2549	988
			2549	989
			2550	990
			2551	991
			2551	992
			2552	993
			2553	994
			2554	995
			2554	996
			2555	997
			2556	998
			2556	999
			2557	1000
			2557	1001
			2558	1002
			2559	1003
			2560	1004
			2560	1005
			2561	1006
			2561	1007
			2562	1008
			2563	1009
			2563	1010
			2564	1011
			2565	1012
			2565	1013
			2566	1013
			2566	1014
			2567	1015
			2568	1016
			2568	1017
			2569	1018
			2569	1019
			2570	1020
			2571	1021
			2571	1022
			2572	1023
			2572	1024
			2573	1024
			2573	1025
			2574	1026
			2575	1027
			2575	1028
			2576	1029
			2576	1030
			2577	1031
			2578	1032
			2578	1033
			2579	1033
			2579	1034
			2580	1035
			2580	1036
			2581	1037
			2582	1038
			2582	1039
			2583	1040
			2583	1041
			2584	1042
			2585	1043
			2586	1044
			2586	1045
			2586	1046
			2587	1046
			2587	1047
			2588	1048
			2588	1049
			2589	1050
			2590	1051
			2590	1052
			2591	1053
			2591	1054
			2592	1055
			2593	1056
			2593	1057
			2594	1058
			2595	1059
			2595	1060
			2596	1061
			2596	1062
			2597	1062
			2597	1063
			2598	1064
			2598	1065
			2599	1066
			2599	1067
			2600	1068
			2601	1069
			2601	1070
			2602	1071
			2603	1072
			2603	1073
			2604	1074
			2604	1075
			2605	1076
			2606	1077
			2606	1078
			2607	1079
			2607	1080
			2608	1081
			2609	1082
			2609	1083
			2610	1084
			2610	1085
			2611	1086
			2611	1087
			2612	1088
			2612	1089
			2613	1089
			2613	1090
			2614	1091
			2614	1092
			2615	1093
			2616	1094
			2616	1095
			2617	1096
			2617	1097
			2618	1098
			2619	1099
			2619	1100
			2620	1101
			2620	1102
			2621	1103
			2621	1104
			2622	1105
			2622	1106
			2623	1107
			2624	1108
			2624	1109
			2625	1110
			2625	1111
			2626	1112
			2626	1113
			2627	1114
			2627	1115
			2628	1116
			2629	1117
			2629	1118
			2630	1119
			2630	1120
			2631	1121
			2632	1122
			2632	1123
			2632	1124
			2633	1125
			2634	1126
			2634	1127
			2635	1128
			2635	1129
			2636	1130
			2636	1131
			2637	1132
			2637	1133
			2638	1134
			2638	1135
			2639	1135
			2639	1136
			2640	1137
			2640	1138
			2641	1139
			2641	1140
			2642	1141
			2642	1142
			2642	1143
			2643	1144
			2643	1145
			2644	1146
			2645	1147
			2645	1148
			2646	1149
			2646	1150
			2647	1151
			2647	1152
			2648	1153
			2648	1154
			2649	1155
			2649	1156
			2650	1157
			2650	1158
			2651	1159
			2651	1160
			2652	1161
			2652	1162
			2653	1163
			2653	1164
			2654	1165
			2654	1166
			2655	1167
			2655	1168
			2656	1169
			2656	1170
			2657	1171
			2657	1172
			2657	1173
			2658	1174
			2659	1175
			2659	1176
			2659	1177
			2660	1178
			2660	1179
			2661	1180
			2661	1181
			2662	1182
			2662	1183
			2663	1183
			2663	1184
			2663	1185
			2664	1186
			2664	1187
			2665	1188
			2665	1189
			2665	1190
			2666	1191
			2666	1192
			2667	1193
			2668	1194
			2668	1195
			2668	1196
			2669	1197
			2669	1198
			2670	1199
			2670	1200
			2670	1201
			2671	1202
			2671	1203
			2672	1204
			2672	1205
			2673	1206
			2673	1207
			2673	1208
			2674	1209
			2674	1210
			2675	1211
			2675	1212
			2676	1213
			2676	1214
			2676	1215
			2677	1215
			2677	1216
			2677	1217
			2678	1218
			2678	1219
			2678	1220
			2679	1221
			2679	1222
			2680	1223
			2680	1224
			2680	1225
			2681	1226
			2681	1227
			2681	1228
			2682	1229
			2682	1230
			2682	1231
			2683	1231
			2683	1232
			2684	1233
			2684	1234
			2684	1235
			2685	1236
			2685	1237
			2685	1238
			2686	1239
			2686	1240
			2686	1241
			2687	1242
			2687	1243
			2687	1244
			2688	1244
			2688	1245
			2688	1246
			2688	1247
			2689	1248
			2689	1249
			2690	1250
			2690	1251
			2690	1252
			2691	1253
			2691	1254
			2691	1255
			2691	1256
			2692	1257
			2692	1258
			2692	1259
			2693	1260
			2693	1261
			2694	1262
			2694	1263
			2694	1264
			2694	1265
			2695	1266
			2695	1267
			2695	1268
			2695	1269
			2696	1270
			2696	1271
			2696	1272
			2697	1273
			2697	1274
			2697	1275
			2697	1276
			2698	1276
			2698	1277
			2698	1278
			2698	1279
			2699	1280
			2699	1281
			2699	1282
			2699	1283
			2700	1283
			2700	1284
			2700	1285
			2700	1286
			2700	1287
			2701	1288
			2701	1289
			2701	1290
			2701	1291
			2702	1292
			2702	1293
			2702	1294
			2702	1295
			2703	1296
			2703	1297
			2703	1298
			2703	1299
			2703	1300
			2704	1301
			2704	1302
			2704	1303
			2704	1304
			2704	1305
			2705	1306
			2705	1307
			2705	1308
			2705	1309
			2705	1310
			2705	1311
			2706	1312
			2706	1313
			2706	1314
			2706	1315
			2706	1316
			2706	1317
			2707	1318
			2707	1319
			2707	1320
			2707	1321
			2707	1322
			2707	1323
			2707	1324
			2708	1325
			2708	1326
			2708	1327
			2708	1328
			2708	1329
			2708	1330
			2708	1331
			2708	1332
			2708	1333
			2708	1334
			2708	1335
			2709	1336
			2709	1337
			2709	1338
			2709	1339
			2709	1340
			2709	1341
			2709	1342
			2709	1343
			2709	1344
			2709	1345
			2709	1346
			2709	1347
			2709	1348
			2709	1349
			2709	1350
			2709	1351
			2709	1352
			2709	1353
			2709	1354
			2709	1355
			2709	1356
			2709	1357
			2709	1358
			2709	1359
			2709	1360
			2709	1361
			2709	1362
			2709	1363
			2709	1364
			2709	1365
			2709	1366
			2709	1367
			2709	1368
			2708	1368
			2708	1369
			2708	1370
			2708	1371
			2708	1372
			2708	1373
			2708	1374
			2708	1375
			2708	1376
			2708	1377
			2707	1377
			2707	1378
			2707	1379
			2707	1380
			2707	1381
			2707	1382
			2707	1383
			2706	1383
			2706	1384
			2706	1385
			2706	1386
			2706	1387
			2706	1388
			2705	1389
			2705	1390
			2705	1391
			2704	1392
			2704	1393
			2704	1394
			2704	1395
			2703	1396
			2703	1397
			2703	1398
			2703	1399
			2702	1400
			2702	1401
			2702	1402
			2701	1403
			2701	1404
			2701	1405
			2700	1405
			2700	1406
			2700	1407
			2699	1408
			2699	1409
			2698	1410
			2698	1411
			2698	1412
			2697	1413
			2696	1414
			2696	1415
			2695	1416
			2695	1417
			2694	1418
			2694	1419
			2694	1420
			2693	1421
			2693	1422
			2692	1423
			2691	1424
			2690	1425
			2690	1426
			2690	1427
			2689	1428
			2688	1429
			2687	1430
			2687	1431
			2686	1432
			2686	1433
			2685	1433
			2684	1434
			2684	1435
			2683	1436
			2682	1437
			2682	1438
			2681	1439
			2681	1440
			2680	1441
			2680	1442
			2679	1442
			2679	1443
			2678	1444
			2678	1445
			2677	1446
			2676	1447
			2676	1448
			2675	1449
			2675	1450
			2674	1450
			2674	1451
			2673	1452
			2673	1453
			2672	1454
			2672	1455
			2671	1456
			2670	1457
			2669	1458
			2669	1459
			2668	1460
			2667	1461
			2667	1462
			2666	1463
			2666	1464
			2665	1465
			2664	1466
			2664	1467
			2663	1468
			2662	1469
			2662	1470
			2661	1471
			2660	1472
			2660	1473
			2659	1474
			2659	1475
			2658	1476
			2657	1477
			2657	1478
			2656	1479
			2655	1480
			2655	1481
			2654	1482
			2653	1483
			2653	1484
			2652	1485
			2652	1486
			2651	1487
			2650	1487
			2650	1488
			2649	1489
			2648	1490
			2648	1491
			2647	1492
			2647	1493
			2646	1494
			2645	1495
			2645	1496
			2644	1497
			2643	1497
			2643	1498
			2642	1499
			2642	1500
			2641	1501
			2640	1502
			2640	1503
			2639	1503
			2639	1504
			2638	1505
			2637	1506
			2637	1507
			2636	1508
			2635	1509
			2634	1510
			2633	1511
			2633	1512
			2632	1513
			2631	1514
			2630	1515
			2630	1516
			2629	1517
			2628	1518
			2628	1519
			2627	1520
			2626	1521
			2625	1522
			2625	1523
			2624	1524
			2623	1525
			2622	1526
			2622	1527
			2621	1527
			2620	1528
			2620	1529
			2619	1530
			2618	1531
			2617	1532
			2617	1533
			2616	1534
			2615	1535
			2614	1535
			2614	1536
			2613	1537
			2612	1538
			2612	1539
			2611	1540
			2610	1541
			2609	1541
			2609	1542
			2608	1543
			2607	1544
			2607	1545
			2606	1546
			2605	1546
			2604	1547
			2604	1548
			2603	1549
			2602	1550
			2601	1551
			2600	1552
			2599	1553
			2598	1554
			2597	1555
			2597	1556
			2596	1557
			2595	1557
			2594	1558
			2593	1559
			2592	1560
			2591	1561
			2591	1562
			2590	1563
			2589	1564
			2588	1564
			2587	1565
			2586	1566
			2586	1567
			2585	1568
			2584	1568
			2583	1569
			2582	1570
			2581	1571
			2581	1572
			2580	1572
			2579	1573
			2578	1574
			2577	1575
			2576	1575
			2576	1576
			2575	1577
			2574	1577
			2573	1578
			2572	1579
			2572	1580
			2571	1580
			2570	1581
			2569	1582
			2568	1582
			2567	1583
			2567	1584
			2566	1584
			2565	1585
			2564	1585
			2563	1586
			2563	1587
			2562	1587
			2561	1588
			2560	1588
			2559	1589
			2558	1590
			2557	1591
			2556	1591
			2555	1592
			2554	1593
			2553	1593
			2552	1594
			2551	1595
			2550	1595
			2549	1596
			2548	1596
			2547	1597
			2546	1598
			2545	1598
			2544	1599
			2543	1599
			2542	1600
			2541	1601
			2540	1601
			2539	1602
			2538	1602
			2537	1603
			2536	1603
			2535	1604
			2534	1604
			2533	1604
			2532	1605
			2531	1606
			2530	1606
			2529	1606
			2528	1607
			2527	1607
			2526	1607
			2525	1608
			2524	1608
			2523	1608
			2522	1609
			2521	1609
			2520	1609
			2519	1610
			2518	1610
			2517	1610
			2517	1611
			2516	1611
			2515	1611
			2514	1611
			2513	1611
			2512	1612
			2511	1612
			2510	1612
			2509	1612
			2508	1612
			2507	1613
			2506	1613
			2505	1613
			2504	1613
			2503	1613
			2502	1613
			2501	1613
			2500	1613
			2499	1613
			2498	1613
			2497	1613
			2496	1614
			2495	1614
			2494	1614
			2493	1614
			2492	1613
			2491	1613
			2490	1613
			2489	1613
			2488	1613
			2487	1613
			2486	1613
			2485	1613
			2484	1613
			2483	1613
			2482	1613
			2482	1612
			2481	1612
			2480	1612
			2479	1612
			2478	1612
			2477	1611
			2476	1611
			2475	1611
			2474	1611
			2473	1610
			2472	1610
			2471	1610
			2470	1609
			2469	1609
			2468	1609
			2467	1608
			2466	1608
			2465	1607
			2464	1607
			2463	1607
			2462	1606
			2461	1606
			2460	1605
			2459	1605
			2458	1604
			2457	1604
			2456	1603
			2455	1603
			2454	1602
			2453	1602
			2452	1601
			2451	1600
			2450	1599
			2449	1599
			2448	1598
			2447	1598
			2447	1597
			2446	1597
			2445	1596
			2444	1595
			2443	1594
			2442	1594
			2441	1593
			2440	1593
			2440	1592
			2439	1591
			2438	1591
			2437	1590
			2437	1589
			2436	1589
			2435	1588
			2434	1587
			2433	1586
			2432	1585
			2431	1584
			2430	1583
			2429	1582
			2428	1581
			2427	1580
			2426	1579
			2425	1578
			2424	1577
			2423	1576
			2423	1575
			2422	1575
			2421	1574
			2421	1573
			2420	1572
			2419	1571
			2418	1570
			2417	1569
			2417	1568
			2416	1567
			2415	1566
			2414	1565
			2414	1564
			2413	1563
			2412	1562
			2411	1561
			2411	1560
			2410	1559
			2409	1558
			2408	1557
			2408	1556
			2407	1555
			2406	1554
			2405	1553
			2405	1552
			2404	1551
			2404	1550
			2403	1550
			2403	1549
			2402	1548
			2402	1547
			2401	1546
			2401	1545
			2400	1544
			2399	1543
			2398	1542
			2398	1541
		</Profile>
		<Eye type=matrix rownames=FALSE colnames=FALSE nrow=2646 ncol=2 as.numeric=TRUE >
			1741	1066
			1740	1067
			1739	1068
			1738	1069
			1737	1070
			1736	1071
			1735	1072
			1734	1073
			1733	1074
			1732	1075
			1731	1076
			1730	1076
			1729	1077
			1728	1078
			1727	1079
			1726	1080
			1725	1081
			1724	1082
			1723	1083
			1722	1083
			1721	1084
			1720	1085
			1719	1086
			1718	1087
			1717	1088
			1716	1089
			1715	1090
			1714	1090
			1713	1091
			1712	1092
			1711	1093
			1710	1094
			1709	1095
			1708	1095
			1707	1096
			1706	1097
			1705	1098
			1704	1099
			1703	1099
			1702	1100
			1701	1101
			1700	1102
			1699	1103
			1698	1103
			1697	1104
			1696	1105
			1695	1106
			1694	1107
			1693	1107
			1692	1108
			1691	1109
			1690	1110
			1689	1110
			1688	1111
			1687	1112
			1686	1113
			1685	1114
			1684	1114
			1683	1115
			1682	1116
			1681	1116
			1680	1117
			1679	1118
			1678	1119
			1677	1119
			1676	1120
			1675	1121
			1674	1122
			1673	1122
			1672	1123
			1671	1124
			1670	1124
			1669	1125
			1668	1126
			1667	1126
			1666	1127
			1665	1128
			1664	1128
			1663	1129
			1662	1129
			1662	1130
			1661	1130
			1660	1131
			1659	1131
			1658	1132
			1657	1133
			1656	1133
			1655	1134
			1654	1134
			1653	1135
			1652	1135
			1651	1136
			1650	1137
			1649	1138
			1648	1138
			1647	1138
			1647	1139
			1646	1139
			1645	1140
			1644	1140
			1643	1141
			1642	1142
			1641	1142
			1640	1143
			1639	1143
			1638	1144
			1637	1144
			1636	1145
			1635	1145
			1634	1146
			1633	1147
			1632	1147
			1631	1148
			1630	1148
			1629	1149
			1628	1149
			1627	1150
			1626	1150
			1625	1151
			1624	1151
			1623	1152
			1622	1152
			1621	1153
			1620	1153
			1619	1154
			1618	1154
			1617	1155
			1616	1155
			1615	1156
			1614	1156
			1613	1157
			1612	1157
			1611	1157
			1610	1158
			1609	1158
			1608	1159
			1607	1159
			1606	1160
			1605	1160
			1604	1161
			1603	1161
			1602	1162
			1601	1162
			1600	1162
			1599	1163
			1598	1163
			1597	1164
			1596	1164
			1595	1165
			1594	1165
			1593	1165
			1592	1166
			1591	1166
			1590	1167
			1589	1167
			1588	1167
			1587	1168
			1586	1168
			1585	1169
			1584	1169
			1583	1169
			1582	1170
			1581	1170
			1580	1171
			1579	1171
			1578	1171
			1577	1172
			1576	1172
			1575	1173
			1574	1173
			1573	1173
			1572	1174
			1571	1174
			1570	1174
			1569	1175
			1568	1175
			1567	1175
			1566	1176
			1565	1176
			1564	1176
			1563	1177
			1562	1177
			1561	1177
			1560	1178
			1559	1178
			1558	1178
			1557	1178
			1556	1179
			1555	1179
			1554	1179
			1554	1180
			1553	1180
			1552	1180
			1551	1180
			1550	1181
			1549	1181
			1548	1181
			1547	1181
			1546	1182
			1545	1182
			1544	1182
			1543	1182
			1543	1183
			1542	1183
			1541	1183
			1540	1183
			1539	1184
			1538	1184
			1537	1184
			1536	1184
			1535	1185
			1534	1185
			1533	1185
			1532	1185
			1532	1186
			1531	1186
			1530	1186
			1529	1186
			1528	1186
			1527	1187
			1526	1187
			1525	1187
			1524	1187
			1523	1187
			1522	1188
			1521	1188
			1520	1188
			1519	1188
			1518	1188
			1518	1189
			1517	1189
			1516	1189
			1515	1189
			1514	1189
			1513	1190
			1512	1190
			1511	1190
			1510	1190
			1509	1190
			1508	1191
			1507	1191
			1506	1191
			1505	1191
			1504	1191
			1503	1191
			1502	1192
			1501	1192
			1500	1192
			1499	1192
			1498	1192
			1497	1192
			1496	1193
			1495	1193
			1494	1193
			1493	1193
			1492	1193
			1491	1193
			1490	1194
			1489	1194
			1488	1194
			1487	1194
			1486	1194
			1485	1194
			1484	1194
			1483	1195
			1482	1195
			1481	1195
			1480	1195
			1479	1195
			1478	1195
			1477	1195
			1476	1195
			1475	1195
			1474	1196
			1473	1196
			1472	1196
			1471	1196
			1470	1196
			1469	1196
			1468	1196
			1467	1196
			1466	1196
			1465	1196
			1464	1197
			1463	1197
			1462	1197
			1461	1197
			1460	1197
			1459	1197
			1458	1197
			1457	1197
			1456	1197
			1455	1197
			1454	1197
			1453	1197
			1452	1197
			1451	1197
			1450	1198
			1449	1198
			1448	1198
			1447	1198
			1446	1198
			1445	1198
			1444	1198
			1443	1198
			1442	1198
			1441	1198
			1440	1198
			1439	1198
			1438	1198
			1437	1198
			1436	1198
			1435	1198
			1434	1198
			1433	1198
			1432	1198
			1431	1198
			1430	1198
			1429	1198
			1428	1198
			1427	1198
			1426	1198
			1425	1198
			1424	1198
			1423	1198
			1422	1198
			1421	1198
			1420	1198
			1419	1198
			1418	1198
			1417	1198
			1416	1198
			1415	1198
			1414	1198
			1413	1198
			1412	1198
			1411	1198
			1410	1198
			1409	1198
			1408	1198
			1407	1198
			1406	1198
			1405	1198
			1404	1198
			1403	1198
			1402	1198
			1401	1198
			1400	1198
			1399	1198
			1398	1198
			1397	1198
			1396	1198
			1395	1198
			1394	1198
			1393	1198
			1392	1198
			1391	1198
			1390	1197
			1389	1197
			1388	1197
			1387	1197
			1386	1197
			1385	1197
			1384	1197
			1383	1197
			1382	1197
			1381	1197
			1380	1197
			1379	1197
			1378	1197
			1377	1197
			1376	1196
			1375	1196
			1374	1196
			1373	1196
			1372	1196
			1371	1196
			1370	1196
			1369	1196
			1368	1196
			1367	1196
			1366	1196
			1365	1195
			1364	1195
			1363	1195
			1362	1195
			1361	1195
			1360	1195
			1359	1195
			1358	1195
			1357	1195
			1356	1194
			1355	1194
			1354	1194
			1353	1194
			1352	1194
			1351	1194
			1350	1194
			1349	1194
			1348	1193
			1347	1193
			1346	1193
			1345	1193
			1344	1193
			1343	1193
			1342	1193
			1341	1192
			1340	1192
			1339	1192
			1338	1192
			1337	1192
			1336	1192
			1335	1192
			1334	1191
			1333	1191
			1332	1191
			1331	1191
			1330	1191
			1329	1191
			1328	1190
			1327	1190
			1326	1190
			1325	1190
			1324	1190
			1323	1190
			1322	1189
			1321	1189
			1320	1189
			1319	1189
			1318	1189
			1317	1188
			1316	1188
			1315	1188
			1314	1188
			1313	1188
			1312	1188
			1311	1187
			1310	1187
			1309	1187
			1308	1187
			1307	1187
			1306	1186
			1305	1186
			1304	1186
			1303	1186
			1302	1186
			1301	1185
			1300	1185
			1299	1185
			1298	1185
			1297	1185
			1297	1184
			1296	1184
			1295	1184
			1294	1184
			1293	1184
			1292	1184
			1291	1183
			1290	1183
			1289	1183
			1288	1183
			1287	1182
			1286	1182
			1285	1182
			1284	1182
			1283	1181
			1282	1181
			1281	1181
			1280	1181
			1279	1180
			1278	1180
			1277	1180
			1276	1180
			1275	1179
			1274	1179
			1273	1179
			1272	1179
			1271	1178
			1270	1178
			1269	1178
			1268	1177
			1267	1177
			1266	1177
			1265	1176
			1264	1176
			1263	1176
			1262	1175
			1261	1175
			1260	1175
			1259	1174
			1258	1174
			1257	1174
			1256	1173
			1255	1173
			1255	1172
			1254	1172
			1253	1172
			1252	1171
			1251	1171
			1250	1171
			1249	1170
			1248	1170
			1247	1170
			1246	1169
			1245	1169
			1244	1168
			1243	1168
			1242	1168
			1241	1167
			1240	1167
			1239	1166
			1238	1166
			1237	1166
			1237	1165
			1236	1165
			1235	1165
			1234	1164
			1233	1164
			1232	1163
			1231	1163
			1230	1163
			1229	1162
			1228	1162
			1227	1161
			1226	1161
			1225	1161
			1224	1160
			1223	1160
			1222	1159
			1221	1159
			1220	1158
			1219	1158
			1218	1157
			1217	1157
			1216	1156
			1215	1156
			1214	1155
			1213	1155
			1212	1154
			1211	1154
			1210	1154
			1209	1153
			1208	1153
			1207	1152
			1206	1152
			1205	1151
			1204	1151
			1203	1150
			1202	1150
			1201	1149
			1200	1149
			1200	1148
			1199	1148
			1198	1148
			1197	1147
			1196	1147
			1195	1146
			1194	1146
			1193	1145
			1192	1145
			1191	1144
			1190	1144
			1189	1143
			1188	1142
			1187	1142
			1186	1141
			1185	1141
			1184	1140
			1183	1140
			1182	1139
			1181	1139
			1180	1138
			1179	1138
			1179	1137
			1178	1137
			1177	1136
			1176	1136
			1175	1135
			1174	1135
			1173	1134
			1172	1133
			1171	1133
			1170	1132
			1169	1132
			1169	1131
			1168	1131
			1167	1130
			1166	1130
			1165	1129
			1164	1129
			1163	1128
			1162	1128
			1162	1127
			1161	1126
			1160	1126
			1159	1125
			1158	1125
			1157	1124
			1156	1124
			1155	1123
			1154	1122
			1153	1121
			1152	1121
			1151	1120
			1150	1119
			1149	1119
			1148	1118
			1147	1117
			1146	1116
			1145	1116
			1144	1115
			1143	1114
			1142	1114
			1141	1113
			1140	1112
			1139	1112
			1138	1111
			1137	1110
			1136	1109
			1135	1109
			1134	1108
			1133	1107
			1132	1106
			1131	1106
			1130	1105
			1129	1104
			1128	1104
			1127	1103
			1126	1102
			1125	1101
			1124	1101
			1123	1100
			1122	1099
			1121	1098
			1120	1098
			1119	1097
			1118	1096
			1118	1095
			1117	1095
			1116	1094
			1115	1093
			1114	1092
			1113	1091
			1112	1091
			1111	1090
			1110	1089
			1109	1088
			1108	1088
			1108	1087
			1107	1086
			1106	1085
			1105	1084
			1104	1084
			1103	1083
			1102	1082
			1101	1081
			1100	1080
			1100	1079
			1099	1079
			1098	1078
			1097	1077
			1096	1076
			1095	1075
			1094	1075
			1094	1074
			1093	1073
			1092	1072
			1091	1071
			1090	1070
			1089	1070
			1089	1069
			1088	1068
			1087	1067
			1086	1066
			1085	1065
			1084	1065
			1084	1064
			1083	1063
			1082	1062
			1081	1061
			1080	1060
			1080	1059
			1079	1058
			1078	1058
			1077	1057
			1076	1056
			1076	1055
			1075	1054
			1074	1053
			1073	1052
			1072	1051
			1071	1050
			1070	1049
			1069	1048
			1068	1047
			1068	1046
			1067	1046
			1067	1045
			1066	1044
			1065	1043
			1064	1042
			1063	1041
			1063	1040
			1062	1039
			1062	1038
			1061	1038
			1060	1037
			1060	1036
			1059	1035
			1058	1034
			1057	1033
			1056	1032
			1056	1031
			1055	1030
			1054	1029
			1053	1028
			1053	1027
			1052	1026
			1051	1025
			1050	1024
			1050	1023
			1049	1022
			1048	1021
			1048	1020
			1047	1019
			1046	1018
			1046	1017
			1045	1016
			1044	1015
			1043	1014
			1043	1013
			1042	1012
			1041	1011
			1041	1010
			1040	1009
			1039	1008
			1039	1007
			1038	1006
			1037	1005
			1037	1004
			1036	1003
			1035	1002
			1035	1001
			1035	1000
			1034	1000
			1034	999
			1033	998
			1033	997
			1032	996
			1031	995
			1031	994
			1030	993
			1030	992
			1029	991
			1028	990
			1028	989
			1027	988
			1027	987
			1026	986
			1026	985
			1025	984
			1025	983
			1024	982
			1024	981
			1023	981
			1023	980
			1022	979
			1022	978
			1021	977
			1021	976
			1020	975
			1020	974
			1019	973
			1019	972
			1018	971
			1018	970
			1017	969
			1017	968
			1016	967
			1016	966
			1015	965
			1015	964
			1014	963
			1014	962
			1013	961
			1013	960
			1012	959
			1012	958
			1011	957
			1011	956
			1010	955
			1010	954
			1010	953
			1009	952
			1009	951
			1008	950
			1008	949
			1007	948
			1007	947
			1006	946
			1006	945
			1006	944
			1005	943
			1005	942
			1004	941
			1004	940
			1003	939
			1003	938
			1003	937
			1002	936
			1002	935
			1001	934
			1001	933
			1001	932
			1000	931
			1000	930
			999	929
			999	928
			999	927
			998	926
			998	925
			998	924
			997	924
			997	923
			997	922
			996	921
			996	920
			996	919
			995	918
			995	917
			995	916
			994	915
			994	914
			994	913
			993	912
			993	911
			993	910
			992	909
			992	908
			992	907
			991	906
			991	905
			991	904
			990	903
			990	902
			990	901
			989	900
			989	899
			989	898
			989	897
			988	896
			988	895
			988	894
			987	893
			987	892
			987	891
			986	890
			986	889
			986	888
			986	887
			985	886
			985	885
			985	884
			984	883
			984	882
			984	881
			984	880
			983	879
			983	878
			983	877
			983	876
			982	875
			982	874
			982	873
			982	872
			981	871
			981	870
			981	869
			981	868
			980	867
			980	866
			980	865
			980	864
			979	863
			979	862
			979	861
			979	860
			979	859
			978	858
			978	857
			978	856
			978	855
			978	854
			977	853
			977	852
			977	851
			977	850
			976	849
			976	848
			976	847
			976	846
			976	845
			976	844
			975	843
			975	842
			975	841
			975	840
			975	839
			974	838
			974	837
			974	836
			974	835
			974	834
			973	833
			973	832
			973	831
			973	830
			973	829
			973	828
			972	827
			972	826
			972	825
			972	824
			972	823
			972	822
			971	821
			971	820
			971	819
			971	818
			971	817
			971	816
			971	815
			970	814
			970	813
			970	812
			970	811
			970	810
			970	809
			970	808
			969	807
			969	806
			969	805
			969	804
			969	803
			969	802
			969	801
			969	800
			968	799
			968	798
			968	797
			968	796
			968	795
			968	794
			968	793
			968	792
			968	791
			968	790
			967	789
			967	788
			967	787
			967	786
			967	785
			967	784
			967	783
			967	782
			968	781
			968	780
			968	779
			968	778
			968	777
			968	776
			968	775
			969	774
			969	773
			969	772
			969	771
			969	770
			970	769
			970	768
			970	767
			970	766
			970	765
			970	764
			970	763
			971	763
			971	762
			971	761
			971	760
			971	759
			971	758
			972	757
			972	756
			972	755
			972	754
			972	753
			972	752
			972	751
			973	750
			973	749
			973	748
			973	747
			973	746
			974	745
			974	744
			974	743
			974	742
			974	741
			974	740
			975	739
			975	738
			975	737
			975	736
			975	735
			976	734
			976	733
			976	732
			976	731
			976	730
			976	729
			977	729
			977	728
			977	727
			977	726
			977	725
			978	724
			978	723
			978	722
			978	721
			978	720
			979	719
			979	718
			979	717
			979	716
			979	715
			980	714
			980	713
			980	712
			980	711
			980	710
			981	709
			981	708
			981	707
			981	706
			982	705
			982	704
			982	703
			982	702
			983	701
			983	700
			983	699
			983	698
			983	697
			984	696
			984	695
			984	694
			984	693
			984	692
			985	691
			985	690
			985	689
			985	688
			986	687
			986	686
			986	685
			986	684
			987	683
			987	682
			987	681
			987	680
			988	679
			988	678
			988	677
			988	676
			989	675
			989	674
			989	673
			989	672
			990	671
			990	670
			990	669
			991	668
			991	667
			991	666
			991	665
			992	664
			992	663
			992	662
			992	661
			993	660
			993	659
			993	658
			993	657
			994	656
			994	655
			994	654
			994	653
			995	652
			995	651
			995	650
			995	649
			996	649
			996	648
			996	647
			996	646
			997	645
			997	644
			997	643
			997	642
			998	642
			998	641
			998	640
			998	639
			999	638
			999	637
			999	636
			1000	635
			1000	634
			1000	633
			1000	632
			1001	631
			1001	630
			1002	629
			1002	628
			1002	627
			1002	626
			1003	626
			1003	625
			1003	624
			1003	623
			1004	622
			1004	621
			1004	620
			1005	619
			1005	618
			1005	617
			1006	616
			1006	615
			1006	614
			1007	613
			1007	612
			1007	611
			1008	610
			1008	609
			1008	608
			1009	607
			1009	606
			1009	605
			1010	605
			1010	604
			1010	603
			1010	602
			1011	601
			1011	600
			1011	599
			1012	598
			1012	597
			1013	596
			1013	595
			1013	594
			1014	593
			1014	592
			1014	591
			1015	590
			1015	589
			1015	588
			1016	588
			1016	587
			1016	586
			1017	585
			1017	584
			1017	583
			1018	582
			1018	581
			1019	580
			1019	579
			1019	578
			1020	578
			1020	577
			1020	576
			1021	575
			1021	574
			1021	573
			1022	572
			1022	571
			1022	570
			1023	570
			1023	569
			1024	568
			1024	567
			1024	566
			1025	565
			1025	564
			1025	563
			1026	563
			1026	562
			1026	561
			1027	560
			1027	559
			1028	558
			1028	557
			1028	556
			1029	556
			1029	555
			1029	554
			1030	553
			1030	552
			1031	551
			1031	550
			1032	549
			1032	548
			1033	547
			1033	546
			1034	545
			1034	544
			1035	543
			1035	542
			1036	541
			1036	540
			1037	539
			1037	538
			1037	537
			1038	536
			1038	535
			1039	534
			1039	533
			1040	532
			1040	531
			1041	530
			1041	529
			1042	528
			1042	527
			1043	526
			1043	525
			1044	524
			1044	523
			1045	522
			1045	521
			1046	520
			1046	519
			1047	518
			1047	517
			1048	516
			1049	515
			1049	514
			1050	513
			1050	512
			1051	511
			1051	510
			1052	509
			1052	508
			1053	507
			1054	506
			1054	505
			1055	504
			1055	503
			1056	502
			1056	501
			1057	500
			1057	499
			1058	498
			1059	497
			1059	496
			1060	496
			1060	495
			1061	494
			1061	493
			1062	492
			1062	491
			1063	490
			1064	489
			1064	488
			1065	487
			1065	486
			1066	486
			1066	485
			1067	484
			1068	483
			1068	482
			1069	481
			1069	480
			1070	479
			1071	478
			1072	477
			1072	476
			1073	475
			1073	474
			1074	473
			1075	472
			1076	471
			1076	470
			1077	469
			1077	468
			1078	467
			1079	467
			1079	466
			1080	465
			1081	464
			1081	463
			1082	462
			1082	461
			1083	460
			1084	460
			1084	459
			1085	458
			1086	457
			1086	456
			1087	455
			1088	455
			1088	454
			1089	453
			1090	452
			1090	451
			1091	450
			1092	449
			1093	448
			1094	447
			1094	446
			1095	445
			1096	444
			1097	443
			1098	442
			1098	441
			1099	440
			1100	439
			1101	438
			1102	437
			1102	436
			1103	435
			1104	435
			1105	434
			1106	433
			1107	432
			1107	431
			1108	430
			1109	429
			1110	428
			1111	427
			1111	426
			1112	426
			1113	425
			1114	424
			1115	423
			1116	422
			1117	421
			1117	420
			1118	419
			1119	419
			1120	418
			1121	417
			1122	416
			1123	415
			1123	414
			1124	414
			1125	413
			1126	412
			1127	411
			1128	410
			1129	409
			1130	408
			1131	407
			1132	406
			1133	405
			1134	405
			1134	404
			1135	404
			1136	403
			1137	402
			1138	401
			1139	400
			1140	400
			1141	399
			1141	398
			1142	398
			1143	397
			1144	396
			1145	396
			1145	395
			1146	394
			1147	394
			1148	393
			1148	392
			1149	392
			1150	391
			1151	391
			1152	390
			1152	389
			1153	389
			1154	388
			1155	388
			1156	387
			1157	386
			1158	385
			1159	384
			1160	384
			1161	383
			1162	382
			1163	382
			1164	381
			1165	380
			1166	380
			1167	379
			1168	378
			1169	378
			1170	377
			1171	376
			1172	376
			1173	375
			1174	374
			1175	374
			1176	373
			1177	372
			1178	372
			1179	371
			1180	370
			1181	370
			1182	369
			1183	369
			1184	368
			1185	367
			1186	367
			1187	367
			1187	366
			1188	366
			1189	366
			1189	365
			1190	365
			1191	365
			1191	364
			1192	364
			1192	363
			1193	363
			1194	363
			1194	362
			1195	362
			1196	362
			1196	361
			1197	361
			1198	361
			1198	360
			1199	360
			1200	360
			1200	359
			1201	359
			1202	359
			1203	358
			1204	358
			1205	357
			1206	357
			1207	356
			1208	356
			1209	356
			1210	355
			1211	355
			1212	354
			1213	354
			1214	354
			1215	353
			1216	353
			1217	352
			1218	352
			1219	352
			1220	351
			1221	351
			1222	350
			1223	350
			1224	350
			1225	349
			1226	349
			1227	348
			1228	348
			1229	348
			1229	347
			1230	347
			1231	347
			1232	346
			1233	346
			1234	345
			1235	345
			1236	345
			1237	344
			1238	344
			1239	344
			1240	343
			1241	343
			1242	343
			1243	342
			1244	342
			1245	342
			1246	341
			1247	341
			1248	341
			1249	340
			1250	340
			1251	340
			1252	339
			1253	339
			1254	339
			1255	338
			1256	338
			1257	338
			1257	337
			1258	337
			1259	337
			1260	336
			1261	336
			1262	336
			1263	335
			1264	335
			1265	335
			1266	334
			1267	334
			1268	334
			1269	334
			1270	333
			1271	333
			1272	333
			1273	332
			1274	332
			1275	332
			1276	332
			1277	331
			1278	331
			1279	331
			1280	330
			1281	330
			1282	330
			1283	330
			1283	329
			1284	329
			1285	329
			1286	329
			1287	328
			1288	328
			1289	328
			1290	328
			1291	327
			1292	327
			1293	327
			1294	326
			1295	326
			1296	326
			1297	326
			1298	325
			1299	325
			1300	325
			1301	325
			1302	324
			1303	324
			1304	324
			1305	324
			1306	324
			1307	323
			1308	323
			1309	323
			1310	323
			1311	322
			1312	322
			1313	322
			1314	322
			1315	322
			1316	321
			1317	321
			1318	321
			1319	321
			1320	321
			1321	320
			1322	320
			1323	320
			1324	320
			1325	320
			1326	319
			1327	319
			1328	319
			1329	319
			1330	319
			1331	318
			1332	318
			1333	318
			1334	318
			1335	318
			1336	318
			1337	317
			1338	317
			1339	317
			1340	317
			1341	317
			1342	317
			1343	316
			1344	316
			1345	316
			1346	316
			1347	316
			1348	316
			1349	316
			1349	315
			1350	315
			1351	315
			1352	315
			1353	315
			1354	315
			1355	315
			1356	315
			1357	314
			1358	314
			1359	314
			1360	314
			1361	314
			1362	314
			1363	314
			1364	314
			1365	313
			1366	313
			1367	313
			1368	313
			1369	313
			1370	313
			1371	313
			1372	313
			1373	313
			1374	313
			1375	313
			1376	312
			1377	312
			1378	312
			1379	312
			1380	312
			1381	312
			1382	312
			1383	312
			1384	312
			1385	312
			1386	312
			1387	312
			1388	312
			1389	312
			1390	312
			1390	311
			1391	311
			1392	311
			1393	311
			1394	311
			1395	311
			1396	311
			1397	311
			1398	311
			1399	311
			1400	311
			1401	311
			1402	311
			1403	311
			1404	311
			1405	311
			1406	311
			1407	311
			1408	311
			1409	311
			1410	311
			1411	311
			1412	311
			1413	311
			1414	311
			1415	311
			1416	311
			1417	311
			1418	311
			1419	311
			1420	311
			1421	311
			1422	311
			1423	311
			1424	311
			1425	311
			1426	311
			1427	311
			1428	311
			1429	311
			1430	311
			1431	311
			1432	311
			1433	311
			1434	311
			1435	311
			1436	311
			1437	311
			1438	312
			1439	312
			1440	312
			1441	312
			1442	312
			1443	312
			1444	312
			1445	312
			1446	312
			1447	312
			1448	312
			1449	312
			1450	312
			1451	312
			1452	313
			1453	313
			1454	313
			1455	313
			1456	313
			1457	313
			1458	313
			1459	313
			1460	313
			1461	313
			1462	314
			1463	314
			1464	314
			1465	314
			1466	314
			1467	314
			1468	314
			1469	314
			1470	314
			1471	315
			1472	315
			1473	315
			1474	315
			1475	315
			1476	315
			1477	315
			1478	316
			1479	316
			1480	316
			1481	316
			1482	316
			1483	316
			1484	316
			1485	317
			1486	317
			1487	317
			1488	317
			1489	317
			1490	317
			1491	318
			1492	318
			1493	318
			1494	318
			1495	318
			1496	319
			1497	319
			1498	319
			1499	319
			1500	319
			1501	319
			1501	320
			1502	320
			1503	320
			1504	320
			1505	321
			1506	321
			1507	321
			1508	321
			1509	321
			1510	321
			1510	322
			1511	322
			1512	322
			1513	322
			1514	322
			1515	323
			1516	323
			1517	323
			1518	323
			1519	324
			1520	324
			1521	324
			1522	324
			1523	325
			1524	325
			1525	325
			1526	325
			1527	326
			1528	326
			1529	326
			1530	327
			1531	327
			1532	327
			1533	327
			1534	328
			1535	328
			1536	328
			1537	328
			1538	329
			1539	329
			1540	329
			1541	330
			1542	330
			1543	330
			1544	331
			1545	331
			1546	331
			1547	331
			1548	332
			1549	332
			1550	332
			1551	333
			1552	333
			1553	333
			1554	334
			1555	334
			1556	334
			1557	335
			1558	335
			1559	335
			1560	336
			1561	336
			1562	336
			1563	337
			1564	337
			1565	338
			1566	338
			1567	338
			1568	339
			1569	339
			1570	339
			1571	340
			1572	340
			1573	340
			1574	341
			1575	341
			1576	342
			1577	342
			1578	342
			1579	343
			1580	343
			1581	344
			1582	344
			1583	344
			1584	345
			1585	345
			1586	346
			1587	346
			1588	346
			1589	347
			1590	347
			1591	348
			1592	348
			1593	348
			1594	349
			1595	349
			1596	350
			1597	350
			1598	351
			1599	351
			1600	351
			1601	352
			1602	352
			1603	353
			1604	354
			1605	354
			1606	354
			1607	355
			1608	355
			1609	356
			1610	356
			1611	357
			1612	357
			1613	358
			1614	358
			1615	359
			1616	359
			1617	360
			1618	360
			1619	361
			1620	361
			1621	362
			1622	362
			1623	363
			1624	363
			1625	364
			1626	364
			1627	365
			1628	365
			1629	366
			1630	367
			1631	367
			1632	367
			1633	368
			1634	368
			1635	369
			1636	370
			1637	370
			1638	370
			1638	371
			1639	371
			1640	371
			1641	372
			1642	373
			1643	373
			1644	374
			1645	374
			1646	375
			1647	375
			1647	376
			1648	376
			1649	376
			1650	377
			1651	377
			1651	378
			1652	378
			1653	379
			1654	379
			1655	380
			1656	381
			1657	381
			1658	382
			1659	382
			1660	383
			1661	383
			1662	384
			1663	385
			1664	385
			1665	386
			1666	386
			1667	387
			1668	387
			1668	388
			1669	389
			1670	389
			1671	390
			1672	390
			1673	391
			1674	392
			1675	392
			1676	393
			1677	393
			1678	394
			1679	395
			1680	395
			1680	396
			1681	396
			1682	397
			1683	398
			1684	398
			1685	399
			1686	399
			1687	400
			1688	401
			1689	402
			1690	403
			1691	403
			1692	404
			1693	404
			1693	405
			1694	405
			1695	406
			1696	406
			1697	407
			1698	408
			1699	409
			1700	409
			1701	410
			1702	411
			1703	412
			1704	412
			1705	413
			1706	414
			1707	415
			1708	416
			1709	417
			1710	418
			1711	418
			1712	419
			1713	420
			1714	420
			1714	421
			1715	421
			1716	422
			1717	423
			1718	424
			1719	425
			1720	426
			1721	426
			1722	427
			1723	428
			1724	429
			1725	430
			1726	431
			1727	432
			1728	432
			1729	433
			1730	434
			1730	435
			1731	435
			1732	436
			1733	437
			1734	438
			1735	438
			1735	439
			1736	440
			1737	441
			1738	441
			1739	442
			1740	443
			1740	444
			1741	445
			1742	445
			1743	446
			1744	447
			1744	448
			1745	448
			1746	449
			1747	450
			1748	451
			1748	452
			1749	452
			1750	453
			1751	454
			1751	455
			1752	456
			1753	456
			1754	457
			1755	458
			1755	459
			1756	460
			1757	461
			1758	461
			1758	462
			1759	463
			1760	464
			1761	465
			1762	466
			1763	467
			1764	468
			1765	469
			1766	470
			1766	471
			1767	472
			1768	473
			1769	474
			1770	475
			1771	476
			1772	477
			1772	478
			1773	479
			1774	480
			1775	481
			1776	482
			1776	483
			1777	484
			1777	485
			1778	485
			1779	486
			1779	487
			1780	488
			1780	489
			1781	489
			1782	490
			1782	491
			1783	492
			1784	493
			1785	494
			1785	495
			1786	496
			1787	497
			1787	498
			1788	499
			1789	500
			1789	501
			1790	502
			1791	503
			1792	504
			1793	505
			1793	506
			1794	507
			1794	508
			1795	509
			1796	510
			1797	511
			1797	512
			1798	513
			1799	514
			1799	515
			1800	516
			1801	517
			1801	518
			1802	519
			1803	520
			1803	521
			1804	522
			1804	523
			1805	524
			1805	525
			1806	526
			1807	527
			1807	528
			1808	529
			1808	530
			1809	530
			1809	531
			1810	532
			1810	533
			1811	534
			1811	535
			1812	536
			1812	537
			1813	538
			1813	539
			1814	540
			1814	541
			1815	542
			1816	543
			1816	544
			1817	545
			1817	546
			1818	547
			1819	548
			1819	549
			1819	550
			1820	551
			1821	552
			1821	553
			1822	554
			1822	555
			1823	556
			1823	557
			1824	558
			1824	559
			1825	560
			1825	561
			1825	562
			1826	563
			1826	564
			1827	565
			1827	566
			1828	567
			1828	568
			1829	569
			1829	570
			1830	571
			1830	572
			1831	573
			1831	574
			1831	575
			1832	576
			1832	577
			1833	578
			1833	579
			1834	580
			1834	581
			1835	582
			1835	583
			1835	584
			1835	585
			1836	585
			1836	586
			1836	587
			1837	587
			1837	588
			1837	589
			1838	590
			1838	591
			1838	592
			1839	593
			1839	594
			1840	595
			1840	596
			1840	597
			1841	598
			1841	599
			1841	600
			1842	601
			1842	602
			1843	603
			1843	604
			1843	605
			1844	606
			1844	607
			1844	608
			1845	609
			1845	610
			1845	611
			1846	611
			1846	612
			1846	613
			1846	614
			1847	615
			1847	616
			1847	617
			1848	618
			1848	619
			1848	620
			1849	621
			1849	622
			1849	623
			1850	624
			1850	625
			1850	626
			1851	627
			1851	628
			1851	629
			1851	630
			1852	631
			1852	632
			1852	633
			1853	634
			1853	635
			1853	636
			1853	637
			1854	638
			1854	639
			1854	640
			1855	641
			1855	642
			1855	643
			1855	644
			1856	645
			1856	646
			1856	647
			1857	648
			1857	649
			1857	650
			1857	651
			1858	652
			1858	653
			1858	654
			1858	655
			1859	656
			1859	657
			1859	658
			1859	659
			1859	660
			1860	660
			1860	661
			1860	662
			1860	663
			1860	664
			1861	665
			1861	666
			1861	667
			1861	668
			1861	669
			1862	670
			1862	671
			1862	672
			1862	673
			1862	674
			1863	675
			1863	676
			1863	677
			1863	678
			1864	679
			1864	680
			1864	681
			1864	682
			1864	683
			1865	684
			1865	685
			1865	686
			1865	687
			1865	688
			1865	689
			1866	690
			1866	691
			1866	692
			1866	693
			1866	694
			1866	695
			1867	696
			1867	697
			1867	698
			1867	699
			1867	700
			1867	701
			1868	702
			1868	703
			1868	704
			1868	705
			1868	706
			1868	707
			1869	708
			1869	709
			1869	710
			1869	711
			1869	712
			1869	713
			1869	714
			1869	715
			1869	716
			1869	717
			1869	718
			1869	719
			1869	720
			1869	721
			1869	722
			1869	723
			1869	724
			1869	725
			1869	726
			1869	727
			1869	728
			1869	729
			1869	730
			1869	731
			1869	732
			1869	733
			1869	734
			1869	735
			1869	736
			1869	737
			1869	738
			1869	739
			1869	740
			1869	741
			1869	742
			1869	743
			1869	744
			1869	745
			1869	746
			1869	747
			1869	748
			1869	749
			1869	750
			1869	751
			1869	752
			1869	753
			1869	754
			1869	755
			1869	756
			1869	757
			1868	758
			1868	759
			1868	760
			1868	761
			1868	762
			1868	763
			1868	764
			1868	765
			1868	766
			1868	767
			1868	768
			1868	769
			1868	770
			1868	771
			1868	772
			1868	773
			1867	774
			1867	775
			1867	776
			1867	777
			1867	778
			1867	779
			1867	780
			1867	781
			1867	782
			1867	783
			1867	784
			1867	785
			1867	786
			1866	787
			1866	788
			1866	789
			1866	790
			1866	791
			1866	792
			1866	793
			1866	794
			1866	795
			1865	796
			1865	797
			1865	798
			1865	799
			1865	800
			1865	801
			1865	802
			1865	803
			1865	804
			1864	805
			1864	806
			1864	807
			1864	808
			1864	809
			1864	810
			1864	811
			1864	812
			1863	813
			1863	814
			1863	815
			1863	816
			1863	817
			1863	818
			1863	819
			1862	820
			1862	821
			1862	822
			1862	823
			1862	824
			1862	825
			1861	825
			1861	826
			1861	827
			1861	828
			1861	829
			1861	830
			1860	831
			1860	832
			1860	833
			1860	834
			1860	835
			1860	836
			1859	837
			1859	838
			1859	839
			1859	840
			1859	841
			1859	842
			1858	843
			1858	844
			1858	845
			1858	846
			1857	847
			1857	848
			1857	849
			1857	850
			1857	851
			1856	852
			1856	853
			1856	854
			1856	855
			1855	856
			1855	857
			1855	858
			1855	859
			1855	860
			1854	861
			1854	862
			1854	863
			1854	864
			1853	865
			1853	866
			1853	867
			1853	868
			1852	869
			1852	870
			1852	871
			1852	872
			1851	872
			1851	873
			1851	874
			1851	875
			1850	876
			1850	877
			1850	878
			1850	879
			1849	880
			1849	881
			1849	882
			1848	883
			1848	884
			1848	885
			1848	886
			1847	887
			1847	888
			1847	889
			1846	890
			1846	891
			1846	892
			1846	893
			1845	894
			1845	895
			1845	896
			1844	897
			1844	898
			1844	899
			1843	900
			1843	901
			1842	902
			1842	903
			1842	904
			1842	905
			1841	906
			1841	907
			1840	908
			1840	909
			1840	910
			1839	911
			1839	912
			1839	913
			1838	914
			1838	915
			1838	916
			1837	917
			1837	918
			1837	919
			1836	920
			1836	921
			1835	922
			1835	923
			1834	924
			1834	925
			1834	926
			1833	927
			1833	928
			1832	929
			1832	930
			1832	931
			1831	932
			1831	933
			1830	934
			1830	935
			1829	936
			1829	937
			1829	938
			1828	939
			1828	940
			1827	941
			1827	942
			1826	943
			1826	944
			1826	945
			1825	946
			1825	947
			1824	948
			1823	949
			1823	950
			1823	951
			1822	951
			1822	952
			1822	953
			1821	953
			1821	954
			1821	955
			1820	956
			1820	957
			1819	958
			1819	959
			1818	960
			1818	961
			1817	961
			1817	962
			1817	963
			1816	964
			1816	965
			1815	965
			1815	966
			1815	967
			1814	968
			1814	969
			1813	969
			1813	970
			1812	971
			1812	972
			1811	973
			1811	974
			1810	975
			1810	976
			1809	977
			1809	978
			1808	979
			1807	980
			1807	981
			1806	982
			1805	983
			1805	984
			1805	985
			1804	985
			1804	986
			1803	987
			1803	988
			1802	989
			1801	990
			1801	991
			1800	992
			1799	993
			1799	994
			1798	995
			1798	996
			1797	997
			1796	998
			1796	999
			1795	1000
			1795	1001
			1794	1002
			1793	1003
			1792	1004
			1791	1005
			1791	1006
			1790	1007
			1789	1008
			1789	1009
			1788	1010
			1787	1011
			1787	1012
			1786	1012
			1786	1013
			1785	1014
			1785	1015
			1784	1016
			1783	1017
			1782	1018
			1782	1019
			1781	1020
			1780	1021
			1780	1022
			1779	1023
			1778	1024
			1777	1024
			1777	1025
			1776	1026
			1775	1027
			1775	1028
			1774	1029
			1773	1030
			1773	1031
			1772	1032
			1771	1033
			1770	1034
			1769	1035
			1768	1036
			1767	1037
			1767	1038
			1766	1039
			1765	1040
			1764	1041
			1763	1042
			1763	1043
			1762	1044
			1761	1044
			1761	1045
			1760	1046
			1759	1047
			1758	1048
			1757	1049
			1756	1050
			1756	1051
			1755	1052
			1754	1053
			1753	1053
			1752	1054
			1751	1055
			1751	1056
			1750	1057
			1749	1058
			1748	1059
			1747	1060
			1746	1060
			1746	1061
			1745	1062
			1744	1063
			1743	1064
			1742	1065
			1741	1066
		</Eye>
	</curves.pixel>
	<ruler.points type=matrix rownames=TRUE colnames=FALSE nrow=2 ncol=2 as.numeric=TRUE >
		Ruler point 1	2	1894
		Ruler point 2	104	1894
	</ruler.points>
</shapes>

