<shapes type=list>
	<scaling type=logical names=FALSE length=1 as.numeric=FALSE >NA</scaling>
	<landmarks.pixel type=matrix rownames=TRUE colnames=FALSE nrow=11 ncol=2 as.numeric=TRUE >
		LM1Forehead	1653	455
		LM2UJFront	2168	1470
		LM3UJBack	1546	1584
		LM4LacOrb	1558	1110
		LM5QJoint	1495	1622
		LM6IOPL	1491	1717
		LM7IOPSOP	606	1768
		LM8A2A1	836	1311
		LM9A1A3	796	998
		LM10TopMuscR	689	777
		LM11TopMuscL	291	716
	</landmarks.pixel>
	<curves.control type=list>
		<Profile type=matrix rownames=FALSE colnames=FALSE nrow=7 ncol=2 as.numeric=TRUE >
			1653	455
			1957	676
			2083	880
			2278	1179
			2291	1318
			2256	1482
			2168	1470
		</Profile>
		<Eye type=matrix rownames=FALSE colnames=FALSE nrow=13 ncol=2 as.numeric=TRUE >
			1558	1110
			1410	1218
			1228	1196
			1002	1166
			950	975
			924	741
			1033	628
			1176	472
			1415	511
			1610	576
			1666	754
			1671	971
			1558	1110
		</Eye>
	</curves.control>
	<curves.pixel type=list>
		<Profile type=matrix rownames=FALSE colnames=FALSE nrow=1177 ncol=2 as.numeric=TRUE >
			1653	455
			1654	456
			1655	457
			1656	457
			1657	458
			1658	458
			1659	459
			1659	460
			1660	460
			1661	461
			1662	461
			1663	462
			1664	463
			1665	464
			1666	465
			1667	465
			1668	466
			1669	467
			1670	468
			1671	468
			1672	469
			1673	470
			1674	470
			1675	471
			1676	472
			1677	473
			1678	473
			1679	474
			1680	475
			1681	475
			1682	476
			1683	477
			1684	478
			1685	478
			1686	479
			1687	480
			1688	481
			1689	481
			1690	482
			1691	483
			1692	483
			1692	484
			1693	485
			1694	486
			1695	486
			1696	487
			1697	488
			1698	489
			1699	489
			1700	490
			1701	491
			1702	491
			1703	492
			1704	493
			1705	494
			1706	494
			1707	495
			1708	496
			1709	496
			1710	497
			1711	498
			1712	499
			1713	500
			1714	501
			1715	501
			1715	502
			1716	502
			1717	503
			1718	504
			1719	505
			1720	505
			1721	506
			1722	507
			1723	507
			1724	508
			1725	509
			1726	510
			1727	511
			1728	511
			1729	512
			1730	513
			1731	514
			1732	514
			1733	515
			1734	516
			1735	517
			1736	517
			1737	518
			1738	519
			1738	520
			1739	520
			1740	521
			1741	522
			1742	523
			1743	523
			1744	524
			1745	525
			1746	526
			1747	526
			1748	527
			1749	528
			1750	529
			1751	529
			1752	530
			1753	531
			1754	531
			1754	532
			1755	533
			1756	534
			1757	534
			1758	535
			1759	536
			1760	537
			1761	537
			1762	538
			1763	539
			1764	540
			1765	540
			1766	541
			1766	542
			1767	543
			1768	543
			1769	544
			1770	545
			1771	546
			1772	546
			1773	547
			1774	548
			1775	549
			1776	549
			1776	550
			1777	551
			1778	552
			1779	552
			1780	553
			1781	554
			1782	555
			1783	555
			1784	556
			1785	557
			1786	558
			1787	559
			1788	560
			1789	560
			1789	561
			1790	561
			1791	562
			1792	563
			1793	564
			1794	565
			1795	565
			1796	566
			1797	567
			1798	568
			1799	569
			1800	569
			1801	570
			1802	571
			1803	572
			1804	573
			1805	574
			1806	575
			1807	575
			1807	576
			1808	576
			1809	577
			1810	578
			1811	579
			1812	580
			1813	580
			1814	581
			1814	582
			1815	582
			1816	583
			1817	584
			1818	585
			1819	586
			1820	587
			1821	587
			1822	588
			1823	589
			1824	590
			1825	591
			1826	591
			1826	592
			1827	593
			1828	594
			1829	595
			1830	595
			1831	596
			1832	597
			1833	598
			1834	598
			1835	599
			1835	600
			1836	601
			1837	602
			1838	602
			1839	603
			1840	604
			1841	605
			1842	606
			1843	606
			1844	607
			1844	608
			1845	609
			1846	610
			1847	610
			1848	611
			1849	612
			1850	613
			1851	613
			1851	614
			1852	615
			1853	616
			1854	617
			1855	617
			1856	618
			1857	619
			1858	620
			1858	621
			1859	621
			1860	622
			1861	623
			1862	624
			1863	625
			1864	625
			1864	626
			1865	627
			1866	628
			1867	628
			1868	629
			1869	630
			1870	631
			1870	632
			1871	632
			1872	633
			1873	634
			1874	635
			1875	636
			1876	636
			1876	637
			1877	638
			1878	639
			1879	639
			1880	640
			1881	641
			1881	642
			1882	643
			1883	643
			1884	644
			1885	645
			1886	646
			1887	647
			1888	648
			1889	649
			1890	650
			1891	651
			1892	652
			1893	653
			1894	654
			1895	655
			1896	656
			1897	657
			1898	658
			1899	659
			1900	659
			1901	660
			1902	661
			1903	662
			1904	663
			1905	664
			1906	665
			1907	666
			1908	667
			1909	668
			1910	669
			1911	670
			1911	671
			1912	672
			1913	673
			1914	674
			1915	674
			1916	675
			1917	676
			1918	677
			1919	678
			1920	679
			1921	680
			1922	681
			1923	682
			1924	683
			1925	684
			1925	685
			1926	686
			1927	687
			1928	688
			1929	688
			1930	689
			1931	690
			1932	691
			1933	692
			1934	693
			1935	694
			1936	695
			1936	696
			1937	697
			1938	698
			1939	699
			1940	700
			1941	701
			1942	702
			1943	702
			1944	703
			1944	704
			1945	705
			1946	706
			1947	707
			1948	708
			1949	709
			1950	710
			1951	711
			1952	712
			1952	713
			1953	714
			1954	715
			1955	715
			1956	716
			1957	717
			1958	718
			1958	719
			1959	720
			1960	721
			1961	722
			1962	723
			1963	724
			1964	725
			1964	726
			1965	727
			1966	727
			1967	728
			1968	729
			1969	730
			1969	731
			1970	732
			1971	733
			1972	734
			1973	735
			1974	736
			1974	737
			1975	738
			1976	739
			1977	740
			1978	740
			1979	741
			1979	742
			1980	743
			1981	744
			1982	745
			1983	746
			1983	747
			1984	748
			1985	749
			1986	750
			1987	751
			1987	752
			1988	752
			1989	753
			1990	754
			1991	755
			1991	756
			1992	757
			1993	758
			1994	759
			1995	760
			1995	761
			1996	762
			1997	763
			1998	763
			1998	764
			1999	765
			2000	766
			2001	767
			2002	768
			2002	769
			2003	770
			2004	771
			2005	772
			2005	773
			2006	774
			2007	774
			2008	775
			2008	776
			2009	777
			2010	778
			2011	779
			2011	780
			2012	781
			2013	782
			2014	783
			2014	784
			2015	785
			2016	785
			2017	786
			2017	787
			2018	788
			2019	789
			2019	790
			2020	791
			2021	792
			2022	793
			2022	794
			2023	795
			2024	796
			2025	797
			2026	798
			2027	799
			2027	800
			2028	800
			2028	801
			2029	802
			2030	803
			2031	804
			2031	805
			2032	806
			2032	807
			2033	808
			2034	808
			2034	809
			2035	810
			2035	811
			2036	811
			2037	812
			2037	813
			2038	814
			2038	815
			2039	815
			2040	816
			2040	817
			2041	818
			2041	819
			2042	819
			2042	820
			2043	821
			2044	822
			2045	823
			2045	824
			2046	825
			2047	826
			2047	827
			2048	828
			2049	829
			2050	830
			2050	831
			2051	832
			2052	833
			2052	834
			2053	835
			2054	835
			2054	836
			2055	837
			2056	838
			2056	839
			2057	840
			2057	841
			2058	842
			2059	843
			2059	844
			2060	845
			2061	846
			2061	847
			2062	848
			2063	849
			2063	850
			2064	850
			2065	851
			2065	852
			2066	853
			2066	854
			2067	855
			2068	856
			2068	857
			2069	858
			2070	859
			2070	860
			2071	861
			2071	862
			2072	863
			2073	864
			2073	865
			2074	865
			2074	866
			2075	867
			2076	868
			2076	869
			2077	870
			2077	871
			2078	872
			2079	873
			2079	874
			2080	875
			2080	876
			2081	877
			2081	878
			2082	879
			2083	879
			2083	880
			2084	881
			2084	882
			2085	882
			2085	883
			2086	884
			2086	885
			2087	886
			2087	887
			2088	887
			2088	888
			2089	889
			2089	890
			2090	891
			2091	892
			2092	893
			2092	894
			2093	895
			2093	896
			2094	897
			2095	898
			2095	899
			2096	900
			2097	901
			2097	902
			2098	903
			2098	904
			2099	905
			2100	906
			2100	907
			2101	908
			2101	909
			2102	910
			2103	911
			2104	912
			2104	913
			2105	914
			2106	915
			2106	916
			2107	917
			2107	918
			2108	918
			2108	919
			2109	920
			2109	921
			2110	922
			2110	923
			2111	923
			2111	924
			2112	925
			2112	926
			2113	927
			2114	928
			2115	929
			2115	930
			2116	931
			2116	932
			2117	933
			2118	934
			2118	935
			2119	936
			2119	937
			2120	938
			2121	939
			2121	940
			2122	941
			2122	942
			2123	943
			2124	944
			2124	945
			2125	946
			2125	947
			2126	948
			2127	948
			2127	949
			2128	950
			2128	951
			2129	952
			2130	953
			2130	954
			2131	955
			2131	956
			2132	957
			2132	958
			2133	959
			2134	960
			2134	961
			2135	962
			2135	963
			2136	964
			2136	965
			2137	966
			2138	966
			2138	967
			2139	968
			2139	969
			2140	970
			2140	971
			2141	972
			2142	973
			2142	974
			2143	975
			2143	976
			2144	977
			2144	978
			2145	979
			2146	979
			2146	980
			2147	981
			2147	982
			2148	983
			2148	984
			2149	985
			2149	986
			2150	987
			2150	988
			2151	989
			2152	990
			2153	991
			2153	992
			2154	993
			2154	994
			2155	995
			2156	996
			2156	997
			2157	998
			2157	999
			2157	1000
			2158	1000
			2158	1001
			2159	1002
			2159	1003
			2160	1003
			2160	1004
			2161	1005
			2161	1006
			2162	1007
			2162	1008
			2163	1009
			2164	1010
			2164	1011
			2165	1012
			2165	1013
			2166	1014
			2166	1015
			2167	1015
			2167	1016
			2168	1017
			2168	1018
			2169	1019
			2169	1020
			2170	1021
			2171	1022
			2171	1023
			2172	1024
			2172	1025
			2173	1026
			2174	1027
			2174	1028
			2175	1029
			2175	1030
			2176	1031
			2176	1032
			2177	1033
			2177	1034
			2178	1035
			2179	1036
			2179	1037
			2180	1038
			2180	1039
			2181	1040
			2181	1041
			2182	1042
			2182	1043
			2183	1044
			2183	1045
			2184	1045
			2184	1046
			2185	1047
			2185	1048
			2186	1049
			2186	1050
			2187	1051
			2187	1052
			2188	1053
			2188	1054
			2189	1055
			2189	1056
			2190	1056
			2190	1057
			2191	1058
			2191	1059
			2192	1060
			2192	1061
			2193	1062
			2193	1063
			2194	1064
			2194	1065
			2195	1065
			2195	1066
			2196	1067
			2196	1068
			2197	1069
			2197	1070
			2198	1071
			2198	1072
			2199	1073
			2200	1074
			2200	1075
			2201	1076
			2201	1077
			2202	1078
			2202	1079
			2203	1080
			2203	1081
			2204	1082
			2204	1083
			2205	1084
			2205	1085
			2206	1086
			2206	1087
			2207	1088
			2207	1089
			2208	1090
			2209	1091
			2209	1092
			2210	1093
			2210	1094
			2210	1095
			2211	1095
			2211	1096
			2211	1097
			2212	1097
			2212	1098
			2212	1099
			2213	1099
			2213	1100
			2213	1101
			2214	1101
			2214	1102
			2215	1103
			2215	1104
			2216	1105
			2216	1106
			2217	1107
			2217	1108
			2218	1109
			2218	1110
			2219	1111
			2219	1112
			2220	1113
			2220	1114
			2221	1114
			2221	1115
			2221	1116
			2222	1117
			2222	1118
			2223	1119
			2223	1120
			2224	1121
			2224	1122
			2225	1123
			2225	1124
			2226	1125
			2226	1126
			2227	1127
			2227	1128
			2228	1129
			2228	1130
			2229	1131
			2229	1132
			2230	1133
			2230	1134
			2231	1135
			2231	1136
			2231	1137
			2232	1138
			2233	1139
			2233	1140
			2234	1141
			2234	1142
			2234	1143
			2235	1143
			2235	1144
			2235	1145
			2236	1146
			2236	1147
			2237	1148
			2237	1149
			2238	1150
			2238	1151
			2239	1152
			2239	1153
			2240	1154
			2240	1155
			2240	1156
			2241	1157
			2241	1158
			2242	1159
			2242	1160
			2243	1161
			2243	1162
			2244	1163
			2244	1164
			2244	1165
			2245	1166
			2245	1167
			2246	1168
			2246	1169
			2247	1170
			2247	1171
			2248	1172
			2248	1173
			2248	1174
			2249	1175
			2249	1176
			2250	1177
			2250	1178
			2251	1179
			2251	1180
			2251	1181
			2252	1182
			2252	1183
			2253	1184
			2253	1185
			2254	1186
			2254	1187
			2254	1188
			2255	1189
			2255	1190
			2255	1191
			2256	1192
			2257	1193
			2257	1194
			2257	1195
			2257	1196
			2258	1196
			2258	1197
			2258	1198
			2259	1198
			2259	1199
			2259	1200
			2260	1201
			2260	1202
			2261	1203
			2261	1204
			2261	1205
			2261	1206
			2262	1206
			2262	1207
			2262	1208
			2263	1209
			2263	1210
			2263	1211
			2264	1212
			2264	1213
			2264	1214
			2265	1215
			2265	1216
			2265	1217
			2266	1217
			2266	1218
			2266	1219
			2267	1220
			2267	1221
			2267	1222
			2268	1223
			2268	1224
			2269	1225
			2269	1226
			2269	1227
			2270	1228
			2270	1229
			2270	1230
			2271	1231
			2271	1232
			2271	1233
			2272	1234
			2272	1235
			2272	1236
			2273	1237
			2273	1238
			2273	1239
			2274	1240
			2274	1241
			2274	1242
			2275	1243
			2275	1244
			2275	1245
			2276	1246
			2276	1247
			2276	1248
			2276	1249
			2277	1250
			2277	1251
			2277	1252
			2278	1253
			2278	1254
			2278	1255
			2278	1256
			2279	1256
			2279	1257
			2279	1258
			2279	1259
			2280	1260
			2280	1261
			2280	1262
			2280	1263
			2281	1263
			2281	1264
			2281	1265
			2281	1266
			2281	1267
			2282	1268
			2282	1269
			2282	1270
			2283	1271
			2283	1272
			2283	1273
			2283	1274
			2284	1275
			2284	1276
			2284	1277
			2284	1278
			2285	1279
			2285	1280
			2285	1281
			2285	1282
			2285	1283
			2286	1284
			2286	1285
			2286	1286
			2286	1287
			2286	1288
			2287	1289
			2287	1290
			2287	1291
			2287	1292
			2288	1293
			2288	1294
			2288	1295
			2288	1296
			2288	1297
			2288	1298
			2288	1299
			2289	1300
			2289	1301
			2289	1302
			2289	1303
			2289	1304
			2289	1305
			2290	1306
			2290	1307
			2290	1308
			2290	1309
			2290	1310
			2290	1311
			2290	1312
			2290	1313
			2291	1313
			2291	1314
			2291	1315
			2291	1316
			2291	1317
			2291	1318
			2291	1319
			2291	1320
			2290	1321
			2290	1322
			2290	1323
			2290	1324
			2289	1325
			2289	1326
			2289	1327
			2289	1328
			2289	1329
			2288	1329
			2288	1330
			2288	1331
			2288	1332
			2288	1333
			2287	1334
			2287	1335
			2287	1336
			2287	1337
			2286	1338
			2286	1339
			2286	1340
			2286	1341
			2285	1342
			2285	1343
			2285	1344
			2285	1345
			2284	1346
			2284	1347
			2284	1348
			2283	1349
			2283	1350
			2283	1351
			2283	1352
			2282	1353
			2282	1354
			2282	1355
			2281	1356
			2281	1357
			2281	1358
			2281	1359
			2280	1360
			2280	1361
			2280	1362
			2279	1363
			2279	1364
			2279	1365
			2278	1366
			2278	1367
			2278	1368
			2277	1369
			2277	1370
			2277	1371
			2276	1372
			2276	1373
			2276	1374
			2275	1375
			2275	1376
			2275	1377
			2274	1378
			2274	1379
			2274	1380
			2273	1381
			2273	1382
			2272	1383
			2272	1384
			2272	1385
			2271	1386
			2271	1387
			2270	1388
			2270	1389
			2270	1390
			2269	1391
			2269	1392
			2269	1393
			2268	1394
			2268	1395
			2267	1396
			2267	1397
			2267	1398
			2266	1398
			2266	1399
			2266	1400
			2265	1400
			2265	1401
			2265	1402
			2264	1402
			2264	1403
			2264	1404
			2263	1404
			2263	1405
			2263	1406
			2262	1407
			2262	1408
			2261	1409
			2261	1410
			2260	1411
			2260	1412
			2259	1412
			2259	1413
			2259	1414
			2258	1415
			2257	1416
			2257	1417
			2256	1418
			2256	1419
			2255	1420
			2255	1421
			2254	1422
			2253	1423
			2253	1424
			2252	1425
			2251	1426
			2251	1427
			2250	1428
			2250	1429
			2249	1430
			2248	1431
			2247	1432
			2246	1433
			2246	1434
			2245	1435
			2244	1436
			2243	1437
			2242	1438
			2242	1439
			2241	1440
			2240	1441
			2239	1442
			2239	1443
			2238	1444
			2237	1445
			2236	1446
			2235	1446
			2235	1447
			2234	1448
			2233	1449
			2232	1450
			2231	1450
			2230	1451
			2230	1452
			2229	1453
			2228	1453
			2227	1454
			2226	1455
			2225	1455
			2224	1456
			2224	1457
			2223	1457
			2222	1458
			2221	1458
			2220	1459
			2219	1460
			2218	1460
			2217	1461
			2216	1461
			2215	1462
			2214	1463
			2213	1463
			2212	1464
			2211	1464
			2210	1464
			2209	1465
			2208	1465
			2207	1466
			2206	1466
			2205	1466
			2204	1467
			2203	1467
			2202	1468
			2201	1468
			2200	1468
			2199	1468
			2198	1469
			2197	1469
			2196	1469
			2195	1469
			2194	1470
			2193	1470
			2192	1470
			2191	1470
			2190	1470
			2189	1470
			2188	1470
			2187	1470
			2187	1471
			2186	1471
			2185	1471
			2184	1471
			2183	1471
			2182	1471
			2181	1471
			2180	1471
			2179	1471
			2178	1471
			2177	1471
			2176	1471
			2175	1471
			2174	1471
			2173	1471
			2172	1470
			2171	1470
			2170	1470
			2169	1470
			2168	1470
		</Profile>
		<Eye type=matrix rownames=FALSE colnames=FALSE nrow=2132 ncol=2 as.numeric=TRUE >
			1558	1110
			1557	1111
			1556	1111
			1556	1112
			1555	1112
			1554	1113
			1553	1113
			1552	1114
			1552	1115
			1551	1115
			1550	1116
			1549	1116
			1549	1117
			1548	1117
			1547	1118
			1546	1118
			1545	1119
			1544	1120
			1543	1121
			1542	1121
			1541	1122
			1540	1123
			1539	1123
			1538	1124
			1537	1125
			1536	1125
			1535	1126
			1534	1126
			1533	1127
			1532	1128
			1531	1128
			1530	1129
			1529	1129
			1528	1130
			1527	1131
			1526	1131
			1526	1132
			1525	1132
			1524	1133
			1523	1134
			1522	1134
			1521	1135
			1520	1135
			1519	1136
			1518	1137
			1517	1137
			1516	1138
			1515	1138
			1514	1139
			1513	1139
			1512	1140
			1511	1141
			1510	1141
			1509	1142
			1508	1142
			1507	1143
			1506	1143
			1505	1144
			1504	1144
			1503	1145
			1502	1145
			1501	1146
			1500	1147
			1499	1147
			1498	1148
			1497	1148
			1496	1149
			1495	1149
			1494	1150
			1493	1150
			1492	1151
			1491	1151
			1490	1152
			1489	1152
			1488	1153
			1487	1153
			1486	1154
			1485	1154
			1484	1155
			1483	1155
			1482	1156
			1481	1156
			1480	1157
			1479	1157
			1478	1158
			1477	1158
			1476	1159
			1475	1159
			1474	1159
			1473	1160
			1472	1160
			1471	1161
			1470	1161
			1469	1162
			1468	1162
			1467	1163
			1466	1163
			1465	1163
			1464	1164
			1463	1164
			1462	1165
			1461	1165
			1460	1166
			1459	1166
			1458	1166
			1457	1167
			1456	1167
			1455	1168
			1454	1168
			1453	1169
			1452	1169
			1451	1169
			1450	1170
			1449	1170
			1448	1171
			1447	1171
			1446	1171
			1445	1172
			1444	1172
			1443	1172
			1442	1173
			1441	1173
			1440	1174
			1439	1174
			1438	1174
			1437	1175
			1436	1175
			1435	1175
			1434	1176
			1433	1176
			1432	1176
			1431	1177
			1430	1177
			1429	1178
			1428	1178
			1427	1178
			1426	1178
			1425	1179
			1424	1179
			1423	1179
			1422	1180
			1421	1180
			1420	1180
			1419	1181
			1418	1181
			1417	1181
			1416	1181
			1415	1182
			1414	1182
			1413	1182
			1412	1183
			1411	1183
			1410	1183
			1409	1183
			1408	1184
			1407	1184
			1406	1184
			1405	1184
			1404	1185
			1403	1185
			1402	1185
			1401	1186
			1400	1186
			1399	1186
			1398	1186
			1397	1187
			1396	1187
			1395	1187
			1394	1187
			1393	1188
			1392	1188
			1391	1188
			1390	1188
			1389	1189
			1388	1189
			1387	1189
			1386	1189
			1385	1190
			1384	1190
			1383	1190
			1382	1190
			1381	1190
			1380	1191
			1379	1191
			1378	1191
			1377	1191
			1376	1191
			1375	1192
			1374	1192
			1373	1192
			1372	1192
			1371	1192
			1370	1192
			1369	1193
			1368	1193
			1367	1193
			1366	1193
			1365	1193
			1364	1194
			1363	1194
			1362	1194
			1361	1194
			1360	1194
			1359	1194
			1358	1195
			1357	1195
			1356	1195
			1355	1195
			1354	1195
			1353	1195
			1352	1195
			1351	1196
			1350	1196
			1349	1196
			1348	1196
			1347	1196
			1346	1196
			1345	1196
			1344	1196
			1343	1197
			1342	1197
			1341	1197
			1340	1197
			1339	1197
			1338	1197
			1337	1197
			1336	1197
			1335	1197
			1334	1198
			1333	1198
			1332	1198
			1331	1198
			1330	1198
			1329	1198
			1328	1198
			1327	1198
			1326	1198
			1325	1198
			1324	1198
			1323	1198
			1322	1199
			1321	1199
			1320	1199
			1319	1199
			1318	1199
			1317	1199
			1316	1199
			1315	1199
			1314	1199
			1313	1199
			1312	1199
			1311	1199
			1310	1199
			1309	1199
			1308	1199
			1307	1199
			1306	1199
			1305	1199
			1304	1199
			1303	1199
			1303	1200
			1302	1200
			1301	1200
			1300	1200
			1299	1200
			1298	1200
			1297	1200
			1296	1200
			1295	1200
			1294	1200
			1293	1200
			1292	1200
			1291	1200
			1290	1200
			1289	1200
			1288	1200
			1287	1200
			1286	1200
			1285	1200
			1284	1200
			1283	1200
			1282	1200
			1281	1200
			1280	1200
			1279	1200
			1278	1200
			1277	1200
			1276	1200
			1275	1200
			1274	1199
			1273	1199
			1272	1199
			1271	1199
			1270	1199
			1269	1199
			1268	1199
			1267	1199
			1266	1199
			1265	1199
			1264	1199
			1263	1199
			1262	1199
			1261	1199
			1260	1199
			1259	1199
			1258	1199
			1257	1199
			1256	1199
			1255	1199
			1254	1199
			1253	1198
			1252	1198
			1251	1198
			1250	1198
			1249	1198
			1248	1198
			1247	1198
			1246	1198
			1245	1198
			1244	1198
			1243	1198
			1242	1198
			1241	1197
			1240	1197
			1239	1197
			1238	1197
			1237	1197
			1236	1197
			1235	1197
			1234	1197
			1233	1197
			1232	1197
			1231	1196
			1230	1196
			1229	1196
			1228	1196
			1227	1196
			1226	1196
			1225	1196
			1224	1195
			1223	1195
			1222	1195
			1221	1195
			1220	1195
			1219	1195
			1218	1195
			1217	1194
			1216	1194
			1215	1194
			1214	1194
			1213	1194
			1212	1194
			1211	1193
			1210	1193
			1209	1193
			1208	1193
			1207	1193
			1206	1193
			1205	1192
			1204	1192
			1203	1192
			1202	1192
			1201	1192
			1200	1192
			1199	1191
			1198	1191
			1197	1191
			1196	1191
			1195	1191
			1194	1190
			1193	1190
			1192	1190
			1191	1190
			1190	1190
			1189	1189
			1188	1189
			1187	1189
			1186	1189
			1185	1189
			1185	1188
			1184	1188
			1183	1188
			1182	1188
			1181	1188
			1180	1187
			1179	1187
			1178	1187
			1177	1187
			1176	1186
			1175	1186
			1174	1186
			1173	1186
			1172	1185
			1171	1185
			1170	1185
			1169	1185
			1168	1184
			1167	1184
			1166	1184
			1165	1184
			1164	1183
			1163	1183
			1162	1183
			1161	1183
			1160	1182
			1159	1182
			1158	1182
			1157	1181
			1156	1181
			1155	1181
			1154	1180
			1153	1180
			1152	1180
			1151	1180
			1150	1179
			1149	1179
			1148	1179
			1147	1178
			1146	1178
			1145	1178
			1144	1178
			1144	1177
			1143	1177
			1142	1177
			1141	1176
			1140	1176
			1139	1176
			1138	1175
			1137	1175
			1136	1175
			1135	1174
			1134	1174
			1133	1173
			1132	1173
			1131	1173
			1130	1172
			1129	1172
			1128	1172
			1127	1171
			1126	1171
			1125	1170
			1124	1170
			1123	1170
			1122	1169
			1121	1169
			1120	1168
			1119	1168
			1118	1168
			1117	1167
			1116	1167
			1115	1166
			1114	1166
			1113	1166
			1112	1165
			1111	1165
			1110	1164
			1109	1164
			1108	1164
			1107	1163
			1106	1163
			1105	1162
			1104	1162
			1103	1161
			1102	1161
			1101	1160
			1100	1160
			1099	1159
			1098	1159
			1097	1158
			1096	1158
			1095	1157
			1094	1157
			1093	1156
			1092	1156
			1091	1155
			1090	1155
			1089	1154
			1088	1154
			1087	1153
			1086	1153
			1085	1152
			1084	1152
			1083	1151
			1082	1150
			1081	1149
			1080	1149
			1079	1149
			1079	1148
			1078	1148
			1077	1148
			1077	1147
			1076	1147
			1075	1146
			1074	1146
			1073	1145
			1072	1144
			1071	1144
			1070	1143
			1069	1143
			1069	1142
			1068	1142
			1067	1141
			1066	1141
			1066	1140
			1065	1140
			1064	1139
			1063	1139
			1063	1138
			1062	1138
			1061	1137
			1060	1137
			1060	1136
			1059	1136
			1058	1135
			1057	1135
			1057	1134
			1056	1134
			1055	1133
			1054	1132
			1053	1132
			1052	1131
			1051	1130
			1050	1129
			1049	1128
			1048	1127
			1047	1127
			1046	1126
			1045	1125
			1044	1124
			1043	1124
			1042	1123
			1041	1122
			1040	1121
			1039	1120
			1038	1120
			1037	1119
			1036	1118
			1035	1117
			1034	1116
			1033	1115
			1032	1115
			1031	1114
			1031	1113
			1030	1112
			1029	1111
			1028	1110
			1027	1109
			1026	1109
			1025	1108
			1024	1107
			1023	1106
			1022	1105
			1022	1104
			1021	1103
			1020	1102
			1019	1102
			1018	1101
			1017	1100
			1016	1099
			1016	1098
			1015	1097
			1014	1096
			1013	1095
			1012	1094
			1011	1093
			1011	1092
			1010	1091
			1009	1090
			1008	1090
			1007	1089
			1007	1088
			1006	1087
			1005	1086
			1004	1085
			1003	1084
			1003	1083
			1002	1082
			1001	1081
			1000	1080
			1000	1079
			999	1078
			998	1077
			997	1076
			997	1075
			996	1074
			995	1073
			994	1072
			994	1071
			993	1070
			992	1069
			992	1068
			991	1067
			990	1066
			990	1065
			989	1064
			989	1063
			988	1063
			988	1062
			987	1061
			987	1060
			986	1059
			985	1058
			985	1057
			984	1056
			983	1055
			983	1054
			982	1053
			982	1052
			981	1051
			981	1050
			980	1049
			980	1048
			979	1047
			978	1046
			978	1045
			977	1044
			977	1043
			976	1042
			976	1041
			975	1040
			975	1039
			974	1038
			974	1037
			973	1036
			973	1035
			972	1034
			972	1033
			971	1032
			971	1031
			970	1030
			970	1029
			969	1028
			969	1027
			968	1026
			968	1025
			968	1024
			967	1023
			967	1022
			966	1021
			966	1020
			965	1019
			965	1018
			964	1017
			964	1016
			963	1015
			963	1014
			963	1013
			962	1012
			962	1011
			961	1010
			961	1009
			961	1008
			960	1007
			960	1006
			960	1005
			959	1004
			959	1003
			959	1002
			958	1002
			958	1001
			958	1000
			958	999
			957	999
			957	998
			957	997
			956	996
			956	995
			956	994
			955	993
			955	992
			955	991
			954	990
			954	989
			954	988
			953	987
			953	986
			953	985
			953	984
			952	983
			952	982
			952	981
			951	980
			951	979
			951	978
			951	977
			950	976
			950	975
			950	974
			950	973
			950	972
			950	971
			949	970
			949	969
			949	968
			949	967
			949	966
			949	965
			949	964
			949	963
			949	962
			949	961
			948	960
			948	959
			948	958
			948	957
			948	956
			948	955
			948	954
			948	953
			948	952
			948	951
			948	950
			947	949
			947	948
			947	947
			947	946
			947	945
			947	944
			947	943
			947	942
			947	941
			947	940
			947	939
			947	938
			947	937
			947	936
			947	935
			946	935
			946	934
			946	933
			946	932
			946	931
			946	930
			946	929
			946	928
			946	927
			946	926
			946	925
			946	924
			946	923
			946	922
			946	921
			946	920
			946	919
			946	918
			946	917
			946	916
			945	916
			945	915
			945	914
			945	913
			945	912
			945	911
			945	910
			945	909
			945	908
			945	907
			945	906
			945	905
			945	904
			945	903
			945	902
			945	901
			945	900
			945	899
			945	898
			945	897
			945	896
			945	895
			945	894
			945	893
			945	892
			945	891
			945	890
			945	889
			945	888
			945	887
			945	886
			945	885
			945	884
			945	883
			945	882
			945	881
			945	880
			945	879
			945	878
			945	877
			945	876
			945	875
			945	874
			945	873
			945	872
			945	871
			945	870
			945	869
			945	868
			945	867
			945	866
			945	865
			945	864
			946	863
			946	862
			946	861
			946	860
			946	859
			946	858
			946	857
			946	856
			946	855
			946	854
			946	853
			946	852
			946	851
			946	850
			946	849
			946	848
			946	847
			946	846
			947	845
			947	844
			947	843
			947	842
			947	841
			947	840
			947	839
			947	838
			947	837
			947	836
			947	835
			947	834
			948	833
			948	832
			948	831
			948	830
			948	829
			948	828
			948	827
			948	826
			948	825
			949	824
			949	823
			949	822
			949	821
			949	820
			949	819
			949	818
			949	817
			950	816
			950	815
			950	814
			950	813
			950	812
			950	811
			950	810
			951	809
			951	808
			951	807
			951	806
			951	805
			951	804
			951	803
			952	802
			952	801
			952	800
			952	799
			952	798
			952	797
			953	796
			953	795
			953	794
			953	793
			953	792
			954	791
			954	790
			954	789
			954	788
			954	787
			954	786
			955	785
			955	784
			955	783
			955	782
			955	781
			956	780
			956	779
			956	778
			956	777
			957	777
			957	776
			957	775
			957	774
			957	773
			958	772
			958	771
			958	770
			958	769
			959	768
			959	767
			959	766
			959	765
			960	764
			960	763
			960	762
			960	761
			961	760
			961	759
			961	758
			961	757
			962	757
			962	756
			962	755
			962	754
			963	753
			963	752
			963	751
			963	750
			964	749
			964	748
			964	747
			965	746
			965	745
			965	744
			966	743
			966	742
			966	741
			967	740
			967	739
			967	738
			968	737
			968	736
			968	735
			969	734
			969	733
			970	732
			970	731
			970	730
			971	729
			971	728
			971	727
			972	726
			972	725
			972	724
			973	723
			973	722
			974	721
			974	720
			975	719
			975	718
			975	717
			976	716
			976	715
			977	714
			977	713
			977	712
			978	712
			978	711
			978	710
			979	709
			979	708
			980	707
			980	706
			980	705
			981	704
			981	703
			982	702
			983	701
			983	700
			984	699
			984	698
			984	697
			985	697
			985	696
			985	695
			986	695
			986	694
			986	693
			987	693
			987	692
			988	691
			988	690
			989	689
			989	688
			989	687
			990	687
			990	686
			991	685
			991	684
			992	683
			993	682
			993	681
			994	680
			994	679
			995	678
			995	677
			996	676
			996	675
			997	675
			997	674
			998	673
			998	672
			999	671
			1000	670
			1001	669
			1001	668
			1002	667
			1003	666
			1003	665
			1004	664
			1005	663
			1005	662
			1006	661
			1007	660
			1007	659
			1008	658
			1009	657
			1010	656
			1010	655
			1011	654
			1012	653
			1012	652
			1013	651
			1014	650
			1015	649
			1015	648
			1016	647
			1017	646
			1018	646
			1018	645
			1019	644
			1020	643
			1021	642
			1021	641
			1022	640
			1023	639
			1024	638
			1024	637
			1025	636
			1026	636
			1027	635
			1028	634
			1028	633
			1029	632
			1030	631
			1031	630
			1032	629
			1033	628
			1034	627
			1035	626
			1036	625
			1036	624
			1037	623
			1038	623
			1039	622
			1040	621
			1040	620
			1041	619
			1042	618
			1043	618
			1044	617
			1044	616
			1045	615
			1046	614
			1047	614
			1048	613
			1048	612
			1049	611
			1050	610
			1051	610
			1052	609
			1053	608
			1053	607
			1054	607
			1055	606
			1056	605
			1057	604
			1057	603
			1058	603
			1059	602
			1060	601
			1061	600
			1062	600
			1062	599
			1063	598
			1064	597
			1065	597
			1066	596
			1067	595
			1067	594
			1068	594
			1069	593
			1070	592
			1071	592
			1072	591
			1072	590
			1073	589
			1074	589
			1075	588
			1076	587
			1077	587
			1078	586
			1078	585
			1079	585
			1080	584
			1081	583
			1082	583
			1083	582
			1084	581
			1085	580
			1086	579
			1087	578
			1088	577
			1089	577
			1090	577
			1090	576
			1091	576
			1092	575
			1093	574
			1094	573
			1095	572
			1096	572
			1097	571
			1098	571
			1099	570
			1100	569
			1101	568
			1102	568
			1103	567
			1104	567
			1105	566
			1106	565
			1107	565
			1108	564
			1108	563
			1109	563
			1110	562
			1111	562
			1112	561
			1113	560
			1114	560
			1115	559
			1116	559
			1117	558
			1118	558
			1119	557
			1120	556
			1121	556
			1122	555
			1123	555
			1124	554
			1125	554
			1126	553
			1127	552
			1128	552
			1129	551
			1130	551
			1131	550
			1132	550
			1132	549
			1133	549
			1134	548
			1135	548
			1136	547
			1137	546
			1138	546
			1139	545
			1140	545
			1141	544
			1142	544
			1143	543
			1144	543
			1145	542
			1146	542
			1147	541
			1148	541
			1149	540
			1150	540
			1151	540
			1152	539
			1153	539
			1154	538
			1155	538
			1156	537
			1157	537
			1158	536
			1159	536
			1160	536
			1161	535
			1162	535
			1163	534
			1164	534
			1165	533
			1166	533
			1167	533
			1167	532
			1168	532
			1169	532
			1170	532
			1170	531
			1171	531
			1172	531
			1173	530
			1174	530
			1175	529
			1176	529
			1177	529
			1178	528
			1179	528
			1180	528
			1180	527
			1181	527
			1182	527
			1183	526
			1184	526
			1185	526
			1186	525
			1187	525
			1188	525
			1189	524
			1190	524
			1191	523
			1192	523
			1193	523
			1194	523
			1195	522
			1196	522
			1197	522
			1198	521
			1199	521
			1200	521
			1201	520
			1202	520
			1203	520
			1204	520
			1205	519
			1206	519
			1207	519
			1208	518
			1209	518
			1210	518
			1211	518
			1212	517
			1213	517
			1214	517
			1215	517
			1216	516
			1217	516
			1218	516
			1219	516
			1220	515
			1221	515
			1222	515
			1223	515
			1224	514
			1225	514
			1226	514
			1227	514
			1228	513
			1229	513
			1230	513
			1231	513
			1232	512
			1233	512
			1234	512
			1235	512
			1236	512
			1237	511
			1238	511
			1239	511
			1240	511
			1241	511
			1242	510
			1243	510
			1244	510
			1245	510
			1246	510
			1247	510
			1248	509
			1249	509
			1250	509
			1251	509
			1252	509
			1253	509
			1254	508
			1255	508
			1256	508
			1257	508
			1258	508
			1259	508
			1260	507
			1261	507
			1262	507
			1263	507
			1264	507
			1265	507
			1266	507
			1267	507
			1268	506
			1269	506
			1270	506
			1271	506
			1272	506
			1273	506
			1274	506
			1275	506
			1276	506
			1277	505
			1278	505
			1279	505
			1280	505
			1281	505
			1282	505
			1283	505
			1284	505
			1285	505
			1286	505
			1287	505
			1288	504
			1289	504
			1290	504
			1291	504
			1292	504
			1293	504
			1294	504
			1295	504
			1296	504
			1297	504
			1298	504
			1299	504
			1300	504
			1301	504
			1302	504
			1303	504
			1304	504
			1305	504
			1306	504
			1307	503
			1308	503
			1309	503
			1310	503
			1311	503
			1312	503
			1313	503
			1314	503
			1315	503
			1316	503
			1317	503
			1318	503
			1319	503
			1320	503
			1321	503
			1322	503
			1323	503
			1324	503
			1325	503
			1326	503
			1327	503
			1328	503
			1329	503
			1330	503
			1331	503
			1332	503
			1333	503
			1334	503
			1335	503
			1336	503
			1337	503
			1338	503
			1339	503
			1340	503
			1341	504
			1342	504
			1343	504
			1344	504
			1345	504
			1346	504
			1347	504
			1348	504
			1349	504
			1350	504
			1351	504
			1352	504
			1353	504
			1354	504
			1355	504
			1356	504
			1357	504
			1358	504
			1359	504
			1360	505
			1361	505
			1362	505
			1363	505
			1364	505
			1365	505
			1366	505
			1367	505
			1368	505
			1369	505
			1370	505
			1371	505
			1372	505
			1373	506
			1374	506
			1375	506
			1376	506
			1377	506
			1378	506
			1379	506
			1380	506
			1381	506
			1382	506
			1382	507
			1383	507
			1384	507
			1385	507
			1386	507
			1387	507
			1388	507
			1389	507
			1390	507
			1391	508
			1392	508
			1393	508
			1394	508
			1395	508
			1396	508
			1397	508
			1398	508
			1399	509
			1400	509
			1401	509
			1402	509
			1403	509
			1404	509
			1405	509
			1406	510
			1407	510
			1408	510
			1409	510
			1410	510
			1411	510
			1412	511
			1413	511
			1414	511
			1415	511
			1416	511
			1417	512
			1418	512
			1419	512
			1420	513
			1421	513
			1422	513
			1423	514
			1424	514
			1425	515
			1426	515
			1427	515
			1428	516
			1429	516
			1430	516
			1431	517
			1432	517
			1433	517
			1434	518
			1435	518
			1436	519
			1437	519
			1438	519
			1439	520
			1440	520
			1441	520
			1442	521
			1443	521
			1444	522
			1445	522
			1446	523
			1447	523
			1448	523
			1449	524
			1450	524
			1451	525
			1452	525
			1453	525
			1454	526
			1455	526
			1456	527
			1457	527
			1458	527
			1459	528
			1460	528
			1461	529
			1462	529
			1463	530
			1464	530
			1465	531
			1466	531
			1467	531
			1467	532
			1468	532
			1469	532
			1470	533
			1471	533
			1472	534
			1473	534
			1474	535
			1475	535
			1476	536
			1477	536
			1478	537
			1479	537
			1480	538
			1481	538
			1482	539
			1483	539
			1484	540
			1485	540
			1486	541
			1487	541
			1488	542
			1489	542
			1490	543
			1491	543
			1492	544
			1493	544
			1494	545
			1495	546
			1496	546
			1497	547
			1498	547
			1499	548
			1500	548
			1501	549
			1502	549
			1502	550
			1503	550
			1504	551
			1505	551
			1506	552
			1507	553
			1508	553
			1509	554
			1510	554
			1511	555
			1512	555
			1513	556
			1514	556
			1514	557
			1515	558
			1516	558
			1517	559
			1518	559
			1519	560
			1520	560
			1521	561
			1522	562
			1523	562
			1523	563
			1524	563
			1525	564
			1526	565
			1527	565
			1528	566
			1529	566
			1530	567
			1530	568
			1531	568
			1532	569
			1533	569
			1534	570
			1535	571
			1536	571
			1536	572
			1537	572
			1538	573
			1539	574
			1540	574
			1541	575
			1542	576
			1543	577
			1544	578
			1545	578
			1546	579
			1547	580
			1548	581
			1549	581
			1550	582
			1551	583
			1552	584
			1553	584
			1554	585
			1555	586
			1556	587
			1557	588
			1558	588
			1559	589
			1560	590
			1561	591
			1562	592
			1563	593
			1564	594
			1565	595
			1566	595
			1566	596
			1567	597
			1568	597
			1568	598
			1569	598
			1570	599
			1570	600
			1571	600
			1572	601
			1573	602
			1574	603
			1575	604
			1576	605
			1577	606
			1578	607
			1579	607
			1579	608
			1580	609
			1581	610
			1582	611
			1583	612
			1584	613
			1585	614
			1586	615
			1587	616
			1587	617
			1588	618
			1589	619
			1590	619
			1591	620
			1592	621
			1593	622
			1593	623
			1594	624
			1595	625
			1596	626
			1597	627
			1598	628
			1598	629
			1599	630
			1600	631
			1601	632
			1602	633
			1602	634
			1603	635
			1604	636
			1605	637
			1606	638
			1606	639
			1607	640
			1608	641
			1609	642
			1609	643
			1610	644
			1611	645
			1612	646
			1612	647
			1613	648
			1614	649
			1615	650
			1615	651
			1616	652
			1617	653
			1618	654
			1618	655
			1619	656
			1620	657
			1620	658
			1621	659
			1622	660
			1623	661
			1623	662
			1624	663
			1625	664
			1625	665
			1625	666
			1626	666
			1626	667
			1627	668
			1627	669
			1628	670
			1629	671
			1629	672
			1630	673
			1631	674
			1631	675
			1632	676
			1632	677
			1633	678
			1633	679
			1634	680
			1634	681
			1635	682
			1636	683
			1636	684
			1637	685
			1637	686
			1638	687
			1638	688
			1639	689
			1639	690
			1640	691
			1640	692
			1641	693
			1641	694
			1642	695
			1642	696
			1643	697
			1643	698
			1644	699
			1644	700
			1645	701
			1645	702
			1646	703
			1646	704
			1647	705
			1647	706
			1648	707
			1648	708
			1649	709
			1649	710
			1650	711
			1650	712
			1651	713
			1651	714
			1651	715
			1652	716
			1652	717
			1653	718
			1653	719
			1654	720
			1654	721
			1655	722
			1655	723
			1655	724
			1656	725
			1656	726
			1657	727
			1657	728
			1657	729
			1658	730
			1658	731
			1658	732
			1659	733
			1659	734
			1660	735
			1660	736
			1660	737
			1661	738
			1661	739
			1661	740
			1662	741
			1662	742
			1662	743
			1663	744
			1663	745
			1663	746
			1664	746
			1664	747
			1664	748
			1665	749
			1665	750
			1665	751
			1665	752
			1666	753
			1666	754
			1666	755
			1666	756
			1666	757
			1666	758
			1666	759
			1666	760
			1666	761
			1666	762
			1666	763
			1666	764
			1666	765
			1666	766
			1666	767
			1666	768
			1666	769
			1666	770
			1666	771
			1666	772
			1666	773
			1666	774
			1666	775
			1666	776
			1666	777
			1666	778
			1666	779
			1666	780
			1666	781
			1666	782
			1666	783
			1666	784
			1666	785
			1666	786
			1666	787
			1666	788
			1666	789
			1666	790
			1666	791
			1666	792
			1666	793
			1666	794
			1666	795
			1666	796
			1666	797
			1666	798
			1666	799
			1666	800
			1666	801
			1666	802
			1666	803
			1666	804
			1666	805
			1665	806
			1665	807
			1665	808
			1665	809
			1665	810
			1665	811
			1665	812
			1665	813
			1665	814
			1665	815
			1665	816
			1665	817
			1665	818
			1665	819
			1665	820
			1665	821
			1665	822
			1664	823
			1664	824
			1664	825
			1664	826
			1664	827
			1664	828
			1664	829
			1664	830
			1664	831
			1664	832
			1664	833
			1664	834
			1664	835
			1663	836
			1663	837
			1663	838
			1663	839
			1663	840
			1663	841
			1663	842
			1663	843
			1663	844
			1663	845
			1662	846
			1662	847
			1662	848
			1662	849
			1662	850
			1662	851
			1662	852
			1662	853
			1662	854
			1661	855
			1661	856
			1661	857
			1661	858
			1661	859
			1661	860
			1661	861
			1661	862
			1660	863
			1660	864
			1660	865
			1660	866
			1660	867
			1660	868
			1660	869
			1659	870
			1659	871
			1659	872
			1659	873
			1659	874
			1659	875
			1659	876
			1658	877
			1658	878
			1658	879
			1658	880
			1658	881
			1658	882
			1657	883
			1657	884
			1657	885
			1657	886
			1657	887
			1657	888
			1656	889
			1656	890
			1656	891
			1656	892
			1656	893
			1655	894
			1655	895
			1655	896
			1655	897
			1655	898
			1655	899
			1654	900
			1654	901
			1654	902
			1654	903
			1653	904
			1653	905
			1653	906
			1653	907
			1653	908
			1652	909
			1652	910
			1652	911
			1652	912
			1652	913
			1651	914
			1651	915
			1651	916
			1651	917
			1650	918
			1650	919
			1650	920
			1650	921
			1650	922
			1649	923
			1649	924
			1649	925
			1649	926
			1648	927
			1648	928
			1648	929
			1647	930
			1647	931
			1647	932
			1647	933
			1646	934
			1646	935
			1646	936
			1646	937
			1646	938
			1645	938
			1645	939
			1645	940
			1645	941
			1644	942
			1644	943
			1644	944
			1643	945
			1643	946
			1643	947
			1643	948
			1642	949
			1642	950
			1642	951
			1641	952
			1641	953
			1641	954
			1640	955
			1640	956
			1640	957
			1640	958
			1639	959
			1639	960
			1639	961
			1638	962
			1638	963
			1637	964
			1637	965
			1637	966
			1637	967
			1636	968
			1636	969
			1635	970
			1635	971
			1635	972
			1634	973
			1634	974
			1634	975
			1633	976
			1633	977
			1633	978
			1632	979
			1632	980
			1632	981
			1631	982
			1631	983
			1630	984
			1630	985
			1630	986
			1629	987
			1629	988
			1629	989
			1628	990
			1628	991
			1627	992
			1627	993
			1626	994
			1626	995
			1626	996
			1625	997
			1625	998
			1624	999
			1624	1000
			1624	1001
			1623	1002
			1623	1003
			1622	1004
			1622	1005
			1621	1006
			1621	1007
			1621	1008
			1620	1009
			1620	1010
			1619	1011
			1619	1012
			1618	1013
			1618	1014
			1618	1015
			1617	1016
			1617	1017
			1616	1017
			1616	1018
			1615	1019
			1615	1020
			1614	1021
			1614	1022
			1613	1023
			1613	1024
			1613	1025
			1612	1026
			1612	1027
			1611	1028
			1611	1029
			1610	1030
			1610	1031
			1609	1032
			1608	1033
			1608	1034
			1608	1035
			1607	1035
			1607	1036
			1607	1037
			1606	1037
			1606	1038
			1605	1039
			1605	1040
			1604	1041
			1604	1042
			1603	1043
			1603	1044
			1602	1045
			1601	1046
			1601	1047
			1600	1048
			1600	1049
			1599	1050
			1599	1051
			1598	1052
			1598	1053
			1597	1054
			1596	1055
			1596	1056
			1595	1057
			1594	1058
			1594	1059
			1593	1060
			1593	1061
			1592	1062
			1592	1063
			1591	1063
			1591	1064
			1590	1065
			1590	1066
			1589	1067
			1588	1068
			1588	1069
			1587	1070
			1586	1071
			1586	1072
			1585	1073
			1585	1074
			1584	1075
			1583	1076
			1583	1077
			1582	1077
			1582	1078
			1581	1079
			1580	1080
			1580	1081
			1579	1082
			1578	1083
			1578	1084
			1577	1085
			1576	1086
			1576	1087
			1575	1088
			1574	1088
			1574	1089
			1573	1090
			1573	1091
			1572	1092
			1571	1093
			1571	1094
			1570	1095
			1569	1096
			1569	1097
			1568	1097
			1567	1098
			1567	1099
			1566	1100
			1565	1101
			1564	1102
			1564	1103
			1563	1104
			1562	1105
			1561	1106
			1560	1107
			1559	1108
			1558	1109
			1558	1110
		</Eye>
	</curves.pixel>
	<ruler.points type=matrix rownames=TRUE colnames=FALSE nrow=2 ncol=2 as.numeric=TRUE >
		Ruler point 1	2	1894
		Ruler point 2	104	1894
	</ruler.points>
</shapes>

