<shapes type=list>
	<scaling type=logical names=FALSE length=1 as.numeric=FALSE >NA</scaling>
	<landmarks.pixel type=matrix rownames=TRUE colnames=FALSE nrow=11 ncol=2 as.numeric=TRUE >
		LM1Forehead	1927	416
		LM2UJFront	2317	1487
		LM3UJBack	1796	1521
		LM4LacOrb	1900	1071
		LM5QJoint	1747	1598
		LM6IOPL	1692	1688
		LM7IOPSOP	791	1591
		LM8A2A1	1146	1208
		LM9A1A3	1115	854
		LM10TopMuscR	1014	656
		LM11TopMuscL	648	533
	</landmarks.pixel>
	<curves.control type=list>
		<Profile type=matrix rownames=FALSE colnames=FALSE nrow=7 ncol=2 as.numeric=TRUE >
			1927	416
			2109	598
			2291	802
			2469	1079
			2504	1374
			2404	1569
			2317	1487
		</Profile>
		<Eye type=matrix rownames=FALSE colnames=FALSE nrow=13 ncol=2 as.numeric=TRUE >
			1900	1071
			1749	1175
			1519	1140
			1310	1071
			1267	832
			1250	602
			1419	498
			1601	377
			1788	472
			1957	537
			2000	737
			2031	945
			1900	1071
		</Eye>
	</curves.control>
	<curves.pixel type=list>
		<Profile type=matrix rownames=FALSE colnames=FALSE nrow=1223 ncol=2 as.numeric=TRUE >
			1927	416
			1928	417
			1929	418
			1930	419
			1931	420
			1932	421
			1933	422
			1934	423
			1935	424
			1936	425
			1937	426
			1938	427
			1938	428
			1939	428
			1940	429
			1941	430
			1942	431
			1943	432
			1944	433
			1945	434
			1946	435
			1947	436
			1948	437
			1949	438
			1950	439
			1951	440
			1952	441
			1952	442
			1953	443
			1954	443
			1955	444
			1956	445
			1957	446
			1958	447
			1959	448
			1960	449
			1961	450
			1962	451
			1963	452
			1964	453
			1965	454
			1966	455
			1966	456
			1967	457
			1968	458
			1969	459
			1970	459
			1971	460
			1972	461
			1973	462
			1974	463
			1975	464
			1976	465
			1977	466
			1978	467
			1979	468
			1980	469
			1980	470
			1981	471
			1982	472
			1983	473
			1984	474
			1985	475
			1986	476
			1987	477
			1988	478
			1989	478
			1990	479
			1991	480
			1992	481
			1993	482
			1993	483
			1994	484
			1995	485
			1996	486
			1997	487
			1998	488
			1999	489
			2000	490
			2001	491
			2002	492
			2003	493
			2004	494
			2005	495
			2006	496
			2007	497
			2007	498
			2008	499
			2009	499
			2010	500
			2011	501
			2012	502
			2013	503
			2014	504
			2015	505
			2016	506
			2017	507
			2018	508
			2019	509
			2020	510
			2021	511
			2021	512
			2022	513
			2023	514
			2024	515
			2025	516
			2026	517
			2027	518
			2028	519
			2029	520
			2030	521
			2031	522
			2032	523
			2033	523
			2034	524
			2035	525
			2035	526
			2036	527
			2037	528
			2038	529
			2039	530
			2040	531
			2041	532
			2042	533
			2043	534
			2044	535
			2045	536
			2046	537
			2047	538
			2048	539
			2048	540
			2049	541
			2050	542
			2051	543
			2052	544
			2053	545
			2054	546
			2055	547
			2056	548
			2057	549
			2058	550
			2059	551
			2060	552
			2061	553
			2062	554
			2062	555
			2063	555
			2064	556
			2065	557
			2066	558
			2067	559
			2068	560
			2069	561
			2070	562
			2071	563
			2072	564
			2073	565
			2074	566
			2075	567
			2076	568
			2076	569
			2077	570
			2078	571
			2079	572
			2080	573
			2081	574
			2082	575
			2083	576
			2084	577
			2085	578
			2086	579
			2087	580
			2088	581
			2089	582
			2090	583
			2090	584
			2091	585
			2092	586
			2093	587
			2094	588
			2095	589
			2096	590
			2097	591
			2098	592
			2099	593
			2100	594
			2101	595
			2102	596
			2103	597
			2103	598
			2104	599
			2105	600
			2106	601
			2107	602
			2108	603
			2109	604
			2110	605
			2111	606
			2112	607
			2113	608
			2114	609
			2115	610
			2116	611
			2117	611
			2117	612
			2118	613
			2119	614
			2120	615
			2121	616
			2122	617
			2123	618
			2124	619
			2125	620
			2126	621
			2127	622
			2128	623
			2129	624
			2130	625
			2131	626
			2131	627
			2132	628
			2133	629
			2134	630
			2135	631
			2136	632
			2137	633
			2138	634
			2139	635
			2140	636
			2141	637
			2142	638
			2143	639
			2144	640
			2144	641
			2145	642
			2146	643
			2147	644
			2148	645
			2149	646
			2150	647
			2151	648
			2152	649
			2153	650
			2154	651
			2155	652
			2156	653
			2157	654
			2158	655
			2158	656
			2159	657
			2160	658
			2161	659
			2162	660
			2163	661
			2164	662
			2165	663
			2166	664
			2167	665
			2168	666
			2169	667
			2170	668
			2171	669
			2172	670
			2172	671
			2173	672
			2174	673
			2175	674
			2176	675
			2176	676
			2177	676
			2177	677
			2178	678
			2179	678
			2179	679
			2180	679
			2180	680
			2181	681
			2182	682
			2183	683
			2184	684
			2185	685
			2186	686
			2187	687
			2187	688
			2188	688
			2189	689
			2189	690
			2190	691
			2191	691
			2191	692
			2192	693
			2193	693
			2193	694
			2194	695
			2195	696
			2196	697
			2197	698
			2198	699
			2198	700
			2199	701
			2200	701
			2201	702
			2202	703
			2203	704
			2203	705
			2204	706
			2205	707
			2206	708
			2207	709
			2208	710
			2209	711
			2210	712
			2211	713
			2212	714
			2213	715
			2213	716
			2214	716
			2214	717
			2215	718
			2216	719
			2217	720
			2218	721
			2219	722
			2220	723
			2220	724
			2221	725
			2222	725
			2223	726
			2223	727
			2224	728
			2225	728
			2225	729
			2226	730
			2227	731
			2228	732
			2229	733
			2230	734
			2231	735
			2231	736
			2232	737
			2233	738
			2234	739
			2235	740
			2236	740
			2236	741
			2237	742
			2238	743
			2239	744
			2240	745
			2241	746
			2241	747
			2242	748
			2243	749
			2244	750
			2245	751
			2246	752
			2247	752
			2247	753
			2248	754
			2249	755
			2250	756
			2251	757
			2252	758
			2252	759
			2253	760
			2254	761
			2255	762
			2256	763
			2257	764
			2258	765
			2259	766
			2259	767
			2260	767
			2261	768
			2261	769
			2262	769
			2262	770
			2263	771
			2264	771
			2264	772
			2265	773
			2266	774
			2267	775
			2268	776
			2269	777
			2269	778
			2270	779
			2271	779
			2272	780
			2272	781
			2273	782
			2274	783
			2275	784
			2276	785
			2277	786
			2278	787
			2279	788
			2279	789
			2280	790
			2281	791
			2282	792
			2283	793
			2284	794
			2285	795
			2286	796
			2286	797
			2287	798
			2288	799
			2289	800
			2290	801
			2291	802
			2292	803
			2292	804
			2293	805
			2293	806
			2294	807
			2295	808
			2296	809
			2296	810
			2297	811
			2297	812
			2298	813
			2299	814
			2299	815
			2300	816
			2300	817
			2301	818
			2302	819
			2302	820
			2303	821
			2304	822
			2304	823
			2305	824
			2306	825
			2306	826
			2307	827
			2307	828
			2308	828
			2308	829
			2309	830
			2309	831
			2310	832
			2310	833
			2311	833
			2311	834
			2312	835
			2312	836
			2313	837
			2313	838
			2314	838
			2314	839
			2315	840
			2315	841
			2316	842
			2317	843
			2317	844
			2318	845
			2318	846
			2319	847
			2320	848
			2320	849
			2321	850
			2321	851
			2322	852
			2323	853
			2323	854
			2324	855
			2324	856
			2325	857
			2325	858
			2326	859
			2327	860
			2327	861
			2328	862
			2328	863
			2329	864
			2330	865
			2330	866
			2331	867
			2331	868
			2332	869
			2332	870
			2333	871
			2334	872
			2334	873
			2335	874
			2335	875
			2336	876
			2336	877
			2337	878
			2337	879
			2338	880
			2339	881
			2339	882
			2340	883
			2340	884
			2341	885
			2341	886
			2342	887
			2342	888
			2343	889
			2344	890
			2344	891
			2345	892
			2345	893
			2346	894
			2346	895
			2347	896
			2347	897
			2348	898
			2349	899
			2349	900
			2350	901
			2350	902
			2351	903
			2351	904
			2352	905
			2352	906
			2353	907
			2353	908
			2354	909
			2354	910
			2355	911
			2356	912
			2356	913
			2357	914
			2357	915
			2358	916
			2358	917
			2359	918
			2359	919
			2360	920
			2360	921
			2361	922
			2361	923
			2362	924
			2362	925
			2363	926
			2363	927
			2364	928
			2364	929
			2365	930
			2365	931
			2366	932
			2367	933
			2367	934
			2368	935
			2368	936
			2369	937
			2369	938
			2370	939
			2370	940
			2371	941
			2371	942
			2372	943
			2372	944
			2373	945
			2373	946
			2374	947
			2374	948
			2375	949
			2375	950
			2376	951
			2376	952
			2377	953
			2377	954
			2378	955
			2378	956
			2379	957
			2379	958
			2380	959
			2380	960
			2381	961
			2381	962
			2381	963
			2382	964
			2382	965
			2383	966
			2383	967
			2384	968
			2384	969
			2385	970
			2385	971
			2386	972
			2386	973
			2387	974
			2387	975
			2388	976
			2388	977
			2389	978
			2389	979
			2390	980
			2390	981
			2391	982
			2391	983
			2392	984
			2392	985
			2392	986
			2393	987
			2393	988
			2394	989
			2394	990
			2395	991
			2395	992
			2396	993
			2396	994
			2397	995
			2397	996
			2398	997
			2398	998
			2398	999
			2399	1000
			2399	1001
			2400	1002
			2400	1003
			2401	1004
			2401	1005
			2402	1006
			2402	1007
			2402	1008
			2403	1009
			2403	1010
			2404	1011
			2404	1012
			2405	1013
			2405	1014
			2406	1015
			2406	1016
			2406	1017
			2407	1018
			2407	1019
			2408	1020
			2408	1021
			2409	1022
			2409	1023
			2409	1024
			2410	1025
			2410	1026
			2411	1027
			2411	1028
			2412	1029
			2412	1030
			2412	1031
			2413	1032
			2413	1033
			2414	1034
			2414	1035
			2415	1036
			2415	1037
			2415	1038
			2416	1039
			2416	1040
			2417	1041
			2417	1042
			2417	1043
			2418	1044
			2418	1045
			2419	1046
			2419	1047
			2420	1048
			2420	1049
			2420	1050
			2421	1051
			2421	1052
			2422	1053
			2422	1054
			2422	1055
			2423	1056
			2423	1057
			2424	1058
			2424	1059
			2424	1060
			2425	1061
			2425	1062
			2426	1063
			2426	1064
			2426	1065
			2427	1066
			2427	1067
			2427	1068
			2428	1069
			2428	1070
			2429	1071
			2429	1072
			2429	1073
			2429	1074
			2430	1074
			2430	1075
			2430	1076
			2431	1076
			2431	1077
			2431	1078
			2431	1079
			2432	1079
			2432	1080
			2432	1081
			2433	1082
			2433	1083
			2433	1084
			2434	1085
			2434	1086
			2434	1087
			2435	1087
			2435	1088
			2435	1089
			2436	1090
			2436	1091
			2436	1092
			2437	1093
			2437	1094
			2438	1095
			2438	1096
			2438	1097
			2439	1098
			2439	1099
			2439	1100
			2440	1101
			2440	1102
			2440	1103
			2441	1104
			2441	1105
			2441	1106
			2442	1107
			2442	1108
			2442	1109
			2443	1110
			2443	1111
			2444	1112
			2444	1113
			2444	1114
			2444	1115
			2445	1115
			2445	1116
			2445	1117
			2446	1118
			2446	1119
			2446	1120
			2447	1121
			2447	1122
			2447	1123
			2448	1124
			2448	1125
			2448	1126
			2449	1127
			2449	1128
			2449	1129
			2450	1130
			2450	1131
			2450	1132
			2450	1133
			2451	1134
			2451	1135
			2452	1136
			2452	1137
			2452	1138
			2453	1139
			2453	1140
			2453	1141
			2453	1142
			2454	1142
			2454	1143
			2454	1144
			2454	1145
			2455	1146
			2455	1147
			2455	1148
			2456	1149
			2456	1150
			2456	1151
			2457	1152
			2457	1153
			2457	1154
			2458	1155
			2458	1156
			2458	1157
			2458	1158
			2459	1159
			2459	1160
			2459	1161
			2460	1162
			2460	1163
			2460	1164
			2461	1165
			2461	1166
			2461	1167
			2461	1168
			2462	1169
			2462	1170
			2462	1171
			2463	1172
			2463	1173
			2463	1174
			2463	1175
			2464	1176
			2464	1177
			2464	1178
			2465	1179
			2465	1180
			2465	1181
			2465	1182
			2466	1183
			2466	1184
			2466	1185
			2467	1186
			2467	1187
			2467	1188
			2467	1189
			2468	1190
			2468	1191
			2468	1192
			2468	1193
			2469	1194
			2469	1195
			2469	1196
			2470	1197
			2470	1198
			2470	1199
			2470	1200
			2471	1201
			2471	1202
			2471	1203
			2472	1204
			2472	1205
			2472	1206
			2472	1207
			2473	1208
			2473	1209
			2473	1210
			2473	1211
			2474	1212
			2474	1213
			2474	1214
			2475	1215
			2475	1216
			2475	1217
			2475	1218
			2476	1219
			2476	1220
			2476	1221
			2476	1222
			2476	1223
			2477	1224
			2477	1225
			2477	1226
			2477	1227
			2478	1228
			2478	1229
			2478	1230
			2478	1231
			2479	1232
			2479	1233
			2479	1234
			2479	1235
			2480	1236
			2480	1237
			2480	1238
			2480	1239
			2481	1240
			2481	1241
			2481	1242
			2481	1243
			2481	1244
			2482	1244
			2482	1245
			2482	1246
			2482	1247
			2482	1248
			2483	1249
			2483	1250
			2483	1251
			2483	1252
			2483	1253
			2484	1254
			2484	1255
			2484	1256
			2484	1257
			2485	1258
			2485	1259
			2485	1260
			2485	1261
			2486	1262
			2486	1263
			2486	1264
			2486	1265
			2486	1266
			2487	1267
			2487	1268
			2487	1269
			2487	1270
			2487	1271
			2488	1272
			2488	1273
			2488	1274
			2488	1275
			2488	1276
			2489	1277
			2489	1278
			2489	1279
			2489	1280
			2489	1281
			2489	1282
			2490	1283
			2490	1284
			2490	1285
			2490	1286
			2490	1287
			2491	1287
			2491	1288
			2491	1289
			2491	1290
			2491	1291
			2491	1292
			2492	1293
			2492	1294
			2492	1295
			2492	1296
			2492	1297
			2493	1298
			2493	1299
			2493	1300
			2493	1301
			2493	1302
			2493	1303
			2494	1304
			2494	1305
			2494	1306
			2494	1307
			2494	1308
			2494	1309
			2495	1310
			2495	1311
			2495	1312
			2495	1313
			2495	1314
			2496	1315
			2496	1316
			2496	1317
			2496	1318
			2496	1319
			2496	1320
			2497	1321
			2497	1322
			2497	1323
			2497	1324
			2497	1325
			2497	1326
			2498	1327
			2498	1328
			2498	1329
			2498	1330
			2498	1331
			2498	1332
			2498	1333
			2499	1334
			2499	1335
			2499	1336
			2499	1337
			2499	1338
			2499	1339
			2500	1340
			2500	1341
			2500	1342
			2500	1343
			2500	1344
			2500	1345
			2500	1346
			2501	1347
			2501	1348
			2501	1349
			2501	1350
			2501	1351
			2501	1352
			2501	1353
			2502	1354
			2502	1355
			2502	1356
			2502	1357
			2502	1358
			2502	1359
			2502	1360
			2502	1361
			2503	1362
			2503	1363
			2503	1364
			2503	1365
			2503	1366
			2503	1367
			2503	1368
			2503	1369
			2504	1370
			2504	1371
			2504	1372
			2504	1373
			2504	1374
			2503	1375
			2503	1376
			2503	1377
			2502	1377
			2502	1378
			2501	1379
			2501	1380
			2501	1381
			2500	1381
			2500	1382
			2499	1383
			2499	1384
			2498	1385
			2498	1386
			2497	1387
			2497	1388
			2496	1389
			2496	1390
			2495	1391
			2495	1392
			2494	1392
			2494	1393
			2493	1394
			2493	1395
			2492	1396
			2492	1397
			2491	1398
			2491	1399
			2490	1399
			2490	1400
			2489	1401
			2489	1402
			2488	1403
			2488	1404
			2487	1405
			2486	1406
			2486	1407
			2485	1408
			2485	1409
			2484	1410
			2484	1411
			2483	1412
			2482	1413
			2482	1414
			2481	1415
			2481	1416
			2480	1417
			2479	1418
			2479	1419
			2478	1420
			2478	1421
			2477	1422
			2477	1423
			2476	1424
			2475	1424
			2475	1425
			2474	1426
			2474	1427
			2473	1428
			2473	1429
			2472	1430
			2471	1431
			2471	1432
			2470	1433
			2469	1434
			2468	1435
			2468	1436
			2467	1437
			2466	1438
			2466	1439
			2465	1440
			2464	1441
			2464	1442
			2463	1443
			2462	1444
			2461	1445
			2461	1446
			2460	1447
			2459	1448
			2459	1449
			2458	1450
			2457	1451
			2457	1452
			2456	1453
			2455	1454
			2454	1455
			2453	1456
			2452	1457
			2451	1458
			2451	1459
			2450	1460
			2449	1461
			2448	1462
			2447	1463
			2447	1464
			2446	1465
			2445	1466
			2444	1467
			2443	1468
			2442	1469
			2442	1470
			2441	1471
			2440	1472
			2439	1473
			2438	1474
			2437	1475
			2436	1476
			2435	1477
			2434	1478
			2433	1479
			2432	1480
			2431	1481
			2430	1482
			2429	1483
			2428	1484
			2427	1485
			2426	1486
			2425	1487
			2424	1487
			2423	1488
			2422	1489
			2421	1490
			2420	1491
			2419	1491
			2418	1492
			2417	1493
			2416	1494
			2415	1495
			2414	1495
			2413	1496
			2412	1496
			2412	1497
			2411	1497
			2410	1498
			2409	1499
			2408	1499
			2407	1500
			2406	1500
			2405	1501
			2404	1501
			2404	1502
			2403	1502
			2402	1503
			2401	1503
			2400	1504
			2399	1504
			2398	1505
			2397	1505
			2396	1506
			2395	1506
			2394	1506
			2393	1507
			2392	1507
			2391	1508
			2390	1508
			2389	1508
			2388	1508
			2387	1509
			2386	1509
			2385	1509
			2384	1510
			2383	1510
			2382	1510
			2381	1510
			2380	1510
			2379	1510
			2378	1511
			2377	1511
			2376	1511
			2375	1511
			2374	1511
			2373	1511
			2372	1511
			2371	1511
			2370	1511
			2369	1511
			2368	1511
			2367	1511
			2366	1511
			2365	1511
			2364	1511
			2363	1511
			2362	1511
			2361	1511
			2360	1510
			2359	1510
			2358	1510
			2357	1510
			2356	1510
			2355	1509
			2354	1509
			2353	1509
			2352	1509
			2351	1508
			2350	1508
			2349	1508
			2348	1507
			2347	1507
			2346	1507
			2345	1506
			2344	1506
			2343	1505
			2342	1505
			2341	1504
			2340	1504
			2339	1503
			2338	1503
			2337	1502
			2336	1502
			2335	1501
			2334	1501
			2333	1500
			2332	1499
			2331	1499
			2331	1498
			2330	1497
			2329	1497
			2328	1496
			2327	1495
			2326	1494
			2325	1494
			2324	1493
			2323	1492
			2322	1491
			2321	1491
			2320	1490
			2319	1489
			2318	1488
			2317	1487
		</Profile>
		<Eye type=matrix rownames=FALSE colnames=FALSE nrow=2180 ncol=2 as.numeric=TRUE >
			1900	1071
			1899	1072
			1898	1072
			1898	1073
			1897	1073
			1896	1074
			1895	1074
			1894	1075
			1893	1076
			1892	1076
			1891	1077
			1890	1078
			1889	1078
			1888	1079
			1887	1079
			1886	1080
			1885	1081
			1884	1081
			1883	1082
			1882	1083
			1881	1083
			1880	1084
			1879	1084
			1878	1085
			1877	1085
			1877	1086
			1876	1087
			1875	1087
			1874	1088
			1873	1088
			1872	1089
			1871	1089
			1870	1090
			1869	1091
			1868	1091
			1867	1092
			1866	1092
			1865	1093
			1864	1093
			1863	1094
			1862	1094
			1861	1095
			1860	1096
			1859	1096
			1858	1097
			1857	1097
			1856	1098
			1855	1098
			1854	1099
			1853	1099
			1852	1100
			1851	1100
			1850	1101
			1849	1101
			1848	1102
			1847	1102
			1846	1103
			1845	1103
			1844	1103
			1843	1104
			1842	1105
			1841	1105
			1840	1105
			1839	1106
			1838	1106
			1837	1107
			1836	1107
			1835	1108
			1834	1108
			1833	1108
			1832	1109
			1831	1110
			1830	1110
			1829	1110
			1828	1111
			1827	1111
			1826	1112
			1825	1112
			1824	1112
			1823	1113
			1822	1113
			1821	1114
			1820	1114
			1819	1115
			1818	1115
			1817	1115
			1816	1116
			1815	1116
			1814	1116
			1813	1117
			1812	1117
			1811	1118
			1810	1118
			1809	1118
			1808	1119
			1807	1119
			1806	1120
			1805	1120
			1804	1120
			1803	1120
			1803	1121
			1802	1121
			1801	1121
			1800	1122
			1799	1122
			1798	1123
			1797	1123
			1796	1123
			1795	1123
			1794	1124
			1793	1124
			1792	1125
			1791	1125
			1790	1125
			1789	1126
			1788	1126
			1787	1126
			1786	1126
			1785	1127
			1784	1127
			1783	1127
			1782	1127
			1782	1128
			1781	1128
			1780	1128
			1779	1128
			1778	1129
			1777	1129
			1776	1129
			1775	1130
			1774	1130
			1773	1130
			1772	1130
			1771	1131
			1770	1131
			1769	1131
			1768	1131
			1767	1132
			1766	1132
			1765	1132
			1764	1133
			1763	1133
			1762	1133
			1761	1134
			1760	1134
			1759	1134
			1758	1134
			1757	1134
			1756	1135
			1755	1135
			1754	1135
			1753	1135
			1752	1136
			1751	1136
			1750	1136
			1749	1136
			1748	1136
			1747	1137
			1746	1137
			1745	1137
			1744	1137
			1743	1138
			1742	1138
			1741	1138
			1740	1138
			1739	1138
			1738	1139
			1737	1139
			1736	1139
			1735	1139
			1734	1139
			1733	1139
			1732	1140
			1731	1140
			1730	1140
			1729	1140
			1728	1140
			1728	1141
			1727	1141
			1726	1141
			1725	1141
			1724	1141
			1723	1141
			1722	1141
			1721	1142
			1720	1142
			1719	1142
			1718	1142
			1717	1142
			1716	1143
			1715	1143
			1714	1143
			1713	1143
			1712	1143
			1711	1143
			1710	1143
			1709	1143
			1708	1144
			1707	1144
			1706	1144
			1705	1144
			1704	1144
			1703	1144
			1702	1144
			1701	1145
			1700	1145
			1699	1145
			1698	1145
			1697	1145
			1696	1145
			1695	1145
			1694	1145
			1693	1146
			1692	1146
			1691	1146
			1690	1146
			1689	1146
			1688	1146
			1687	1146
			1686	1146
			1685	1146
			1684	1146
			1683	1146
			1682	1147
			1681	1147
			1680	1147
			1679	1147
			1678	1147
			1677	1147
			1676	1147
			1675	1147
			1674	1147
			1673	1147
			1672	1147
			1671	1147
			1670	1147
			1669	1148
			1668	1148
			1667	1148
			1666	1148
			1665	1148
			1664	1148
			1663	1148
			1662	1148
			1661	1148
			1660	1148
			1659	1148
			1658	1148
			1657	1148
			1656	1148
			1655	1148
			1654	1148
			1653	1148
			1652	1148
			1651	1148
			1650	1148
			1649	1149
			1648	1149
			1647	1149
			1646	1149
			1645	1149
			1644	1149
			1643	1149
			1642	1149
			1641	1149
			1640	1149
			1639	1149
			1638	1149
			1637	1149
			1636	1149
			1635	1149
			1634	1149
			1633	1149
			1632	1149
			1631	1149
			1630	1149
			1629	1149
			1628	1149
			1627	1149
			1626	1149
			1625	1149
			1624	1149
			1623	1149
			1622	1149
			1621	1149
			1620	1149
			1619	1149
			1618	1149
			1617	1149
			1616	1149
			1615	1149
			1614	1149
			1613	1149
			1612	1149
			1611	1149
			1610	1149
			1609	1148
			1608	1148
			1607	1148
			1606	1148
			1605	1148
			1604	1148
			1603	1148
			1602	1148
			1601	1148
			1600	1148
			1599	1148
			1598	1148
			1597	1148
			1596	1148
			1595	1148
			1594	1148
			1593	1148
			1592	1148
			1591	1148
			1590	1148
			1589	1148
			1588	1147
			1587	1147
			1586	1147
			1585	1147
			1584	1147
			1583	1147
			1582	1147
			1581	1147
			1580	1147
			1579	1147
			1578	1147
			1577	1147
			1576	1147
			1575	1147
			1574	1146
			1573	1146
			1572	1146
			1571	1146
			1570	1146
			1569	1146
			1568	1146
			1567	1146
			1566	1146
			1565	1146
			1564	1146
			1563	1145
			1562	1145
			1561	1145
			1560	1145
			1559	1145
			1558	1145
			1557	1145
			1556	1145
			1555	1145
			1554	1145
			1553	1144
			1552	1144
			1551	1144
			1550	1144
			1549	1144
			1548	1144
			1547	1144
			1546	1144
			1545	1144
			1544	1143
			1543	1143
			1542	1143
			1541	1143
			1540	1143
			1539	1143
			1538	1143
			1537	1143
			1536	1142
			1535	1142
			1534	1142
			1533	1142
			1532	1142
			1531	1142
			1530	1142
			1529	1141
			1528	1141
			1527	1141
			1526	1141
			1525	1141
			1524	1141
			1523	1141
			1522	1140
			1521	1140
			1520	1140
			1519	1140
			1518	1140
			1517	1139
			1516	1139
			1515	1139
			1515	1138
			1514	1138
			1513	1138
			1512	1138
			1511	1137
			1510	1137
			1509	1137
			1508	1136
			1507	1136
			1506	1135
			1505	1135
			1504	1135
			1503	1134
			1502	1134
			1501	1134
			1500	1133
			1499	1133
			1498	1132
			1497	1132
			1496	1132
			1495	1131
			1494	1131
			1493	1130
			1492	1130
			1491	1130
			1490	1129
			1489	1129
			1488	1129
			1488	1128
			1487	1128
			1486	1128
			1485	1127
			1484	1127
			1483	1126
			1482	1126
			1481	1126
			1481	1125
			1480	1125
			1479	1125
			1478	1124
			1477	1124
			1476	1123
			1475	1123
			1474	1122
			1473	1122
			1472	1121
			1471	1121
			1470	1120
			1469	1120
			1468	1119
			1467	1119
			1466	1118
			1465	1118
			1464	1117
			1463	1117
			1462	1116
			1461	1116
			1460	1115
			1459	1115
			1458	1114
			1457	1114
			1456	1113
			1455	1113
			1454	1112
			1453	1112
			1452	1111
			1451	1111
			1450	1110
			1449	1110
			1448	1109
			1447	1109
			1446	1108
			1445	1107
			1444	1107
			1443	1106
			1442	1106
			1441	1105
			1440	1104
			1439	1104
			1438	1103
			1437	1103
			1436	1102
			1435	1101
			1434	1101
			1433	1100
			1432	1100
			1432	1099
			1431	1099
			1430	1098
			1429	1098
			1428	1097
			1427	1096
			1426	1096
			1425	1095
			1424	1094
			1423	1094
			1422	1093
			1421	1092
			1420	1092
			1420	1091
			1419	1091
			1418	1090
			1417	1089
			1416	1089
			1415	1088
			1414	1087
			1413	1087
			1412	1086
			1411	1085
			1410	1085
			1410	1084
			1409	1083
			1408	1083
			1407	1082
			1406	1081
			1405	1081
			1404	1080
			1403	1079
			1402	1078
			1401	1077
			1400	1076
			1399	1076
			1398	1075
			1397	1074
			1396	1073
			1395	1072
			1394	1071
			1393	1070
			1392	1070
			1391	1069
			1390	1068
			1389	1067
			1388	1066
			1387	1065
			1386	1064
			1385	1063
			1384	1063
			1383	1062
			1382	1061
			1381	1060
			1380	1059
			1379	1058
			1378	1057
			1377	1056
			1376	1055
			1375	1054
			1374	1053
			1373	1053
			1372	1052
			1371	1051
			1370	1050
			1370	1049
			1369	1048
			1368	1047
			1367	1046
			1366	1045
			1365	1044
			1364	1043
			1363	1042
			1362	1041
			1361	1040
			1361	1039
			1360	1038
			1359	1037
			1358	1036
			1357	1035
			1356	1034
			1355	1033
			1355	1032
			1354	1031
			1353	1030
			1352	1029
			1351	1028
			1350	1027
			1349	1026
			1349	1025
			1348	1024
			1347	1023
			1346	1022
			1345	1021
			1345	1020
			1344	1019
			1343	1018
			1342	1017
			1342	1016
			1341	1015
			1340	1014
			1339	1013
			1339	1012
			1338	1011
			1338	1010
			1337	1010
			1337	1009
			1336	1008
			1335	1007
			1335	1006
			1334	1006
			1334	1005
			1333	1004
			1333	1003
			1332	1002
			1331	1001
			1330	1000
			1330	999
			1329	998
			1329	997
			1328	996
			1327	995
			1327	994
			1326	993
			1325	992
			1325	991
			1324	990
			1324	989
			1323	988
			1322	987
			1322	986
			1321	985
			1321	984
			1320	983
			1319	982
			1319	981
			1318	980
			1318	979
			1317	978
			1316	977
			1316	976
			1315	975
			1315	974
			1314	973
			1314	972
			1313	971
			1313	970
			1312	969
			1312	968
			1311	967
			1311	966
			1310	965
			1310	964
			1309	963
			1309	962
			1308	961
			1308	960
			1307	959
			1307	958
			1306	958
			1306	957
			1306	956
			1305	955
			1305	954
			1304	953
			1304	952
			1303	951
			1303	950
			1302	949
			1302	948
			1302	947
			1301	946
			1301	945
			1300	944
			1300	943
			1299	942
			1299	941
			1299	940
			1298	939
			1298	938
			1297	937
			1297	936
			1297	935
			1296	934
			1296	933
			1295	932
			1295	931
			1295	930
			1294	929
			1294	928
			1293	927
			1293	926
			1293	925
			1292	924
			1292	923
			1291	922
			1291	921
			1291	920
			1290	919
			1290	918
			1290	917
			1289	916
			1289	915
			1288	914
			1288	913
			1288	912
			1287	911
			1287	910
			1287	909
			1286	908
			1286	907
			1286	906
			1285	905
			1285	904
			1285	903
			1284	902
			1284	901
			1284	900
			1283	899
			1283	898
			1283	897
			1282	896
			1282	895
			1282	894
			1281	893
			1281	892
			1281	891
			1281	890
			1280	889
			1280	888
			1280	887
			1280	886
			1279	885
			1279	884
			1278	883
			1278	882
			1278	881
			1278	880
			1278	879
			1277	878
			1277	877
			1277	876
			1276	875
			1276	874
			1276	873
			1276	872
			1275	871
			1275	870
			1275	869
			1275	868
			1274	867
			1274	866
			1274	865
			1274	864
			1273	863
			1273	862
			1273	861
			1273	860
			1272	859
			1272	858
			1272	857
			1272	856
			1272	855
			1271	854
			1271	853
			1271	852
			1271	851
			1270	850
			1270	849
			1270	848
			1270	847
			1270	846
			1269	845
			1269	844
			1269	843
			1269	842
			1269	841
			1268	840
			1268	839
			1268	838
			1268	837
			1268	836
			1267	835
			1267	834
			1267	833
			1267	832
			1267	831
			1267	830
			1267	829
			1267	828
			1267	827
			1267	826
			1267	825
			1266	824
			1266	823
			1266	822
			1266	821
			1266	820
			1266	819
			1266	818
			1266	817
			1266	816
			1266	815
			1266	814
			1266	813
			1266	812
			1266	811
			1266	810
			1266	809
			1266	808
			1266	807
			1266	806
			1266	805
			1266	804
			1266	803
			1266	802
			1266	801
			1266	800
			1266	799
			1265	798
			1265	797
			1265	796
			1265	795
			1265	794
			1265	793
			1265	792
			1265	791
			1265	790
			1265	789
			1265	788
			1265	787
			1265	786
			1265	785
			1265	784
			1266	784
			1266	783
			1266	782
			1266	781
			1266	780
			1266	779
			1266	778
			1266	777
			1266	776
			1266	775
			1266	774
			1266	773
			1266	772
			1266	771
			1266	770
			1266	769
			1266	768
			1266	767
			1266	766
			1266	765
			1266	764
			1266	763
			1266	762
			1266	761
			1266	760
			1266	759
			1267	758
			1267	757
			1267	756
			1267	755
			1267	754
			1267	753
			1267	752
			1267	751
			1267	750
			1267	749
			1267	748
			1267	747
			1268	746
			1268	745
			1268	744
			1268	743
			1268	742
			1268	741
			1268	740
			1268	739
			1268	738
			1268	737
			1269	736
			1269	735
			1269	734
			1269	733
			1269	732
			1269	731
			1269	730
			1270	729
			1270	728
			1270	727
			1270	726
			1270	725
			1270	724
			1270	723
			1271	722
			1271	721
			1271	720
			1271	719
			1271	718
			1271	717
			1271	716
			1272	715
			1272	714
			1272	713
			1272	712
			1272	711
			1273	711
			1273	710
			1273	709
			1273	708
			1273	707
			1273	706
			1274	705
			1274	704
			1274	703
			1274	702
			1274	701
			1275	700
			1275	699
			1275	698
			1275	697
			1276	696
			1276	695
			1276	694
			1276	693
			1276	692
			1277	692
			1277	691
			1277	690
			1277	689
			1278	688
			1278	687
			1278	686
			1278	685
			1278	684
			1279	683
			1279	682
			1279	681
			1279	680
			1280	680
			1280	679
			1280	678
			1281	677
			1281	676
			1281	675
			1281	674
			1282	673
			1282	672
			1282	671
			1283	670
			1283	669
			1283	668
			1284	667
			1284	666
			1284	665
			1285	664
			1285	663
			1285	662
			1285	661
			1286	661
			1286	660
			1286	659
			1286	658
			1287	658
			1287	657
			1287	656
			1288	655
			1288	654
			1288	653
			1289	652
			1289	651
			1289	650
			1290	649
			1290	648
			1291	647
			1291	646
			1292	645
			1292	644
			1292	643
			1293	642
			1293	641
			1294	640
			1294	639
			1295	638
			1295	637
			1295	636
			1296	635
			1296	634
			1297	633
			1297	632
			1298	631
			1298	630
			1299	629
			1299	628
			1300	627
			1300	626
			1300	625
			1301	625
			1301	624
			1301	623
			1302	622
			1303	621
			1303	620
			1303	619
			1304	618
			1304	617
			1305	617
			1305	616
			1306	615
			1306	614
			1307	613
			1307	612
			1308	611
			1308	610
			1309	609
			1310	608
			1310	607
			1311	606
			1312	605
			1312	604
			1313	603
			1313	602
			1314	601
			1315	600
			1315	599
			1316	598
			1316	597
			1317	596
			1318	595
			1318	594
			1319	593
			1319	592
			1320	592
			1320	591
			1321	590
			1321	589
			1322	589
			1322	588
			1323	587
			1324	586
			1324	585
			1325	584
			1326	583
			1326	582
			1327	582
			1327	581
			1328	580
			1329	579
			1329	578
			1330	577
			1331	577
			1331	576
			1332	575
			1332	574
			1333	573
			1334	573
			1334	572
			1335	571
			1336	570
			1336	569
			1337	568
			1338	568
			1338	567
			1339	566
			1340	565
			1340	564
			1341	564
			1342	563
			1342	562
			1343	561
			1344	561
			1344	560
			1345	559
			1346	558
			1347	557
			1348	556
			1349	555
			1350	554
			1351	553
			1351	552
			1352	551
			1353	550
			1354	549
			1355	549
			1356	548
			1357	547
			1358	546
			1358	545
			1359	544
			1360	543
			1361	542
			1362	541
			1363	541
			1364	540
			1365	539
			1366	538
			1367	537
			1368	536
			1369	535
			1370	535
			1371	534
			1372	533
			1373	532
			1373	531
			1374	530
			1375	529
			1376	529
			1377	528
			1378	527
			1379	526
			1380	525
			1381	525
			1382	524
			1383	523
			1384	522
			1385	521
			1386	521
			1387	520
			1388	519
			1389	518
			1390	517
			1391	517
			1392	516
			1393	516
			1393	515
			1394	515
			1395	514
			1396	514
			1397	513
			1397	512
			1398	512
			1399	511
			1400	511
			1400	510
			1401	510
			1402	509
			1403	509
			1404	508
			1404	507
			1405	507
			1406	506
			1407	506
			1408	505
			1409	504
			1410	504
			1411	503
			1412	502
			1413	502
			1414	501
			1415	500
			1416	500
			1417	499
			1418	499
			1419	498
			1420	497
			1421	497
			1422	496
			1423	495
			1424	494
			1425	494
			1426	494
			1426	493
			1427	493
			1428	492
			1429	491
			1430	491
			1431	490
			1432	490
			1433	489
			1434	488
			1435	488
			1436	487
			1437	487
			1438	486
			1439	485
			1440	485
			1441	484
			1442	484
			1443	483
			1444	483
			1445	482
			1446	481
			1447	481
			1448	480
			1449	479
			1450	479
			1451	478
			1452	478
			1453	477
			1454	477
			1454	476
			1455	476
			1456	476
			1457	475
			1458	475
			1459	474
			1460	473
			1461	473
			1462	472
			1463	472
			1464	471
			1465	471
			1466	470
			1467	470
			1468	469
			1469	469
			1470	468
			1471	468
			1472	468
			1473	467
			1474	467
			1475	466
			1476	466
			1477	465
			1478	465
			1479	464
			1480	464
			1481	463
			1482	462
			1483	462
			1484	462
			1485	461
			1486	461
			1487	460
			1488	460
			1489	460
			1490	459
			1491	459
			1492	458
			1493	458
			1494	457
			1495	457
			1496	456
			1497	456
			1498	456
			1499	455
			1500	455
			1501	454
			1502	454
			1503	454
			1504	453
			1505	453
			1506	452
			1507	452
			1508	452
			1509	451
			1510	451
			1511	451
			1512	450
			1513	450
			1514	450
			1515	449
			1516	449
			1517	448
			1518	448
			1519	448
			1520	448
			1521	447
			1522	447
			1523	447
			1524	446
			1525	446
			1526	446
			1527	445
			1528	445
			1529	445
			1530	444
			1531	444
			1532	444
			1533	444
			1534	443
			1535	443
			1536	443
			1537	442
			1538	442
			1539	442
			1540	442
			1540	441
			1541	441
			1542	441
			1543	441
			1544	440
			1545	440
			1546	440
			1547	440
			1548	440
			1548	439
			1549	439
			1550	439
			1551	439
			1552	439
			1553	438
			1554	438
			1555	438
			1556	438
			1557	438
			1558	437
			1559	437
			1560	437
			1561	437
			1562	436
			1563	436
			1564	436
			1565	436
			1566	436
			1567	435
			1568	435
			1569	435
			1570	435
			1571	435
			1572	435
			1573	434
			1574	434
			1575	434
			1576	434
			1577	434
			1578	434
			1579	434
			1580	433
			1581	433
			1582	433
			1583	433
			1584	433
			1585	433
			1586	433
			1587	432
			1588	432
			1589	432
			1590	432
			1591	432
			1592	432
			1593	432
			1594	432
			1595	432
			1596	431
			1597	431
			1598	431
			1599	431
			1600	431
			1601	431
			1602	431
			1603	431
			1604	431
			1605	431
			1606	431
			1607	431
			1608	431
			1609	431
			1610	431
			1611	431
			1612	430
			1613	430
			1614	430
			1615	430
			1616	430
			1617	430
			1618	430
			1619	430
			1620	430
			1621	430
			1622	430
			1623	430
			1624	430
			1625	430
			1626	430
			1627	430
			1628	430
			1629	430
			1630	430
			1631	430
			1632	430
			1633	430
			1634	430
			1635	430
			1636	430
			1637	430
			1638	431
			1639	431
			1640	431
			1641	431
			1642	431
			1643	431
			1644	431
			1645	431
			1646	431
			1647	431
			1648	431
			1649	431
			1650	431
			1651	431
			1652	431
			1653	431
			1653	432
			1654	432
			1655	432
			1656	432
			1657	432
			1658	432
			1659	432
			1660	432
			1661	432
			1662	432
			1663	433
			1664	433
			1665	433
			1666	433
			1667	433
			1668	433
			1669	433
			1670	434
			1671	434
			1672	434
			1673	434
			1674	434
			1675	434
			1676	434
			1677	434
			1677	435
			1678	435
			1679	435
			1680	435
			1681	435
			1682	435
			1683	436
			1684	436
			1685	436
			1686	436
			1687	436
			1688	436
			1688	437
			1689	437
			1690	437
			1691	437
			1692	437
			1693	438
			1694	438
			1695	438
			1696	438
			1697	438
			1698	439
			1699	439
			1700	439
			1701	440
			1702	440
			1703	440
			1704	440
			1705	441
			1706	441
			1707	441
			1708	441
			1709	441
			1709	442
			1710	442
			1711	442
			1712	442
			1713	442
			1713	443
			1714	443
			1715	443
			1716	443
			1716	444
			1717	444
			1718	444
			1719	444
			1720	444
			1720	445
			1721	445
			1722	445
			1723	445
			1724	446
			1725	446
			1726	446
			1727	447
			1728	447
			1729	447
			1730	448
			1731	448
			1732	448
			1733	449
			1734	449
			1735	449
			1736	450
			1737	450
			1738	450
			1739	451
			1740	451
			1741	452
			1742	452
			1743	452
			1744	453
			1745	453
			1746	453
			1746	454
			1747	454
			1748	454
			1749	454
			1750	455
			1751	455
			1752	456
			1753	456
			1754	457
			1755	457
			1756	457
			1757	458
			1758	458
			1759	459
			1760	459
			1761	459
			1762	460
			1763	460
			1764	461
			1765	461
			1766	462
			1767	462
			1768	462
			1769	463
			1770	463
			1771	464
			1772	464
			1773	465
			1774	465
			1775	466
			1776	466
			1777	467
			1778	467
			1779	468
			1780	468
			1781	468
			1782	469
			1783	469
			1784	470
			1785	470
			1786	471
			1787	471
			1788	472
			1789	472
			1790	473
			1791	473
			1792	474
			1793	474
			1794	475
			1795	475
			1796	475
			1797	476
			1798	476
			1799	476
			1800	477
			1801	477
			1802	478
			1803	478
			1804	479
			1805	479
			1806	479
			1807	480
			1808	480
			1809	481
			1810	481
			1811	482
			1812	482
			1813	483
			1814	483
			1815	484
			1816	484
			1817	485
			1818	485
			1819	485
			1819	486
			1820	486
			1821	487
			1822	487
			1823	488
			1824	488
			1825	489
			1826	489
			1827	490
			1828	490
			1829	491
			1830	491
			1831	492
			1832	493
			1833	493
			1834	494
			1835	494
			1836	495
			1837	495
			1838	496
			1839	496
			1840	497
			1841	497
			1841	498
			1842	498
			1843	499
			1844	499
			1845	500
			1846	501
			1847	501
			1848	502
			1849	502
			1850	503
			1851	503
			1852	504
			1852	505
			1853	505
			1854	506
			1855	506
			1856	507
			1857	507
			1857	508
			1858	508
			1859	509
			1860	510
			1861	510
			1862	511
			1863	512
			1864	513
			1865	513
			1866	514
			1867	515
			1868	515
			1869	516
			1870	517
			1871	518
			1872	518
			1873	519
			1874	520
			1875	520
			1876	521
			1877	522
			1877	523
			1878	523
			1879	524
			1880	525
			1881	526
			1882	526
			1883	527
			1884	528
			1885	529
			1886	530
			1887	530
			1888	531
			1888	532
			1889	533
			1890	533
			1891	534
			1892	535
			1893	536
			1894	537
			1895	537
			1895	538
			1896	539
			1897	540
			1898	541
			1899	542
			1900	542
			1901	543
			1901	544
			1902	545
			1903	546
			1904	547
			1905	547
			1906	548
			1907	549
			1907	550
			1908	551
			1909	552
			1910	553
			1911	553
			1911	554
			1912	555
			1913	556
			1914	557
			1915	558
			1915	559
			1916	560
			1917	561
			1918	561
			1919	562
			1919	563
			1920	564
			1921	565
			1922	566
			1922	567
			1923	568
			1924	569
			1925	570
			1925	571
			1926	572
			1927	573
			1928	574
			1929	575
			1930	576
			1930	577
			1931	578
			1932	579
			1933	580
			1933	581
			1934	582
			1935	583
			1935	584
			1936	585
			1937	585
			1937	586
			1938	587
			1938	588
			1939	589
			1940	590
			1940	591
			1941	591
			1941	592
			1942	593
			1942	594
			1943	595
			1944	596
			1944	597
			1945	598
			1945	599
			1946	599
			1947	600
			1947	601
			1948	602
			1948	603
			1949	604
			1949	605
			1950	606
			1950	607
			1951	608
			1952	608
			1952	609
			1953	610
			1953	611
			1954	612
			1954	613
			1955	614
			1955	615
			1956	616
			1956	617
			1957	618
			1957	619
			1958	620
			1958	621
			1959	622
			1959	623
			1960	624
			1960	625
			1961	626
			1962	627
			1962	628
			1963	629
			1963	630
			1964	631
			1964	632
			1965	633
			1965	634
			1966	635
			1966	636
			1967	637
			1967	638
			1968	639
			1968	640
			1969	641
			1969	642
			1970	643
			1970	644
			1970	645
			1971	646
			1971	647
			1972	648
			1972	649
			1973	650
			1973	651
			1974	652
			1974	653
			1974	654
			1975	655
			1975	656
			1975	657
			1976	658
			1976	659
			1977	660
			1977	661
			1978	662
			1978	663
			1978	664
			1979	664
			1979	665
			1979	666
			1979	667
			1980	667
			1980	668
			1980	669
			1981	670
			1981	671
			1982	672
			1982	673
			1982	674
			1982	675
			1983	676
			1983	677
			1984	678
			1984	679
			1984	680
			1985	681
			1985	682
			1985	683
			1986	684
			1986	685
			1986	686
			1987	687
			1987	688
			1987	689
			1988	690
			1988	691
			1988	692
			1989	693
			1989	694
			1989	695
			1989	696
			1990	697
			1990	698
			1990	699
			1991	700
			1991	701
			1991	702
			1992	703
			1992	704
			1992	705
			1992	706
			1993	707
			1993	708
			1993	709
			1994	710
			1994	711
			1994	712
			1994	713
			1995	714
			1995	715
			1995	716
			1995	717
			1996	718
			1996	719
			1996	720
			1996	721
			1997	722
			1997	723
			1997	724
			1997	725
			1998	726
			1998	727
			1998	728
			1998	729
			1998	730
			1999	731
			1999	732
			1999	733
			1999	734
			2000	735
			2000	736
			2000	737
			2000	738
			2000	739
			2000	740
			2001	741
			2001	742
			2001	743
			2001	744
			2001	745
			2001	746
			2001	747
			2002	748
			2002	749
			2002	750
			2002	751
			2002	752
			2002	753
			2002	754
			2002	755
			2002	756
			2003	757
			2003	758
			2003	759
			2003	760
			2003	761
			2003	762
			2003	763
			2003	764
			2003	765
			2004	766
			2004	767
			2004	768
			2004	769
			2004	770
			2004	771
			2004	772
			2004	773
			2004	774
			2004	775
			2004	776
			2005	777
			2005	778
			2005	779
			2005	780
			2005	781
			2005	782
			2005	783
			2005	784
			2005	785
			2005	786
			2005	787
			2005	788
			2005	789
			2005	790
			2005	791
			2005	792
			2005	793
			2006	794
			2006	795
			2006	796
			2006	797
			2006	798
			2006	799
			2006	800
			2006	801
			2006	802
			2006	803
			2006	804
			2006	805
			2006	806
			2006	807
			2006	808
			2006	809
			2006	810
			2006	811
			2006	812
			2006	813
			2006	814
			2006	815
			2006	816
			2006	817
			2006	818
			2006	819
			2006	820
			2006	821
			2006	822
			2006	823
			2006	824
			2006	825
			2006	826
			2006	827
			2006	828
			2006	829
			2006	830
			2006	831
			2006	832
			2006	833
			2005	834
			2005	835
			2005	836
			2005	837
			2005	838
			2005	839
			2005	840
			2005	841
			2005	842
			2005	843
			2005	844
			2005	845
			2005	846
			2005	847
			2005	848
			2004	849
			2004	850
			2004	851
			2004	852
			2004	853
			2004	854
			2004	855
			2004	856
			2004	857
			2004	858
			2004	859
			2003	860
			2003	861
			2003	862
			2003	863
			2003	864
			2003	865
			2003	866
			2003	867
			2003	868
			2002	869
			2002	870
			2002	871
			2002	872
			2002	873
			2002	874
			2002	875
			2001	876
			2001	877
			2001	878
			2001	879
			2001	880
			2001	881
			2000	882
			2000	883
			2000	884
			2000	885
			2000	886
			2000	887
			1999	888
			1999	889
			1999	890
			1999	891
			1999	892
			1998	893
			1998	894
			1998	895
			1998	896
			1997	897
			1997	898
			1997	899
			1997	900
			1997	901
			1996	902
			1996	903
			1996	904
			1996	905
			1995	906
			1995	907
			1995	908
			1995	909
			1994	910
			1994	911
			1994	912
			1994	913
			1993	914
			1993	915
			1993	916
			1993	917
			1992	918
			1992	919
			1992	920
			1992	921
			1991	922
			1991	923
			1991	924
			1990	925
			1990	926
			1990	927
			1989	928
			1989	929
			1989	930
			1988	931
			1988	932
			1988	933
			1987	934
			1987	935
			1987	936
			1986	937
			1986	938
			1986	939
			1985	940
			1985	941
			1985	942
			1984	943
			1984	944
			1984	945
			1983	946
			1983	947
			1983	948
			1982	948
			1982	949
			1982	950
			1981	951
			1981	952
			1980	953
			1980	954
			1980	955
			1979	956
			1979	957
			1979	958
			1978	959
			1978	960
			1977	961
			1977	962
			1977	963
			1976	963
			1976	964
			1975	965
			1975	966
			1974	967
			1974	968
			1974	969
			1973	970
			1973	971
			1972	972
			1972	973
			1971	974
			1971	975
			1970	976
			1970	977
			1969	978
			1969	979
			1968	980
			1968	981
			1967	982
			1967	983
			1966	984
			1966	985
			1965	986
			1965	987
			1964	988
			1964	989
			1963	990
			1963	991
			1962	992
			1961	993
			1960	994
			1960	995
			1959	996
			1959	997
			1958	998
			1958	999
			1957	1000
			1957	1001
			1956	1002
			1955	1003
			1955	1004
			1954	1005
			1953	1006
			1953	1007
			1952	1008
			1952	1009
			1951	1010
			1950	1011
			1949	1012
			1949	1013
			1948	1014
			1948	1015
			1947	1015
			1947	1016
			1946	1017
			1945	1018
			1945	1019
			1944	1020
			1943	1021
			1943	1022
			1942	1022
			1942	1023
			1941	1024
			1941	1025
			1940	1025
			1940	1026
			1939	1027
			1938	1028
			1938	1029
			1937	1029
			1937	1030
			1936	1031
			1935	1032
			1934	1033
			1934	1034
			1933	1035
			1932	1036
			1931	1037
			1931	1038
			1930	1038
			1929	1039
			1929	1040
			1928	1041
			1927	1042
			1926	1043
			1926	1044
			1925	1045
			1924	1046
			1923	1046
			1923	1047
			1922	1048
			1921	1049
			1920	1050
			1920	1051
			1919	1052
			1918	1053
			1917	1053
			1916	1054
			1916	1055
			1915	1056
			1914	1057
			1913	1058
			1912	1059
			1911	1060
			1910	1061
			1909	1062
			1908	1063
			1907	1064
			1906	1065
			1905	1066
			1904	1067
			1903	1068
			1902	1069
			1901	1070
			1900	1071
		</Eye>
	</curves.pixel>
	<ruler.points type=matrix rownames=TRUE colnames=FALSE nrow=2 ncol=2 as.numeric=TRUE >
		Ruler point 1	2	1894
		Ruler point 2	104	1894
	</ruler.points>
</shapes>

