<shapes type=list>
	<scaling type=logical names=FALSE length=1 as.numeric=FALSE >NA</scaling>
	<landmarks.pixel type=matrix rownames=TRUE colnames=FALSE nrow=11 ncol=2 as.numeric=TRUE >
		LM1Forehead	1762	295
		LM2UJFront	2248	1378
		LM3UJBack	1724	1524
		LM4LacOrb	1705	980
		LM5QJoint	1656	1583
		LM6IOPL	1611	1709
		LM7IOPSOP	577	1757
		LM8A2A1	917	1208
		LM9A1A3	844	827
		LM10TopMuscR	721	664
		LM11TopMuscL	269	610
	</landmarks.pixel>
	<curves.control type=list>
		<Profile type=matrix rownames=FALSE colnames=FALSE nrow=7 ncol=2 as.numeric=TRUE >
			1762	295
			2026	459
			2196	685
			2482	988
			2482	1240
			2378	1482
			2248	1378
		</Profile>
		<Eye type=matrix rownames=FALSE colnames=FALSE nrow=13 ncol=2 as.numeric=TRUE >
			1705	980
			1549	1114
			1302	1071
			1037	997
			989	750
			981	494
			1150	351
			1393	221
			1601	364
			1779	433
			1835	693
			1827	854
			1705	980
		</Eye>
	</curves.control>
	<curves.pixel type=list>
		<Profile type=matrix rownames=FALSE colnames=FALSE nrow=1363 ncol=2 as.numeric=TRUE >
			1762	295
			1763	296
			1764	296
			1765	297
			1766	298
			1767	298
			1768	299
			1769	299
			1770	300
			1771	301
			1772	301
			1773	302
			1774	303
			1775	303
			1776	304
			1777	305
			1778	305
			1779	306
			1780	306
			1781	307
			1782	308
			1783	308
			1784	309
			1785	310
			1786	310
			1787	311
			1788	312
			1789	312
			1790	313
			1791	314
			1792	314
			1793	315
			1794	316
			1795	316
			1796	317
			1797	317
			1798	318
			1799	319
			1800	319
			1801	320
			1802	321
			1803	321
			1804	322
			1805	323
			1806	323
			1807	324
			1808	325
			1809	325
			1810	326
			1811	327
			1812	327
			1813	328
			1814	329
			1815	329
			1816	330
			1817	331
			1818	331
			1819	332
			1820	333
			1821	333
			1822	334
			1823	335
			1824	335
			1825	336
			1826	337
			1827	337
			1828	338
			1829	338
			1830	339
			1831	340
			1832	340
			1833	341
			1834	342
			1835	342
			1836	343
			1837	344
			1838	345
			1839	346
			1840	346
			1841	347
			1842	348
			1843	349
			1844	349
			1845	350
			1846	350
			1847	351
			1848	352
			1849	353
			1850	353
			1851	354
			1852	355
			1853	356
			1854	356
			1855	357
			1856	358
			1857	358
			1858	359
			1859	360
			1860	360
			1861	361
			1862	362
			1863	363
			1864	363
			1865	364
			1866	365
			1867	365
			1868	366
			1869	367
			1870	368
			1871	368
			1872	369
			1873	370
			1874	370
			1875	371
			1876	372
			1877	373
			1878	373
			1879	374
			1880	375
			1881	375
			1882	376
			1883	377
			1884	378
			1885	378
			1886	379
			1886	380
			1887	380
			1888	381
			1889	382
			1890	383
			1891	383
			1892	384
			1893	385
			1894	385
			1895	386
			1896	387
			1897	388
			1898	388
			1899	389
			1900	390
			1901	390
			1902	391
			1903	392
			1904	393
			1905	393
			1906	394
			1907	395
			1908	396
			1909	397
			1910	398
			1911	398
			1911	399
			1912	399
			1913	400
			1914	400
			1914	401
			1915	401
			1916	402
			1917	403
			1918	404
			1919	405
			1920	405
			1921	406
			1922	406
			1922	407
			1923	408
			1924	408
			1925	409
			1926	410
			1927	411
			1928	412
			1929	412
			1930	413
			1931	414
			1932	415
			1933	416
			1934	416
			1935	417
			1936	418
			1937	419
			1938	419
			1939	420
			1940	421
			1941	422
			1942	422
			1943	423
			1943	424
			1944	425
			1945	426
			1946	426
			1947	427
			1948	428
			1949	429
			1950	429
			1951	430
			1952	431
			1953	432
			1954	433
			1955	433
			1956	434
			1957	435
			1958	436
			1959	436
			1960	437
			1960	438
			1961	439
			1962	440
			1963	440
			1964	441
			1965	442
			1966	443
			1967	444
			1968	444
			1969	445
			1970	446
			1971	447
			1972	448
			1973	448
			1974	449
			1974	450
			1975	451
			1976	451
			1977	452
			1978	453
			1979	454
			1980	455
			1981	455
			1982	456
			1983	457
			1984	458
			1985	459
			1986	459
			1986	460
			1987	461
			1988	462
			1989	463
			1990	463
			1991	464
			1992	465
			1993	466
			1994	467
			1995	467
			1996	468
			1996	469
			1997	470
			1998	471
			1999	472
			2000	472
			2001	473
			2002	474
			2003	475
			2004	476
			2005	476
			2005	477
			2006	478
			2007	479
			2008	480
			2009	480
			2010	481
			2011	482
			2012	483
			2013	484
			2014	485
			2015	486
			2016	487
			2017	488
			2018	489
			2019	489
			2019	490
			2020	490
			2021	491
			2021	492
			2022	492
			2023	493
			2024	494
			2025	495
			2026	496
			2027	497
			2028	498
			2029	499
			2030	500
			2031	501
			2032	502
			2033	503
			2034	503
			2035	504
			2036	505
			2036	506
			2037	507
			2038	508
			2039	509
			2040	509
			2041	510
			2042	511
			2043	512
			2044	513
			2045	514
			2045	515
			2046	515
			2047	516
			2048	517
			2049	518
			2050	519
			2051	520
			2052	521
			2053	522
			2054	523
			2055	524
			2056	525
			2057	526
			2058	527
			2059	528
			2060	529
			2061	530
			2062	531
			2063	531
			2063	532
			2064	533
			2065	534
			2066	535
			2067	536
			2068	537
			2069	538
			2070	539
			2071	540
			2072	541
			2073	542
			2074	543
			2075	544
			2076	545
			2077	546
			2078	547
			2079	548
			2080	549
			2081	550
			2082	551
			2082	552
			2083	552
			2084	553
			2085	554
			2085	555
			2086	556
			2087	556
			2088	557
			2088	558
			2089	559
			2090	560
			2091	560
			2091	561
			2092	562
			2093	563
			2094	564
			2095	564
			2095	565
			2096	566
			2097	567
			2098	568
			2099	569
			2100	570
			2101	571
			2102	572
			2103	573
			2104	574
			2104	575
			2105	576
			2106	577
			2107	578
			2108	579
			2109	580
			2110	581
			2111	582
			2112	583
			2112	584
			2113	585
			2114	586
			2115	587
			2116	588
			2117	589
			2118	590
			2119	591
			2120	592
			2120	593
			2121	594
			2122	595
			2123	596
			2124	597
			2125	598
			2126	599
			2127	600
			2127	601
			2128	602
			2129	603
			2130	604
			2131	605
			2132	606
			2133	607
			2133	608
			2134	609
			2135	610
			2136	611
			2137	612
			2138	613
			2139	614
			2139	615
			2140	616
			2141	617
			2142	618
			2143	619
			2144	620
			2145	621
			2145	622
			2146	623
			2147	624
			2148	625
			2149	626
			2150	627
			2151	628
			2151	629
			2152	630
			2153	631
			2154	632
			2155	633
			2156	634
			2156	635
			2157	636
			2158	637
			2159	638
			2160	639
			2161	640
			2161	641
			2162	642
			2163	643
			2164	644
			2165	645
			2166	646
			2166	647
			2167	648
			2168	649
			2169	650
			2170	651
			2170	652
			2171	653
			2172	654
			2173	655
			2174	656
			2175	657
			2175	658
			2176	659
			2177	660
			2178	661
			2179	662
			2179	663
			2180	664
			2181	665
			2182	666
			2182	667
			2183	668
			2184	669
			2185	670
			2186	671
			2186	672
			2187	673
			2187	674
			2188	674
			2189	675
			2189	676
			2190	677
			2191	678
			2192	679
			2192	680
			2193	681
			2194	682
			2194	683
			2195	684
			2196	685
			2197	686
			2198	687
			2199	688
			2200	689
			2201	690
			2202	691
			2202	692
			2203	693
			2204	693
			2204	694
			2205	695
			2206	695
			2206	696
			2207	697
			2208	698
			2209	698
			2209	699
			2210	700
			2211	701
			2212	702
			2213	703
			2214	704
			2215	705
			2216	706
			2216	707
			2217	708
			2218	709
			2219	710
			2220	710
			2220	711
			2221	712
			2222	713
			2223	714
			2223	715
			2224	716
			2225	716
			2226	717
			2227	718
			2227	719
			2228	720
			2229	721
			2230	722
			2231	723
			2232	724
			2233	725
			2234	726
			2235	727
			2235	728
			2236	729
			2237	729
			2237	730
			2238	731
			2239	732
			2240	733
			2241	734
			2242	735
			2242	736
			2243	737
			2244	737
			2244	738
			2245	739
			2246	740
			2247	741
			2248	742
			2249	743
			2250	744
			2250	745
			2251	746
			2252	747
			2253	748
			2253	749
			2254	750
			2255	750
			2256	751
			2257	752
			2257	753
			2258	754
			2259	755
			2260	756
			2260	757
			2261	758
			2262	758
			2263	759
			2263	760
			2264	761
			2265	762
			2266	763
			2266	764
			2267	765
			2268	766
			2269	767
			2270	768
			2271	769
			2272	770
			2272	771
			2273	772
			2274	773
			2275	774
			2276	775
			2276	776
			2277	777
			2278	777
			2278	778
			2279	779
			2279	780
			2280	780
			2281	781
			2281	782
			2282	783
			2283	784
			2284	785
			2285	786
			2285	787
			2286	788
			2287	789
			2287	790
			2288	791
			2289	791
			2290	792
			2290	793
			2291	794
			2292	795
			2293	796
			2293	797
			2294	798
			2295	799
			2295	800
			2296	801
			2297	801
			2298	802
			2298	803
			2299	804
			2300	805
			2300	806
			2301	807
			2302	808
			2303	809
			2303	810
			2304	811
			2305	811
			2305	812
			2306	813
			2307	814
			2307	815
			2308	816
			2309	817
			2309	818
			2310	819
			2311	820
			2312	820
			2312	821
			2313	822
			2314	823
			2314	824
			2315	825
			2316	826
			2316	827
			2317	828
			2318	829
			2319	830
			2320	831
			2320	832
			2321	833
			2322	834
			2323	835
			2323	836
			2324	837
			2324	838
			2325	838
			2325	839
			2326	840
			2327	841
			2327	842
			2328	842
			2328	843
			2329	844
			2329	845
			2330	845
			2331	846
			2331	847
			2332	848
			2332	849
			2333	849
			2333	850
			2334	851
			2334	852
			2335	852
			2335	853
			2336	854
			2337	855
			2338	856
			2338	857
			2339	858
			2340	859
			2340	860
			2341	861
			2342	862
			2342	863
			2343	864
			2343	865
			2344	865
			2345	866
			2345	867
			2346	868
			2347	869
			2347	870
			2348	871
			2349	872
			2349	873
			2350	874
			2350	875
			2351	876
			2352	877
			2353	878
			2354	879
			2354	880
			2355	881
			2355	882
			2356	883
			2357	884
			2357	885
			2358	886
			2358	887
			2359	887
			2359	888
			2360	889
			2360	890
			2361	891
			2362	892
			2363	893
			2363	894
			2364	895
			2364	896
			2365	897
			2366	898
			2366	899
			2367	900
			2367	901
			2368	902
			2369	903
			2370	904
			2370	905
			2371	906
			2372	907
			2372	908
			2373	909
			2373	910
			2374	910
			2374	911
			2375	912
			2375	913
			2376	914
			2377	915
			2377	916
			2378	917
			2378	918
			2379	919
			2380	920
			2380	921
			2381	922
			2381	923
			2382	924
			2383	925
			2383	926
			2384	927
			2384	928
			2385	929
			2385	930
			2386	931
			2387	932
			2387	933
			2388	934
			2388	935
			2389	936
			2389	937
			2390	938
			2391	939
			2391	940
			2392	941
			2392	942
			2393	943
			2394	944
			2394	945
			2395	946
			2395	947
			2396	948
			2397	949
			2397	950
			2397	951
			2398	952
			2398	953
			2399	953
			2399	954
			2400	955
			2400	956
			2401	957
			2401	958
			2402	958
			2402	959
			2403	960
			2403	961
			2403	962
			2404	963
			2405	964
			2405	965
			2406	966
			2406	967
			2407	968
			2407	969
			2408	970
			2408	971
			2409	972
			2409	973
			2410	974
			2410	975
			2411	976
			2412	977
			2412	978
			2413	979
			2413	980
			2414	981
			2414	982
			2415	983
			2415	984
			2416	985
			2416	986
			2416	987
			2417	988
			2417	989
			2418	990
			2418	991
			2419	992
			2419	993
			2420	994
			2420	995
			2421	996
			2421	997
			2422	998
			2422	999
			2423	1000
			2423	1001
			2424	1002
			2424	1003
			2425	1004
			2425	1005
			2425	1006
			2426	1007
			2426	1008
			2427	1009
			2427	1010
			2428	1011
			2428	1012
			2429	1013
			2429	1014
			2429	1015
			2430	1016
			2430	1017
			2431	1018
			2431	1019
			2432	1020
			2432	1021
			2433	1022
			2433	1023
			2434	1024
			2434	1025
			2434	1026
			2435	1026
			2435	1027
			2435	1028
			2436	1029
			2436	1030
			2437	1031
			2437	1032
			2437	1033
			2438	1034
			2438	1035
			2438	1036
			2439	1036
			2439	1037
			2439	1038
			2440	1039
			2440	1040
			2440	1041
			2441	1041
			2441	1042
			2441	1043
			2442	1044
			2442	1045
			2442	1046
			2443	1046
			2443	1047
			2443	1048
			2444	1049
			2444	1050
			2444	1051
			2445	1051
			2445	1052
			2445	1053
			2446	1054
			2446	1055
			2446	1056
			2447	1056
			2447	1057
			2447	1058
			2448	1059
			2448	1060
			2448	1061
			2449	1062
			2449	1063
			2449	1064
			2450	1065
			2450	1066
			2451	1067
			2451	1068
			2451	1069
			2452	1070
			2452	1071
			2452	1072
			2453	1073
			2453	1074
			2453	1075
			2454	1076
			2454	1077
			2454	1078
			2455	1079
			2455	1080
			2455	1081
			2456	1082
			2456	1083
			2456	1084
			2457	1085
			2457	1086
			2457	1087
			2458	1088
			2458	1089
			2458	1090
			2458	1091
			2459	1092
			2459	1093
			2459	1094
			2460	1095
			2460	1096
			2460	1097
			2461	1098
			2461	1099
			2461	1100
			2461	1101
			2462	1102
			2462	1103
			2462	1104
			2463	1105
			2463	1106
			2463	1107
			2463	1108
			2464	1109
			2464	1110
			2464	1111
			2464	1112
			2465	1113
			2465	1114
			2465	1115
			2465	1116
			2466	1117
			2466	1118
			2466	1119
			2466	1120
			2467	1121
			2467	1122
			2467	1123
			2467	1124
			2468	1125
			2468	1126
			2468	1127
			2469	1128
			2469	1129
			2469	1130
			2469	1131
			2469	1132
			2470	1133
			2470	1134
			2470	1135
			2470	1136
			2470	1137
			2471	1137
			2471	1138
			2471	1139
			2471	1140
			2471	1141
			2472	1142
			2472	1143
			2472	1144
			2472	1145
			2472	1146
			2473	1147
			2473	1148
			2473	1149
			2473	1150
			2473	1151
			2474	1152
			2474	1153
			2474	1154
			2474	1155
			2474	1156
			2475	1157
			2475	1158
			2475	1159
			2475	1160
			2475	1161
			2475	1162
			2476	1163
			2476	1164
			2476	1165
			2476	1166
			2476	1167
			2476	1168
			2477	1169
			2477	1170
			2477	1171
			2477	1172
			2477	1173
			2477	1174
			2477	1175
			2478	1176
			2478	1177
			2478	1178
			2478	1179
			2478	1180
			2478	1181
			2478	1182
			2478	1183
			2479	1184
			2479	1185
			2479	1186
			2479	1187
			2479	1188
			2479	1189
			2479	1190
			2479	1191
			2479	1192
			2480	1193
			2480	1194
			2480	1195
			2480	1196
			2480	1197
			2480	1198
			2480	1199
			2480	1200
			2480	1201
			2480	1202
			2480	1203
			2481	1204
			2481	1205
			2481	1206
			2481	1207
			2481	1208
			2481	1209
			2481	1210
			2481	1211
			2481	1212
			2481	1213
			2481	1214
			2481	1215
			2481	1216
			2481	1217
			2481	1218
			2481	1219
			2482	1220
			2482	1221
			2482	1222
			2482	1223
			2482	1224
			2482	1225
			2482	1226
			2482	1227
			2482	1228
			2482	1229
			2482	1230
			2482	1231
			2482	1232
			2482	1233
			2482	1234
			2482	1235
			2482	1236
			2482	1237
			2482	1238
			2482	1239
			2482	1240
			2481	1241
			2481	1242
			2481	1243
			2480	1244
			2480	1245
			2479	1246
			2479	1247
			2479	1248
			2478	1249
			2478	1250
			2477	1251
			2477	1252
			2476	1253
			2476	1254
			2475	1255
			2475	1256
			2474	1257
			2474	1258
			2473	1259
			2473	1260
			2473	1261
			2472	1261
			2472	1262
			2472	1263
			2471	1264
			2471	1265
			2470	1266
			2470	1267
			2469	1268
			2469	1269
			2468	1270
			2468	1271
			2468	1272
			2467	1272
			2467	1273
			2466	1274
			2466	1275
			2465	1276
			2465	1277
			2465	1278
			2464	1279
			2464	1280
			2463	1280
			2463	1281
			2462	1282
			2462	1283
			2461	1284
			2461	1285
			2461	1286
			2460	1286
			2460	1287
			2459	1288
			2459	1289
			2458	1290
			2458	1291
			2457	1292
			2457	1293
			2456	1294
			2456	1295
			2455	1296
			2454	1297
			2454	1298
			2453	1299
			2453	1300
			2452	1301
			2452	1302
			2451	1303
			2451	1304
			2450	1305
			2450	1306
			2449	1307
			2449	1308
			2448	1309
			2447	1310
			2447	1311
			2446	1312
			2445	1313
			2445	1314
			2444	1315
			2444	1316
			2443	1317
			2442	1318
			2442	1319
			2441	1320
			2441	1321
			2440	1322
			2440	1323
			2439	1324
			2438	1324
			2438	1325
			2437	1326
			2437	1327
			2436	1328
			2436	1329
			2435	1330
			2434	1331
			2433	1332
			2433	1333
			2432	1334
			2431	1335
			2431	1336
			2430	1337
			2429	1338
			2429	1339
			2428	1340
			2427	1341
			2427	1342
			2426	1343
			2425	1344
			2424	1345
			2424	1346
			2423	1347
			2422	1347
			2422	1348
			2421	1349
			2420	1350
			2420	1351
			2419	1352
			2418	1353
			2418	1354
			2417	1354
			2416	1355
			2416	1356
			2415	1357
			2414	1358
			2413	1359
			2412	1360
			2411	1361
			2410	1362
			2410	1363
			2409	1364
			2408	1365
			2407	1366
			2406	1367
			2405	1368
			2405	1369
			2404	1369
			2403	1370
			2402	1371
			2401	1372
			2400	1373
			2400	1374
			2399	1374
			2398	1375
			2397	1376
			2396	1377
			2395	1378
			2394	1378
			2394	1379
			2393	1380
			2392	1381
			2391	1381
			2390	1382
			2389	1383
			2388	1384
			2387	1385
			2386	1386
			2385	1387
			2384	1387
			2383	1388
			2382	1389
			2381	1390
			2380	1390
			2379	1391
			2378	1392
			2377	1392
			2376	1393
			2375	1393
			2374	1394
			2373	1395
			2372	1395
			2371	1396
			2370	1396
			2370	1397
			2369	1397
			2368	1397
			2367	1398
			2366	1399
			2365	1399
			2364	1400
			2363	1400
			2362	1400
			2361	1401
			2360	1401
			2359	1402
			2358	1402
			2357	1403
			2356	1403
			2355	1403
			2355	1404
			2354	1404
			2353	1404
			2352	1405
			2351	1405
			2350	1405
			2349	1405
			2348	1406
			2347	1406
			2346	1406
			2345	1407
			2344	1407
			2343	1407
			2342	1407
			2341	1408
			2340	1408
			2339	1408
			2338	1408
			2337	1408
			2336	1408
			2335	1408
			2334	1409
			2333	1409
			2332	1409
			2331	1409
			2330	1409
			2329	1409
			2328	1409
			2327	1409
			2326	1409
			2325	1409
			2324	1409
			2323	1409
			2322	1409
			2321	1409
			2320	1409
			2319	1409
			2318	1409
			2317	1409
			2316	1409
			2315	1409
			2314	1409
			2313	1409
			2312	1408
			2311	1408
			2310	1408
			2309	1408
			2308	1408
			2307	1408
			2306	1407
			2305	1407
			2304	1407
			2303	1407
			2302	1407
			2301	1406
			2300	1406
			2299	1406
			2298	1406
			2297	1405
			2296	1405
			2295	1405
			2294	1404
			2293	1404
			2292	1404
			2291	1403
			2290	1403
			2289	1402
			2288	1402
			2287	1402
			2287	1401
			2286	1401
			2285	1401
			2284	1400
			2283	1400
			2282	1399
			2281	1399
			2280	1399
			2280	1398
			2279	1398
			2278	1398
			2277	1397
			2276	1397
			2276	1396
			2275	1396
			2274	1396
			2273	1395
			2272	1394
			2271	1394
			2270	1393
			2269	1393
			2268	1392
			2267	1391
			2266	1391
			2265	1390
			2264	1390
			2263	1389
			2262	1388
			2261	1388
			2260	1387
			2259	1387
			2258	1386
			2258	1385
			2257	1384
			2256	1384
			2255	1383
			2254	1382
			2253	1382
			2252	1381
			2251	1380
			2250	1379
			2249	1379
			2248	1378
		</Profile>
		<Eye type=matrix rownames=FALSE colnames=FALSE nrow=2410 ncol=2 as.numeric=TRUE >
			1705	980
			1704	981
			1703	982
			1702	983
			1701	983
			1700	984
			1699	985
			1698	986
			1697	987
			1696	988
			1695	988
			1694	989
			1693	990
			1692	991
			1691	992
			1690	992
			1689	993
			1688	994
			1687	995
			1686	995
			1685	996
			1684	997
			1683	998
			1682	998
			1681	999
			1680	1000
			1679	1000
			1678	1001
			1677	1002
			1676	1003
			1675	1004
			1674	1004
			1673	1005
			1672	1006
			1671	1007
			1670	1007
			1669	1008
			1668	1008
			1667	1009
			1666	1010
			1665	1011
			1664	1011
			1663	1012
			1662	1013
			1661	1013
			1660	1014
			1659	1015
			1658	1015
			1657	1016
			1656	1017
			1655	1017
			1654	1018
			1653	1018
			1652	1019
			1651	1019
			1650	1020
			1649	1021
			1648	1021
			1647	1022
			1646	1022
			1646	1023
			1645	1023
			1644	1024
			1643	1024
			1642	1025
			1641	1025
			1640	1026
			1639	1026
			1638	1027
			1637	1027
			1636	1028
			1635	1028
			1635	1029
			1634	1029
			1633	1030
			1632	1030
			1631	1031
			1630	1031
			1629	1032
			1628	1032
			1627	1033
			1626	1033
			1625	1034
			1624	1034
			1624	1035
			1623	1035
			1622	1036
			1621	1036
			1620	1037
			1619	1037
			1618	1038
			1617	1038
			1616	1039
			1615	1039
			1614	1039
			1613	1040
			1612	1040
			1611	1041
			1610	1041
			1609	1042
			1608	1042
			1607	1043
			1606	1043
			1605	1044
			1604	1044
			1603	1044
			1602	1045
			1601	1046
			1600	1046
			1599	1046
			1598	1047
			1597	1047
			1596	1048
			1595	1048
			1594	1048
			1593	1049
			1592	1049
			1591	1050
			1590	1050
			1589	1051
			1588	1051
			1587	1051
			1586	1052
			1585	1052
			1584	1052
			1583	1053
			1582	1053
			1581	1054
			1580	1054
			1579	1054
			1578	1055
			1577	1055
			1576	1055
			1575	1056
			1574	1056
			1573	1056
			1573	1057
			1572	1057
			1571	1057
			1570	1057
			1569	1058
			1568	1058
			1567	1058
			1566	1059
			1565	1059
			1564	1059
			1563	1060
			1562	1060
			1561	1060
			1560	1061
			1559	1061
			1558	1061
			1557	1062
			1556	1062
			1555	1062
			1554	1063
			1553	1063
			1552	1063
			1551	1063
			1550	1064
			1549	1064
			1548	1064
			1547	1065
			1546	1065
			1545	1065
			1544	1065
			1543	1066
			1542	1066
			1541	1066
			1540	1066
			1539	1067
			1538	1067
			1537	1067
			1536	1067
			1535	1068
			1534	1068
			1533	1068
			1532	1068
			1531	1069
			1530	1069
			1529	1069
			1528	1069
			1527	1070
			1526	1070
			1525	1070
			1524	1070
			1523	1071
			1522	1071
			1521	1071
			1520	1071
			1519	1071
			1518	1072
			1517	1072
			1516	1072
			1515	1072
			1514	1072
			1513	1073
			1512	1073
			1511	1073
			1510	1073
			1509	1073
			1508	1073
			1507	1074
			1506	1074
			1505	1074
			1504	1074
			1503	1074
			1502	1075
			1501	1075
			1500	1075
			1499	1075
			1498	1075
			1497	1075
			1496	1075
			1496	1076
			1495	1076
			1494	1076
			1493	1076
			1492	1076
			1491	1076
			1490	1076
			1489	1077
			1488	1077
			1487	1077
			1486	1077
			1485	1077
			1484	1077
			1483	1077
			1482	1077
			1482	1078
			1481	1078
			1480	1078
			1479	1078
			1478	1078
			1477	1078
			1476	1078
			1475	1078
			1474	1078
			1473	1079
			1472	1079
			1471	1079
			1470	1079
			1469	1079
			1468	1079
			1467	1079
			1466	1079
			1465	1079
			1464	1079
			1463	1079
			1462	1080
			1461	1080
			1460	1080
			1459	1080
			1458	1080
			1457	1080
			1456	1080
			1455	1080
			1454	1080
			1453	1080
			1452	1080
			1451	1080
			1450	1080
			1449	1081
			1448	1081
			1447	1081
			1446	1081
			1445	1081
			1444	1081
			1443	1081
			1442	1081
			1441	1081
			1440	1081
			1439	1081
			1438	1081
			1437	1081
			1436	1081
			1435	1081
			1434	1081
			1433	1081
			1432	1081
			1431	1081
			1430	1081
			1429	1081
			1428	1081
			1427	1081
			1426	1081
			1425	1081
			1424	1081
			1423	1081
			1422	1081
			1421	1081
			1420	1081
			1419	1081
			1418	1081
			1417	1081
			1416	1081
			1415	1081
			1414	1081
			1413	1081
			1412	1081
			1411	1081
			1410	1081
			1409	1081
			1408	1081
			1407	1081
			1406	1081
			1405	1081
			1404	1081
			1403	1081
			1402	1081
			1401	1081
			1400	1081
			1399	1081
			1398	1081
			1397	1081
			1396	1081
			1395	1081
			1394	1081
			1393	1081
			1392	1081
			1391	1081
			1390	1081
			1389	1081
			1388	1081
			1387	1081
			1386	1081
			1385	1081
			1384	1081
			1383	1080
			1382	1080
			1381	1080
			1380	1080
			1379	1080
			1378	1080
			1377	1080
			1376	1080
			1375	1080
			1374	1080
			1373	1080
			1372	1080
			1371	1080
			1370	1080
			1369	1080
			1368	1079
			1367	1079
			1366	1079
			1365	1079
			1364	1079
			1363	1079
			1362	1079
			1361	1079
			1360	1079
			1359	1079
			1358	1079
			1357	1078
			1356	1078
			1355	1078
			1354	1078
			1353	1078
			1352	1078
			1351	1078
			1350	1078
			1349	1078
			1348	1078
			1347	1077
			1346	1077
			1345	1077
			1344	1077
			1343	1077
			1342	1077
			1341	1077
			1340	1077
			1339	1077
			1338	1076
			1337	1076
			1336	1076
			1335	1076
			1334	1076
			1333	1076
			1332	1076
			1331	1076
			1330	1075
			1329	1075
			1328	1075
			1327	1075
			1326	1075
			1325	1075
			1324	1075
			1324	1074
			1323	1074
			1322	1074
			1321	1074
			1320	1074
			1319	1074
			1318	1074
			1317	1073
			1316	1073
			1315	1073
			1314	1073
			1313	1073
			1312	1073
			1311	1072
			1310	1072
			1309	1072
			1308	1072
			1307	1072
			1306	1072
			1305	1072
			1304	1071
			1303	1071
			1302	1071
			1301	1071
			1300	1070
			1299	1070
			1298	1070
			1297	1069
			1296	1069
			1295	1069
			1294	1069
			1293	1068
			1292	1068
			1291	1068
			1290	1067
			1289	1067
			1288	1067
			1287	1067
			1286	1066
			1285	1066
			1284	1066
			1283	1065
			1282	1065
			1281	1065
			1280	1065
			1279	1064
			1278	1064
			1277	1063
			1276	1063
			1275	1063
			1274	1063
			1274	1062
			1273	1062
			1272	1062
			1271	1062
			1270	1061
			1269	1061
			1268	1060
			1267	1060
			1266	1060
			1265	1059
			1264	1059
			1263	1059
			1262	1058
			1261	1058
			1260	1058
			1259	1057
			1258	1057
			1257	1057
			1256	1056
			1255	1056
			1254	1055
			1253	1055
			1252	1055
			1251	1055
			1251	1054
			1250	1054
			1249	1054
			1248	1053
			1247	1053
			1246	1053
			1245	1052
			1244	1052
			1243	1051
			1242	1051
			1241	1050
			1240	1050
			1239	1050
			1238	1049
			1237	1049
			1236	1049
			1236	1048
			1235	1048
			1234	1048
			1233	1047
			1232	1047
			1231	1046
			1230	1046
			1229	1046
			1228	1045
			1227	1045
			1226	1044
			1225	1044
			1224	1043
			1223	1043
			1222	1043
			1221	1042
			1220	1042
			1219	1041
			1218	1041
			1217	1040
			1216	1040
			1215	1039
			1214	1039
			1213	1038
			1212	1038
			1211	1038
			1210	1037
			1209	1036
			1208	1036
			1207	1036
			1206	1035
			1205	1035
			1204	1034
			1203	1034
			1203	1033
			1202	1033
			1201	1033
			1200	1032
			1199	1032
			1198	1031
			1197	1031
			1196	1030
			1195	1029
			1194	1029
			1193	1028
			1192	1028
			1191	1027
			1190	1027
			1189	1026
			1188	1026
			1187	1025
			1186	1025
			1185	1024
			1184	1024
			1183	1023
			1182	1023
			1181	1022
			1180	1022
			1179	1021
			1178	1020
			1177	1020
			1176	1019
			1175	1018
			1174	1018
			1173	1017
			1172	1017
			1171	1016
			1170	1015
			1169	1015
			1168	1015
			1168	1014
			1167	1014
			1166	1013
			1165	1013
			1164	1012
			1163	1011
			1162	1010
			1161	1010
			1160	1010
			1160	1009
			1159	1009
			1158	1008
			1157	1008
			1157	1007
			1156	1007
			1155	1006
			1154	1005
			1153	1005
			1152	1004
			1151	1004
			1151	1003
			1150	1003
			1149	1002
			1148	1001
			1147	1001
			1146	1000
			1145	999
			1144	998
			1143	998
			1142	997
			1141	996
			1140	996
			1139	995
			1138	994
			1137	994
			1136	993
			1135	992
			1134	991
			1133	991
			1132	990
			1131	989
			1130	989
			1129	988
			1128	987
			1128	986
			1127	986
			1126	985
			1125	984
			1124	983
			1123	983
			1122	982
			1121	981
			1120	980
			1119	980
			1118	979
			1117	978
			1117	977
			1116	977
			1115	976
			1114	975
			1113	974
			1112	974
			1111	973
			1110	972
			1110	971
			1109	970
			1108	970
			1107	969
			1106	968
			1105	967
			1104	967
			1103	966
			1103	965
			1102	964
			1101	963
			1100	963
			1099	962
			1098	961
			1098	960
			1097	959
			1096	958
			1095	958
			1094	957
			1093	956
			1093	955
			1092	954
			1091	954
			1090	953
			1089	952
			1089	951
			1088	950
			1087	949
			1086	949
			1085	948
			1085	947
			1084	946
			1083	945
			1082	944
			1082	943
			1081	943
			1080	942
			1079	941
			1078	940
			1078	939
			1077	938
			1076	937
			1075	936
			1074	935
			1073	934
			1072	933
			1071	932
			1071	931
			1070	930
			1069	929
			1068	928
			1068	927
			1067	926
			1066	925
			1065	924
			1064	923
			1064	922
			1063	921
			1062	920
			1061	919
			1061	918
			1060	917
			1059	916
			1059	915
			1058	914
			1057	913
			1056	912
			1056	911
			1055	910
			1054	909
			1054	908
			1053	907
			1052	906
			1052	905
			1051	904
			1050	903
			1050	902
			1049	901
			1048	900
			1048	899
			1047	898
			1046	897
			1046	896
			1045	895
			1044	894
			1044	893
			1043	892
			1043	891
			1042	890
			1041	889
			1041	888
			1040	887
			1039	886
			1039	885
			1038	884
			1038	883
			1037	882
			1036	881
			1036	880
			1035	879
			1035	878
			1034	877
			1033	876
			1033	875
			1032	874
			1032	873
			1031	872
			1031	871
			1030	870
			1030	869
			1029	868
			1029	867
			1028	866
			1028	865
			1027	864
			1027	863
			1026	862
			1026	861
			1025	860
			1025	859
			1024	858
			1024	857
			1023	856
			1023	855
			1022	854
			1022	853
			1021	852
			1021	851
			1021	850
			1020	849
			1020	848
			1019	847
			1019	846
			1018	845
			1018	844
			1017	843
			1017	842
			1016	841
			1016	840
			1016	839
			1015	838
			1015	837
			1014	836
			1014	835
			1013	834
			1013	833
			1013	832
			1012	831
			1012	830
			1012	829
			1011	828
			1011	827
			1011	826
			1010	826
			1010	825
			1010	824
			1009	823
			1009	822
			1009	821
			1008	820
			1008	819
			1008	818
			1007	817
			1007	816
			1006	815
			1006	814
			1006	813
			1005	812
			1005	811
			1005	810
			1004	809
			1004	808
			1004	807
			1003	806
			1003	805
			1003	804
			1002	803
			1002	802
			1002	801
			1001	800
			1001	799
			1001	798
			1001	797
			1000	796
			1000	795
			1000	794
			999	793
			999	792
			999	791
			998	790
			998	789
			998	788
			998	787
			997	786
			997	785
			997	784
			997	783
			996	782
			996	781
			996	780
			995	779
			995	778
			995	777
			995	776
			994	775
			994	774
			994	773
			994	772
			993	771
			993	770
			993	769
			993	768
			993	767
			992	766
			992	765
			992	764
			992	763
			991	762
			991	761
			991	760
			991	759
			991	758
			990	757
			990	756
			990	755
			990	754
			990	753
			989	752
			989	751
			989	750
			989	749
			989	748
			989	747
			989	746
			989	745
			989	744
			989	743
			989	742
			989	741
			989	740
			989	739
			989	738
			989	737
			989	736
			989	735
			989	734
			989	733
			989	732
			989	731
			989	730
			989	729
			989	728
			989	727
			989	726
			989	725
			989	724
			989	723
			989	722
			989	721
			989	720
			989	719
			989	718
			989	717
			989	716
			989	715
			989	714
			989	713
			989	712
			989	711
			989	710
			989	709
			989	708
			989	707
			989	706
			989	705
			989	704
			989	703
			989	702
			989	701
			989	700
			989	699
			989	698
			989	697
			989	696
			989	695
			989	694
			989	693
			990	692
			990	691
			990	690
			990	689
			990	688
			990	687
			990	686
			990	685
			990	684
			990	683
			990	682
			990	681
			990	680
			990	679
			990	678
			990	677
			991	676
			991	675
			991	674
			991	673
			991	672
			991	671
			991	670
			991	669
			991	668
			991	667
			991	666
			992	665
			992	664
			992	663
			992	662
			992	661
			992	660
			992	659
			992	658
			992	657
			992	656
			993	655
			993	654
			993	653
			993	652
			993	651
			993	650
			993	649
			993	648
			993	647
			994	646
			994	645
			994	644
			994	643
			994	642
			994	641
			994	640
			995	639
			995	638
			995	637
			995	636
			995	635
			995	634
			995	633
			996	632
			996	631
			996	630
			996	629
			996	628
			996	627
			997	626
			997	625
			997	624
			997	623
			997	622
			997	621
			998	620
			998	619
			998	618
			998	617
			998	616
			998	615
			999	614
			999	613
			999	612
			999	611
			999	610
			1000	609
			1000	608
			1000	607
			1000	606
			1000	605
			1001	604
			1001	603
			1001	602
			1001	601
			1002	600
			1002	599
			1002	598
			1002	597
			1002	596
			1003	595
			1003	594
			1003	593
			1003	592
			1004	591
			1004	590
			1004	589
			1004	588
			1004	587
			1005	586
			1005	585
			1005	584
			1005	583
			1006	582
			1006	581
			1006	580
			1006	579
			1007	578
			1007	577
			1007	576
			1008	575
			1008	574
			1008	573
			1008	572
			1009	571
			1009	570
			1009	569
			1010	568
			1010	567
			1010	566
			1010	565
			1011	564
			1011	563
			1011	562
			1012	561
			1012	560
			1012	559
			1013	558
			1013	557
			1013	556
			1013	555
			1014	554
			1014	553
			1014	552
			1015	551
			1015	550
			1015	549
			1016	548
			1016	547
			1017	546
			1017	545
			1017	544
			1018	543
			1018	542
			1018	541
			1018	540
			1019	540
			1019	539
			1019	538
			1020	537
			1020	536
			1020	535
			1021	534
			1021	533
			1022	532
			1022	531
			1022	530
			1023	529
			1023	528
			1023	527
			1024	526
			1024	525
			1025	524
			1025	523
			1025	522
			1026	521
			1026	520
			1026	519
			1027	518
			1027	517
			1028	516
			1028	515
			1029	514
			1029	513
			1030	512
			1030	511
			1031	510
			1031	509
			1031	508
			1032	507
			1032	506
			1033	505
			1033	504
			1034	503
			1034	502
			1034	501
			1035	500
			1035	499
			1036	498
			1036	497
			1037	496
			1037	495
			1038	494
			1038	493
			1039	492
			1039	491
			1040	491
			1040	490
			1040	489
			1041	488
			1041	487
			1042	486
			1042	485
			1043	484
			1043	483
			1044	482
			1044	481
			1045	480
			1045	479
			1046	478
			1046	477
			1047	477
			1047	476
			1048	475
			1048	474
			1049	473
			1049	472
			1050	471
			1050	470
			1051	469
			1051	468
			1052	467
			1052	466
			1053	466
			1054	465
			1054	464
			1055	463
			1055	462
			1056	461
			1056	460
			1057	459
			1057	458
			1058	457
			1059	456
			1060	455
			1060	454
			1061	453
			1061	452
			1062	452
			1062	451
			1062	450
			1063	450
			1063	449
			1064	448
			1064	447
			1065	446
			1066	445
			1067	444
			1067	443
			1068	442
			1069	441
			1069	440
			1070	439
			1070	438
			1071	437
			1072	436
			1073	435
			1074	434
			1074	433
			1075	432
			1076	431
			1076	430
			1077	429
			1078	428
			1078	427
			1079	427
			1079	426
			1080	425
			1080	424
			1081	424
			1081	423
			1082	422
			1083	421
			1084	420
			1084	419
			1085	418
			1086	417
			1087	416
			1087	415
			1088	415
			1089	414
			1089	413
			1090	412
			1091	411
			1092	410
			1092	409
			1093	408
			1094	408
			1094	407
			1095	406
			1096	405
			1097	404
			1097	403
			1098	402
			1099	401
			1100	401
			1100	400
			1101	399
			1102	398
			1103	397
			1103	396
			1104	395
			1105	395
			1106	394
			1106	393
			1107	392
			1108	391
			1109	390
			1110	390
			1110	389
			1111	388
			1112	387
			1113	386
			1113	385
			1114	385
			1115	384
			1116	383
			1117	382
			1117	381
			1118	380
			1119	380
			1120	379
			1121	378
			1122	377
			1122	376
			1123	376
			1124	375
			1125	374
			1126	373
			1126	372
			1127	371
			1128	371
			1129	370
			1130	369
			1131	368
			1132	367
			1133	366
			1134	365
			1135	364
			1136	363
			1137	362
			1138	361
			1139	360
			1140	359
			1141	359
			1142	358
			1143	357
			1144	356
			1145	355
			1146	355
			1147	354
			1147	353
			1148	353
			1149	352
			1150	351
			1151	351
			1152	350
			1153	349
			1154	349
			1155	348
			1156	348
			1157	347
			1158	347
			1159	346
			1160	346
			1161	345
			1162	345
			1163	344
			1164	344
			1165	343
			1166	343
			1167	342
			1168	342
			1169	341
			1170	341
			1171	340
			1172	340
			1173	339
			1174	339
			1175	338
			1176	338
			1177	337
			1178	337
			1179	337
			1180	336
			1181	336
			1182	335
			1183	335
			1184	334
			1185	333
			1186	333
			1187	333
			1187	332
			1188	332
			1189	332
			1190	332
			1190	331
			1191	331
			1192	331
			1192	330
			1193	330
			1194	330
			1194	329
			1195	329
			1196	329
			1197	328
			1198	328
			1199	327
			1200	327
			1201	327
			1202	326
			1203	326
			1204	325
			1205	325
			1206	324
			1207	324
			1208	324
			1209	323
			1210	323
			1211	322
			1212	322
			1213	322
			1214	321
			1215	321
			1216	320
			1217	320
			1218	320
			1219	319
			1220	319
			1221	319
			1222	318
			1223	318
			1224	317
			1225	317
			1226	317
			1227	316
			1228	316
			1229	316
			1230	315
			1231	315
			1232	315
			1233	314
			1234	314
			1235	314
			1236	313
			1237	313
			1238	313
			1239	312
			1240	312
			1241	312
			1242	311
			1243	311
			1244	310
			1245	310
			1246	310
			1247	310
			1247	309
			1248	309
			1249	309
			1250	309
			1251	308
			1252	308
			1253	308
			1254	307
			1255	307
			1256	307
			1257	307
			1257	306
			1258	306
			1259	306
			1260	306
			1261	305
			1262	305
			1263	305
			1264	304
			1265	304
			1266	304
			1267	304
			1268	303
			1269	303
			1270	303
			1271	303
			1272	302
			1273	302
			1274	302
			1275	302
			1276	301
			1277	301
			1278	301
			1279	301
			1280	300
			1281	300
			1282	300
			1283	300
			1284	299
			1285	299
			1286	299
			1287	299
			1288	299
			1289	298
			1290	298
			1291	298
			1292	298
			1293	297
			1294	297
			1295	297
			1296	297
			1297	297
			1298	296
			1299	296
			1300	296
			1301	296
			1302	296
			1303	296
			1304	295
			1305	295
			1306	295
			1307	295
			1308	295
			1309	295
			1310	294
			1311	294
			1312	294
			1313	294
			1314	294
			1315	294
			1316	293
			1317	293
			1318	293
			1319	293
			1320	293
			1321	293
			1322	293
			1323	292
			1324	292
			1325	292
			1326	292
			1327	292
			1328	292
			1329	292
			1330	292
			1331	291
			1332	291
			1333	291
			1334	291
			1335	291
			1336	291
			1337	291
			1338	291
			1339	291
			1340	291
			1341	291
			1342	290
			1343	290
			1344	290
			1345	290
			1346	290
			1347	290
			1348	290
			1349	290
			1350	290
			1351	290
			1352	290
			1353	290
			1354	290
			1355	290
			1356	290
			1356	289
			1357	289
			1358	289
			1359	289
			1360	289
			1361	289
			1362	289
			1363	289
			1364	289
			1365	289
			1366	289
			1367	289
			1368	289
			1369	289
			1370	289
			1371	289
			1372	289
			1373	289
			1374	289
			1375	289
			1376	289
			1377	289
			1378	289
			1379	289
			1380	289
			1381	289
			1382	289
			1383	289
			1384	289
			1385	289
			1386	289
			1387	289
			1388	289
			1389	289
			1390	289
			1391	290
			1392	290
			1393	290
			1394	290
			1395	290
			1396	290
			1397	290
			1398	290
			1399	290
			1400	290
			1401	290
			1402	290
			1403	290
			1404	290
			1405	290
			1406	291
			1407	291
			1408	291
			1409	291
			1410	291
			1411	291
			1412	291
			1413	291
			1414	291
			1415	291
			1416	292
			1417	292
			1418	292
			1419	292
			1420	292
			1421	292
			1422	292
			1423	292
			1424	293
			1425	293
			1426	293
			1427	293
			1428	293
			1429	293
			1430	293
			1431	294
			1432	294
			1433	294
			1434	294
			1435	294
			1436	294
			1437	295
			1438	295
			1439	295
			1440	295
			1441	295
			1442	295
			1443	296
			1444	296
			1445	296
			1446	296
			1447	296
			1448	297
			1449	297
			1450	297
			1451	297
			1452	297
			1453	298
			1454	298
			1455	298
			1456	298
			1457	299
			1458	299
			1459	299
			1460	299
			1461	300
			1462	300
			1463	300
			1464	300
			1465	301
			1466	301
			1467	301
			1468	301
			1469	302
			1470	302
			1471	302
			1472	303
			1473	303
			1474	303
			1475	303
			1476	304
			1477	304
			1478	304
			1479	305
			1480	305
			1481	305
			1482	305
			1483	306
			1484	306
			1485	306
			1486	307
			1487	307
			1488	307
			1489	308
			1490	308
			1491	308
			1492	309
			1493	309
			1494	309
			1495	310
			1496	310
			1497	310
			1498	311
			1499	311
			1500	311
			1501	312
			1502	312
			1503	313
			1504	313
			1505	313
			1506	314
			1507	314
			1508	314
			1509	315
			1510	315
			1511	316
			1512	316
			1513	316
			1514	317
			1515	317
			1516	318
			1517	318
			1518	318
			1519	319
			1520	319
			1521	320
			1522	320
			1523	321
			1524	321
			1525	321
			1526	322
			1527	322
			1528	323
			1529	323
			1530	324
			1531	324
			1532	324
			1533	325
			1534	325
			1535	326
			1536	326
			1537	327
			1538	327
			1539	328
			1540	328
			1541	329
			1542	329
			1543	330
			1544	330
			1545	331
			1546	331
			1547	332
			1548	332
			1549	333
			1550	333
			1551	334
			1552	334
			1552	335
			1553	335
			1554	336
			1555	336
			1556	337
			1557	337
			1558	338
			1559	338
			1560	339
			1561	339
			1562	340
			1563	340
			1564	341
			1565	342
			1566	342
			1567	343
			1568	343
			1569	344
			1570	344
			1571	345
			1572	345
			1573	346
			1574	347
			1575	347
			1576	348
			1577	348
			1578	349
			1579	350
			1580	350
			1581	351
			1582	351
			1583	352
			1584	353
			1585	354
			1586	354
			1587	355
			1588	355
			1589	356
			1590	357
			1591	357
			1592	358
			1593	358
			1594	359
			1594	360
			1595	360
			1596	361
			1597	361
			1598	362
			1599	362
			1599	363
			1600	363
			1601	364
			1602	364
			1602	365
			1603	365
			1604	365
			1605	365
			1605	366
			1606	366
			1607	366
			1607	367
			1608	367
			1609	367
			1610	368
			1611	368
			1612	368
			1613	369
			1614	369
			1614	370
			1615	370
			1616	370
			1617	371
			1618	371
			1619	372
			1620	372
			1621	373
			1622	373
			1623	374
			1624	374
			1625	374
			1626	375
			1627	375
			1628	376
			1629	376
			1630	377
			1631	377
			1632	378
			1633	378
			1634	379
			1635	379
			1636	380
			1637	380
			1638	381
			1639	381
			1639	382
			1640	382
			1641	383
			1642	383
			1643	384
			1644	385
			1645	385
			1646	386
			1647	386
			1648	387
			1649	387
			1650	388
			1651	388
			1652	389
			1653	390
			1654	391
			1655	391
			1656	392
			1657	392
			1658	393
			1659	394
			1660	394
			1661	395
			1662	396
			1663	396
			1664	397
			1665	398
			1666	398
			1667	399
			1668	400
			1669	400
			1670	401
			1671	402
			1672	403
			1673	404
			1674	404
			1675	405
			1676	406
			1677	407
			1678	407
			1679	408
			1680	408
			1680	409
			1681	409
			1682	410
			1683	411
			1684	412
			1685	413
			1686	413
			1687	414
			1688	415
			1689	416
			1690	416
			1690	417
			1691	418
			1692	419
			1693	419
			1694	420
			1695	421
			1696	422
			1697	422
			1697	423
			1698	424
			1699	425
			1700	426
			1701	426
			1702	427
			1703	428
			1703	429
			1704	430
			1705	430
			1706	431
			1707	432
			1708	433
			1709	434
			1710	435
			1711	436
			1712	437
			1713	438
			1714	439
			1715	440
			1716	441
			1717	442
			1718	443
			1719	444
			1720	445
			1720	446
			1721	446
			1721	447
			1722	448
			1723	448
			1723	449
			1724	450
			1725	451
			1726	452
			1727	453
			1728	454
			1728	455
			1729	456
			1730	457
			1731	457
			1731	458
			1732	459
			1733	460
			1733	461
			1734	461
			1734	462
			1735	463
			1736	464
			1736	465
			1737	466
			1738	466
			1738	467
			1739	468
			1740	469
			1740	470
			1741	471
			1742	471
			1742	472
			1743	473
			1744	474
			1744	475
			1745	476
			1745	477
			1746	477
			1747	478
			1747	479
			1748	480
			1749	481
			1749	482
			1750	483
			1750	484
			1751	484
			1752	485
			1752	486
			1753	487
			1754	488
			1754	489
			1755	490
			1755	491
			1756	492
			1757	492
			1757	493
			1758	494
			1758	495
			1759	496
			1759	497
			1760	498
			1761	499
			1761	500
			1762	501
			1762	502
			1763	503
			1764	504
			1764	505
			1765	505
			1765	506
			1766	507
			1766	508
			1767	509
			1768	510
			1768	511
			1769	512
			1769	513
			1770	514
			1770	515
			1771	516
			1772	517
			1772	518
			1773	519
			1773	520
			1774	521
			1774	522
			1775	523
			1775	524
			1776	525
			1776	526
			1777	527
			1778	528
			1778	529
			1779	530
			1779	531
			1780	532
			1780	533
			1781	534
			1781	535
			1782	536
			1782	537
			1783	538
			1783	539
			1784	540
			1784	541
			1785	542
			1785	543
			1786	544
			1786	545
			1786	546
			1787	546
			1787	547
			1787	548
			1788	548
			1788	549
			1788	550
			1789	550
			1789	551
			1789	552
			1790	553
			1790	554
			1791	555
			1791	556
			1792	557
			1792	558
			1793	559
			1793	560
			1794	561
			1794	562
			1794	563
			1795	564
			1795	565
			1796	566
			1796	567
			1796	568
			1797	569
			1797	570
			1798	571
			1798	572
			1798	573
			1799	574
			1799	575
			1800	576
			1800	577
			1800	578
			1801	579
			1801	580
			1802	580
			1802	581
			1802	582
			1803	583
			1803	584
			1804	585
			1804	586
			1804	587
			1805	588
			1805	589
			1805	590
			1806	591
			1806	592
			1807	593
			1807	594
			1807	595
			1807	596
			1808	596
			1808	597
			1808	598
			1808	599
			1809	600
			1809	601
			1810	602
			1810	603
			1810	604
			1811	605
			1811	606
			1811	607
			1812	608
			1812	609
			1812	610
			1813	611
			1813	612
			1813	613
			1814	613
			1814	614
			1814	615
			1814	616
			1815	617
			1815	618
			1815	619
			1816	620
			1816	621
			1816	622
			1816	623
			1817	623
			1817	624
			1817	625
			1818	626
			1818	627
			1818	628
			1819	629
			1819	630
			1819	631
			1819	632
			1820	633
			1820	634
			1820	635
			1820	636
			1821	637
			1821	638
			1822	639
			1822	640
			1822	641
			1822	642
			1823	643
			1823	644
			1823	645
			1824	646
			1824	647
			1824	648
			1824	649
			1825	650
			1825	651
			1825	652
			1825	653
			1826	654
			1826	655
			1826	656
			1827	657
			1827	658
			1827	659
			1827	660
			1828	661
			1828	662
			1828	663
			1828	664
			1828	665
			1829	666
			1829	667
			1829	668
			1829	669
			1830	670
			1830	671
			1830	672
			1830	673
			1831	674
			1831	675
			1831	676
			1831	677
			1832	678
			1832	679
			1832	680
			1832	681
			1833	682
			1833	683
			1833	684
			1833	685
			1833	686
			1834	687
			1834	688
			1834	689
			1834	690
			1835	691
			1835	692
			1835	693
			1835	694
			1835	695
			1835	696
			1835	697
			1835	698
			1835	699
			1835	700
			1835	701
			1834	702
			1834	703
			1834	704
			1834	705
			1834	706
			1834	707
			1834	708
			1834	709
			1834	710
			1834	711
			1834	712
			1834	713
			1833	714
			1833	715
			1833	716
			1833	717
			1833	718
			1833	719
			1833	720
			1833	721
			1833	722
			1832	723
			1832	724
			1832	725
			1832	726
			1832	727
			1832	728
			1832	729
			1832	730
			1831	731
			1831	732
			1831	733
			1831	734
			1831	735
			1831	736
			1831	737
			1830	738
			1830	739
			1830	740
			1830	741
			1830	742
			1830	743
			1829	744
			1829	745
			1829	746
			1829	747
			1829	748
			1829	749
			1828	750
			1828	751
			1828	752
			1828	753
			1828	754
			1827	755
			1827	756
			1827	757
			1827	758
			1827	759
			1826	760
			1826	761
			1826	762
			1826	763
			1826	764
			1825	765
			1825	766
			1825	767
			1825	768
			1824	769
			1824	770
			1824	771
			1824	772
			1824	773
			1823	774
			1823	775
			1823	776
			1823	777
			1822	778
			1822	779
			1822	780
			1821	781
			1821	782
			1821	783
			1821	784
			1820	785
			1820	786
			1820	787
			1820	788
			1819	789
			1819	790
			1819	791
			1818	792
			1818	793
			1818	794
			1817	795
			1817	796
			1817	797
			1816	798
			1816	799
			1816	800
			1816	801
			1815	802
			1815	803
			1815	804
			1814	805
			1814	806
			1814	807
			1813	808
			1813	809
			1813	810
			1812	811
			1812	812
			1812	813
			1811	814
			1811	815
			1811	816
			1810	817
			1810	818
			1809	819
			1809	820
			1809	821
			1808	822
			1808	823
			1807	824
			1807	825
			1807	826
			1806	827
			1806	828
			1805	829
			1805	830
			1805	831
			1804	832
			1804	833
			1803	834
			1803	835
			1802	836
			1802	837
			1802	838
			1801	839
			1801	840
			1800	841
			1800	842
			1799	843
			1799	844
			1799	845
			1798	846
			1798	847
			1797	848
			1797	849
			1796	850
			1796	851
			1795	852
			1795	853
			1794	854
			1794	855
			1793	856
			1793	857
			1793	858
			1792	859
			1792	860
			1791	861
			1791	862
			1790	863
			1790	864
			1789	865
			1789	866
			1788	867
			1788	868
			1787	868
			1787	869
			1786	870
			1786	871
			1785	872
			1785	873
			1784	874
			1783	875
			1783	876
			1782	877
			1782	878
			1781	879
			1781	880
			1780	881
			1780	882
			1779	883
			1779	884
			1778	885
			1778	886
			1777	887
			1776	888
			1776	889
			1775	889
			1775	890
			1774	891
			1774	892
			1773	893
			1772	894
			1772	895
			1771	896
			1771	897
			1770	898
			1769	899
			1769	900
			1768	901
			1768	902
			1767	903
			1766	904
			1765	905
			1765	906
			1764	907
			1763	908
			1763	909
			1762	910
			1761	911
			1761	912
			1760	913
			1759	914
			1759	915
			1758	916
			1757	917
			1757	918
			1756	919
			1755	920
			1755	921
			1754	922
			1753	923
			1753	924
			1752	925
			1751	926
			1750	927
			1750	928
			1749	928
			1748	929
			1748	930
			1747	931
			1746	932
			1745	933
			1745	934
			1744	935
			1743	936
			1743	937
			1742	938
			1741	939
			1740	940
			1740	941
			1739	942
			1738	943
			1737	943
			1737	944
			1736	945
			1735	946
			1734	947
			1734	948
			1733	949
			1732	950
			1731	951
			1731	952
			1730	953
			1729	954
			1728	955
			1727	955
			1727	956
			1726	957
			1725	958
			1724	959
			1723	960
			1723	961
			1722	962
			1721	963
			1720	964
			1719	965
			1719	966
			1718	966
			1717	967
			1716	968
			1715	969
			1714	970
			1714	971
			1713	972
			1712	973
			1711	974
			1710	975
			1709	975
			1708	976
			1708	977
			1707	978
			1706	979
			1705	980
		</Eye>
	</curves.pixel>
	<ruler.points type=matrix rownames=TRUE colnames=FALSE nrow=2 ncol=2 as.numeric=TRUE >
		Ruler point 1	2	1894
		Ruler point 2	104	1894
	</ruler.points>
</shapes>

