<shapes type=list>
	<scaling type=logical names=FALSE length=1 as.numeric=FALSE >NA</scaling>
	<landmarks.pixel type=matrix rownames=TRUE colnames=FALSE nrow=11 ncol=2 as.numeric=TRUE >
		LM1Forehead	2006	97
		LM2UJFront	2614	1395
		LM3UJBack	1942	1620
		LM4LacOrb	1828	991
		LM5QJoint	1865	1618
		LM6IOPL	1827	1757
		LM7IOPSOP	625	1752
		LM8A2A1	960	1231
		LM9A1A3	902	759
		LM10TopMuscR	762	615
		LM11TopMuscL	267	484
	</landmarks.pixel>
	<curves.control type=list>
		<Profile type=matrix rownames=FALSE colnames=FALSE nrow=7 ncol=2 as.numeric=TRUE >
			2006	97
			2369	301
			2588	613
			2976	1052
			2915	1211
			2767	1487
			2614	1395
		</Profile>
		<Eye type=matrix rownames=FALSE colnames=FALSE nrow=13 ncol=2 as.numeric=TRUE >
			1828	991
			1634	1139
			1348	1057
			1138	950
			1077	741
			1062	506
			1195	332
			1419	143
			1695	240
			1950	327
			1996	582
			1976	843
			1828	991
		</Eye>
	</curves.control>
	<curves.pixel type=list>
		<Profile type=matrix rownames=FALSE colnames=FALSE nrow=1668 ncol=2 as.numeric=TRUE >
			2006	97
			2007	98
			2008	98
			2009	99
			2010	99
			2011	100
			2012	100
			2012	101
			2013	101
			2014	101
			2014	102
			2015	102
			2016	102
			2016	103
			2017	103
			2018	104
			2019	104
			2020	105
			2021	106
			2022	106
			2023	107
			2024	107
			2025	108
			2026	109
			2027	109
			2028	110
			2029	110
			2030	111
			2031	111
			2032	112
			2033	113
			2034	113
			2035	114
			2036	114
			2037	115
			2038	115
			2039	116
			2040	117
			2041	117
			2042	118
			2043	118
			2044	119
			2045	119
			2046	120
			2047	121
			2048	121
			2049	122
			2050	122
			2051	123
			2052	123
			2053	124
			2054	125
			2055	125
			2056	126
			2057	126
			2058	127
			2058	128
			2059	128
			2060	129
			2061	129
			2062	130
			2063	130
			2064	131
			2065	132
			2066	132
			2067	133
			2068	133
			2069	134
			2070	135
			2071	135
			2072	136
			2073	136
			2074	137
			2075	137
			2076	138
			2077	139
			2078	139
			2079	140
			2080	140
			2081	141
			2082	142
			2083	142
			2083	143
			2084	143
			2085	144
			2086	145
			2087	145
			2088	146
			2089	146
			2090	147
			2091	148
			2092	148
			2093	149
			2094	149
			2095	150
			2096	151
			2097	151
			2098	152
			2099	152
			2100	153
			2101	154
			2102	154
			2102	155
			2103	155
			2104	156
			2105	157
			2106	157
			2107	158
			2108	158
			2109	159
			2110	160
			2111	160
			2112	161
			2113	161
			2114	162
			2115	163
			2116	163
			2117	164
			2118	165
			2119	165
			2120	166
			2121	167
			2122	168
			2123	168
			2124	169
			2125	169
			2126	170
			2127	171
			2128	171
			2129	172
			2130	173
			2131	173
			2132	174
			2133	175
			2134	175
			2135	176
			2136	177
			2137	177
			2138	178
			2139	178
			2140	179
			2141	180
			2142	180
			2143	181
			2144	182
			2145	182
			2145	183
			2146	184
			2147	184
			2148	185
			2149	186
			2150	186
			2151	187
			2152	187
			2153	188
			2154	189
			2155	189
			2156	190
			2157	191
			2158	191
			2159	192
			2160	193
			2161	193
			2162	194
			2162	195
			2163	195
			2164	196
			2165	197
			2166	197
			2167	198
			2168	198
			2169	199
			2170	200
			2171	200
			2172	201
			2173	202
			2174	202
			2175	203
			2176	204
			2177	204
			2177	205
			2178	206
			2179	206
			2180	207
			2181	208
			2182	208
			2183	209
			2184	210
			2185	210
			2186	211
			2187	212
			2188	212
			2189	213
			2190	214
			2191	215
			2192	215
			2193	216
			2194	217
			2195	218
			2196	218
			2197	219
			2198	220
			2199	220
			2199	221
			2200	221
			2201	222
			2202	222
			2203	223
			2203	224
			2204	224
			2205	225
			2206	225
			2206	226
			2207	226
			2208	227
			2209	228
			2210	228
			2210	229
			2211	229
			2212	230
			2213	231
			2214	231
			2214	232
			2215	232
			2216	233
			2217	233
			2217	234
			2218	235
			2219	235
			2220	236
			2221	236
			2221	237
			2222	238
			2223	238
			2224	239
			2225	239
			2225	240
			2226	241
			2227	241
			2228	242
			2229	243
			2230	244
			2231	244
			2232	245
			2233	246
			2234	246
			2235	247
			2236	248
			2237	249
			2238	249
			2238	250
			2239	251
			2240	251
			2241	252
			2242	253
			2243	254
			2244	254
			2245	255
			2246	256
			2247	256
			2248	257
			2249	258
			2250	259
			2251	260
			2252	261
			2253	261
			2254	262
			2255	263
			2256	264
			2257	265
			2258	265
			2259	266
			2260	266
			2260	267
			2261	268
			2262	268
			2263	269
			2264	270
			2265	271
			2266	272
			2267	272
			2268	273
			2269	274
			2270	275
			2271	275
			2272	276
			2273	277
			2274	278
			2275	279
			2276	280
			2277	280
			2277	281
			2278	281
			2279	282
			2280	283
			2281	284
			2282	285
			2283	285
			2284	286
			2285	287
			2286	288
			2287	289
			2288	290
			2289	290
			2290	291
			2291	292
			2292	293
			2293	294
			2294	294
			2295	295
			2296	296
			2297	297
			2298	298
			2299	298
			2300	299
			2301	300
			2302	301
			2302	302
			2303	302
			2304	303
			2305	304
			2306	305
			2307	306
			2308	306
			2309	307
			2310	308
			2311	309
			2312	310
			2313	310
			2314	311
			2315	312
			2316	313
			2317	314
			2318	314
			2318	315
			2319	316
			2320	317
			2321	318
			2322	318
			2323	319
			2324	320
			2325	321
			2326	322
			2327	323
			2328	323
			2329	324
			2330	325
			2331	326
			2331	327
			2332	327
			2333	328
			2334	329
			2335	330
			2336	331
			2337	332
			2338	332
			2339	333
			2340	334
			2341	335
			2342	336
			2343	337
			2344	338
			2345	339
			2346	340
			2347	340
			2347	341
			2348	342
			2349	342
			2349	343
			2350	343
			2351	344
			2351	345
			2352	345
			2353	346
			2354	347
			2355	348
			2356	349
			2357	350
			2358	350
			2358	351
			2359	352
			2360	352
			2361	353
			2362	354
			2362	355
			2363	355
			2364	356
			2365	357
			2366	358
			2367	359
			2368	360
			2369	361
			2370	362
			2371	363
			2372	363
			2373	364
			2374	365
			2375	366
			2375	367
			2376	368
			2377	369
			2378	370
			2379	370
			2380	371
			2381	372
			2382	373
			2383	374
			2384	375
			2385	376
			2386	377
			2387	378
			2388	379
			2389	380
			2390	381
			2391	382
			2392	383
			2393	384
			2394	385
			2395	386
			2396	386
			2396	387
			2397	388
			2398	389
			2399	389
			2399	390
			2400	391
			2401	392
			2402	392
			2403	393
			2403	394
			2404	395
			2405	396
			2406	396
			2406	397
			2407	398
			2408	399
			2409	399
			2410	400
			2410	401
			2411	402
			2412	403
			2413	403
			2413	404
			2414	405
			2415	406
			2416	406
			2416	407
			2417	408
			2418	409
			2419	410
			2420	410
			2420	411
			2421	412
			2422	413
			2423	413
			2423	414
			2424	415
			2425	416
			2426	417
			2427	418
			2428	419
			2429	420
			2430	421
			2431	422
			2432	423
			2433	424
			2433	425
			2434	426
			2435	427
			2436	428
			2437	429
			2438	430
			2439	430
			2440	431
			2441	432
			2442	433
			2442	434
			2443	435
			2444	436
			2445	437
			2446	438
			2447	439
			2448	440
			2449	441
			2450	442
			2451	443
			2451	444
			2452	445
			2453	446
			2454	447
			2455	448
			2456	449
			2457	450
			2458	451
			2458	452
			2459	453
			2460	453
			2461	454
			2462	455
			2463	456
			2464	457
			2465	458
			2465	459
			2466	460
			2467	461
			2468	462
			2469	463
			2470	464
			2471	465
			2472	466
			2472	467
			2473	468
			2474	469
			2475	470
			2476	471
			2477	472
			2478	473
			2479	474
			2479	475
			2480	476
			2481	477
			2482	478
			2483	479
			2484	480
			2485	481
			2485	482
			2486	483
			2487	484
			2488	485
			2489	486
			2490	487
			2490	488
			2491	489
			2492	490
			2493	491
			2494	492
			2495	493
			2496	494
			2496	495
			2497	496
			2498	497
			2499	498
			2500	499
			2501	500
			2501	501
			2502	502
			2503	503
			2504	504
			2505	505
			2506	506
			2506	507
			2507	508
			2508	509
			2509	510
			2510	511
			2511	512
			2511	513
			2512	514
			2513	515
			2514	516
			2515	517
			2516	518
			2516	519
			2517	520
			2518	521
			2519	522
			2520	523
			2521	524
			2521	525
			2522	526
			2523	527
			2524	528
			2525	529
			2525	530
			2526	531
			2527	532
			2528	533
			2529	534
			2529	535
			2530	536
			2531	537
			2532	538
			2533	539
			2534	540
			2534	541
			2535	542
			2536	543
			2537	544
			2538	545
			2538	546
			2539	547
			2540	548
			2541	549
			2542	550
			2542	551
			2543	552
			2544	553
			2545	554
			2546	555
			2546	556
			2547	557
			2548	558
			2549	559
			2549	560
			2550	561
			2551	562
			2552	563
			2552	564
			2553	565
			2554	566
			2555	567
			2555	568
			2556	569
			2557	570
			2558	571
			2558	572
			2559	573
			2560	574
			2560	575
			2561	576
			2562	577
			2562	578
			2563	578
			2564	579
			2564	580
			2565	581
			2566	582
			2566	583
			2567	584
			2568	585
			2568	586
			2569	587
			2570	587
			2570	588
			2571	589
			2572	590
			2572	591
			2573	592
			2574	593
			2574	594
			2575	595
			2576	596
			2576	597
			2577	597
			2578	598
			2578	599
			2579	600
			2580	601
			2580	602
			2581	603
			2582	604
			2582	605
			2583	606
			2583	607
			2584	608
			2585	608
			2585	609
			2586	610
			2587	611
			2587	612
			2588	613
			2589	614
			2590	615
			2591	616
			2591	617
			2592	617
			2593	618
			2593	619
			2594	620
			2595	621
			2596	622
			2597	623
			2598	624
			2598	625
			2599	626
			2600	627
			2601	628
			2602	629
			2603	630
			2604	631
			2605	632
			2605	633
			2606	633
			2607	634
			2607	635
			2608	635
			2608	636
			2609	637
			2610	638
			2611	639
			2612	640
			2613	641
			2613	642
			2614	643
			2615	643
			2615	644
			2616	645
			2617	646
			2618	647
			2619	648
			2620	649
			2620	650
			2621	651
			2622	652
			2623	653
			2624	654
			2624	655
			2625	656
			2626	657
			2627	658
			2628	659
			2629	660
			2630	661
			2631	662
			2631	663
			2632	664
			2633	664
			2633	665
			2634	666
			2635	667
			2636	668
			2637	669
			2637	670
			2638	671
			2639	671
			2639	672
			2640	673
			2641	674
			2641	675
			2642	675
			2643	676
			2643	677
			2644	678
			2645	679
			2646	680
			2647	681
			2648	682
			2649	683
			2649	684
			2650	685
			2651	686
			2652	687
			2653	688
			2653	689
			2654	690
			2655	691
			2656	692
			2657	693
			2658	694
			2658	695
			2659	695
			2660	696
			2660	697
			2661	697
			2661	698
			2662	699
			2663	700
			2664	701
			2665	702
			2665	703
			2666	704
			2667	705
			2667	706
			2668	706
			2669	707
			2669	708
			2670	709
			2671	710
			2672	711
			2673	712
			2674	713
			2674	714
			2675	715
			2676	716
			2677	717
			2678	718
			2678	719
			2679	720
			2680	721
			2681	722
			2681	723
			2682	724
			2683	725
			2684	725
			2685	726
			2685	727
			2686	728
			2687	729
			2688	730
			2688	731
			2689	732
			2690	733
			2691	734
			2692	735
			2692	736
			2693	737
			2694	738
			2695	739
			2695	740
			2696	741
			2697	742
			2698	742
			2698	743
			2699	744
			2700	745
			2701	746
			2701	747
			2702	748
			2703	749
			2704	750
			2704	751
			2705	752
			2706	753
			2707	754
			2707	755
			2708	755
			2709	756
			2709	757
			2710	758
			2711	759
			2712	760
			2712	761
			2713	762
			2714	763
			2715	764
			2715	765
			2716	766
			2717	767
			2718	768
			2719	769
			2720	770
			2720	771
			2721	771
			2721	772
			2722	773
			2723	774
			2724	775
			2724	776
			2725	777
			2725	778
			2726	778
			2727	779
			2727	780
			2728	781
			2729	782
			2730	783
			2730	784
			2731	785
			2732	786
			2733	787
			2733	788
			2734	789
			2735	790
			2735	791
			2736	792
			2737	792
			2738	793
			2738	794
			2739	795
			2740	796
			2740	797
			2741	798
			2742	799
			2743	800
			2743	801
			2744	802
			2745	803
			2745	804
			2746	804
			2747	805
			2747	806
			2748	807
			2749	808
			2749	809
			2750	810
			2751	811
			2751	812
			2752	813
			2753	814
			2754	814
			2754	815
			2755	816
			2756	817
			2756	818
			2757	819
			2758	820
			2758	821
			2759	822
			2760	823
			2761	824
			2762	825
			2762	826
			2763	827
			2764	828
			2765	829
			2765	830
			2766	831
			2766	832
			2767	832
			2767	833
			2768	834
			2768	835
			2769	835
			2770	836
			2770	837
			2771	838
			2771	839
			2772	839
			2772	840
			2773	841
			2773	842
			2774	842
			2775	843
			2775	844
			2776	845
			2777	846
			2777	847
			2778	848
			2779	849
			2779	850
			2780	851
			2781	852
			2782	853
			2783	854
			2783	855
			2784	856
			2784	857
			2785	857
			2785	858
			2786	859
			2787	860
			2788	861
			2788	862
			2789	863
			2789	864
			2790	864
			2790	865
			2791	866
			2791	867
			2792	867
			2792	868
			2793	869
			2793	870
			2794	871
			2795	871
			2795	872
			2796	873
			2796	874
			2797	874
			2797	875
			2798	876
			2798	877
			2799	877
			2799	878
			2800	879
			2800	880
			2801	880
			2801	881
			2802	882
			2802	883
			2803	883
			2803	884
			2804	885
			2804	886
			2805	886
			2805	887
			2806	888
			2806	889
			2807	889
			2807	890
			2808	891
			2808	892
			2809	892
			2809	893
			2810	894
			2810	895
			2811	895
			2811	896
			2812	897
			2812	898
			2813	898
			2813	899
			2814	900
			2815	901
			2815	902
			2816	903
			2817	904
			2817	905
			2818	906
			2818	907
			2819	907
			2819	908
			2820	909
			2821	910
			2821	911
			2822	912
			2822	913
			2823	913
			2823	914
			2824	915
			2824	916
			2825	917
			2826	918
			2826	919
			2827	920
			2828	921
			2828	922
			2829	923
			2830	924
			2830	925
			2831	926
			2832	927
			2832	928
			2833	929
			2834	930
			2834	931
			2834	932
			2835	932
			2835	933
			2835	934
			2836	934
			2836	935
			2837	935
			2837	936
			2837	937
			2838	937
			2838	938
			2839	939
			2840	940
			2840	941
			2841	942
			2841	943
			2842	944
			2842	945
			2843	946
			2844	947
			2844	948
			2845	949
			2845	950
			2846	951
			2846	952
			2847	952
			2847	953
			2848	954
			2848	955
			2849	956
			2849	957
			2850	958
			2851	959
			2852	960
			2852	961
			2853	962
			2853	963
			2854	964
			2854	965
			2855	966
			2856	967
			2856	968
			2857	969
			2857	970
			2858	971
			2858	972
			2859	973
			2860	974
			2860	975
			2861	976
			2861	977
			2862	978
			2862	979
			2863	980
			2863	981
			2864	982
			2864	983
			2865	984
			2865	985
			2866	986
			2867	987
			2867	988
			2868	989
			2868	990
			2869	991
			2869	992
			2870	993
			2870	994
			2871	995
			2871	996
			2872	997
			2872	998
			2873	999
			2873	1000
			2874	1001
			2874	1002
			2875	1002
			2875	1003
			2876	1004
			2876	1005
			2877	1006
			2877	1007
			2877	1008
			2878	1009
			2878	1010
			2879	1011
			2879	1012
			2880	1013
			2880	1014
			2881	1015
			2881	1016
			2882	1017
			2882	1018
			2883	1019
			2883	1020
			2884	1021
			2884	1022
			2885	1023
			2885	1024
			2886	1025
			2886	1026
			2887	1027
			2887	1028
			2887	1029
			2888	1030
			2888	1031
			2889	1032
			2889	1033
			2890	1034
			2890	1035
			2890	1036
			2891	1036
			2891	1037
			2892	1038
			2892	1039
			2892	1040
			2893	1041
			2893	1042
			2894	1043
			2894	1044
			2894	1045
			2895	1046
			2895	1047
			2896	1047
			2896	1048
			2896	1049
			2897	1050
			2897	1051
			2897	1052
			2898	1053
			2898	1054
			2899	1055
			2899	1056
			2900	1057
			2900	1058
			2900	1059
			2901	1060
			2901	1061
			2901	1062
			2902	1063
			2902	1064
			2902	1065
			2903	1066
			2903	1067
			2904	1068
			2904	1069
			2904	1070
			2905	1071
			2905	1072
			2906	1073
			2906	1074
			2906	1075
			2907	1076
			2907	1077
			2907	1078
			2908	1079
			2908	1080
			2908	1081
			2908	1082
			2909	1082
			2909	1083
			2909	1084
			2909	1085
			2910	1085
			2910	1086
			2910	1087
			2910	1088
			2911	1088
			2911	1089
			2911	1090
			2911	1091
			2912	1092
			2912	1093
			2912	1094
			2913	1095
			2913	1096
			2913	1097
			2913	1098
			2914	1099
			2914	1100
			2914	1101
			2915	1102
			2915	1103
			2915	1104
			2915	1105
			2916	1106
			2916	1107
			2916	1108
			2916	1109
			2917	1110
			2917	1111
			2917	1112
			2917	1113
			2917	1114
			2918	1114
			2918	1115
			2918	1116
			2918	1117
			2918	1118
			2918	1119
			2919	1120
			2919	1121
			2919	1122
			2919	1123
			2920	1124
			2920	1125
			2920	1126
			2920	1127
			2920	1128
			2920	1129
			2921	1130
			2921	1131
			2921	1132
			2921	1133
			2921	1134
			2921	1135
			2921	1136
			2922	1137
			2922	1138
			2922	1139
			2922	1140
			2922	1141
			2922	1142
			2922	1143
			2922	1144
			2922	1145
			2923	1146
			2923	1147
			2923	1148
			2923	1149
			2923	1150
			2923	1151
			2923	1152
			2923	1153
			2923	1154
			2923	1155
			2923	1156
			2923	1157
			2923	1158
			2923	1159
			2923	1160
			2923	1161
			2923	1162
			2923	1163
			2923	1164
			2923	1165
			2923	1166
			2923	1167
			2923	1168
			2923	1169
			2923	1170
			2923	1171
			2923	1172
			2923	1173
			2923	1174
			2923	1175
			2923	1176
			2923	1177
			2923	1178
			2923	1179
			2922	1179
			2922	1180
			2922	1181
			2922	1182
			2922	1183
			2922	1184
			2922	1185
			2922	1186
			2921	1187
			2921	1188
			2921	1189
			2921	1190
			2921	1191
			2920	1192
			2920	1193
			2920	1194
			2920	1195
			2920	1196
			2919	1197
			2919	1198
			2919	1199
			2919	1200
			2918	1201
			2918	1202
			2918	1203
			2917	1204
			2917	1205
			2917	1206
			2917	1207
			2916	1207
			2916	1208
			2916	1209
			2915	1210
			2915	1211
			2915	1212
			2914	1213
			2913	1214
			2913	1215
			2912	1216
			2912	1217
			2911	1218
			2911	1219
			2910	1219
			2910	1220
			2910	1221
			2909	1222
			2909	1223
			2908	1224
			2907	1225
			2907	1226
			2906	1227
			2906	1228
			2905	1229
			2905	1230
			2904	1231
			2903	1232
			2903	1233
			2902	1234
			2902	1235
			2901	1236
			2901	1237
			2900	1238
			2900	1239
			2899	1239
			2899	1240
			2898	1241
			2898	1242
			2897	1243
			2896	1244
			2896	1245
			2895	1246
			2895	1247
			2894	1248
			2894	1249
			2893	1250
			2893	1251
			2892	1251
			2892	1252
			2891	1253
			2890	1254
			2890	1255
			2889	1256
			2889	1257
			2888	1258
			2888	1259
			2887	1259
			2887	1260
			2886	1261
			2886	1262
			2885	1263
			2885	1264
			2884	1265
			2883	1266
			2882	1267
			2882	1268
			2881	1269
			2880	1270
			2880	1271
			2879	1272
			2878	1273
			2878	1274
			2877	1275
			2876	1276
			2876	1277
			2875	1278
			2875	1279
			2874	1280
			2873	1281
			2873	1282
			2872	1283
			2871	1284
			2871	1285
			2870	1286
			2869	1287
			2869	1288
			2868	1289
			2867	1290
			2867	1291
			2866	1292
			2865	1293
			2865	1294
			2864	1295
			2863	1296
			2863	1297
			2862	1298
			2862	1299
			2861	1299
			2860	1300
			2860	1301
			2859	1302
			2858	1303
			2858	1304
			2857	1305
			2856	1306
			2856	1307
			2855	1308
			2854	1308
			2854	1309
			2853	1310
			2852	1311
			2852	1312
			2851	1313
			2850	1314
			2849	1315
			2848	1316
			2848	1317
			2847	1318
			2846	1319
			2845	1320
			2844	1321
			2844	1322
			2843	1323
			2842	1324
			2841	1325
			2840	1326
			2840	1327
			2839	1328
			2838	1329
			2837	1330
			2837	1331
			2836	1332
			2835	1333
			2834	1334
			2833	1335
			2833	1336
			2832	1337
			2831	1337
			2830	1338
			2829	1339
			2829	1340
			2828	1341
			2827	1342
			2826	1343
			2826	1344
			2825	1345
			2824	1345
			2823	1346
			2822	1347
			2822	1348
			2821	1349
			2820	1350
			2819	1350
			2818	1351
			2818	1352
			2817	1353
			2816	1354
			2815	1355
			2814	1356
			2813	1357
			2812	1358
			2811	1359
			2810	1360
			2809	1361
			2808	1362
			2807	1363
			2806	1364
			2805	1364
			2804	1365
			2803	1366
			2802	1367
			2801	1368
			2801	1369
			2800	1370
			2799	1370
			2798	1371
			2797	1372
			2796	1373
			2795	1374
			2794	1375
			2793	1375
			2792	1376
			2791	1377
			2790	1378
			2789	1378
			2788	1379
			2787	1380
			2786	1381
			2785	1381
			2784	1382
			2783	1383
			2783	1384
			2782	1384
			2781	1385
			2780	1386
			2779	1386
			2778	1387
			2777	1388
			2776	1388
			2775	1389
			2774	1390
			2773	1390
			2772	1391
			2771	1392
			2770	1392
			2769	1393
			2768	1393
			2767	1394
			2766	1395
			2765	1395
			2765	1396
			2764	1396
			2763	1397
			2762	1397
			2761	1398
			2760	1399
			2759	1399
			2758	1400
			2757	1400
			2756	1401
			2755	1401
			2754	1402
			2753	1402
			2752	1403
			2751	1403
			2750	1403
			2749	1404
			2748	1404
			2747	1405
			2746	1405
			2746	1406
			2745	1406
			2744	1407
			2743	1407
			2742	1407
			2741	1408
			2740	1408
			2739	1408
			2738	1409
			2737	1409
			2736	1410
			2735	1410
			2734	1410
			2733	1411
			2732	1411
			2731	1411
			2730	1412
			2729	1412
			2728	1412
			2727	1412
			2726	1413
			2725	1413
			2724	1413
			2723	1414
			2722	1414
			2721	1414
			2720	1414
			2719	1415
			2718	1415
			2717	1415
			2716	1415
			2715	1416
			2714	1416
			2713	1416
			2712	1416
			2711	1416
			2710	1416
			2709	1417
			2708	1417
			2707	1417
			2706	1417
			2705	1417
			2704	1417
			2703	1417
			2702	1417
			2701	1418
			2700	1418
			2699	1418
			2698	1418
			2697	1418
			2696	1418
			2695	1418
			2694	1418
			2693	1418
			2692	1418
			2691	1418
			2690	1418
			2689	1418
			2688	1418
			2687	1418
			2686	1418
			2685	1418
			2684	1418
			2683	1418
			2682	1418
			2681	1418
			2680	1418
			2679	1418
			2678	1417
			2677	1417
			2676	1417
			2675	1417
			2674	1417
			2673	1417
			2672	1417
			2671	1417
			2670	1416
			2669	1416
			2668	1416
			2667	1416
			2666	1416
			2665	1416
			2664	1415
			2663	1415
			2662	1415
			2661	1415
			2660	1414
			2659	1414
			2658	1414
			2657	1414
			2656	1413
			2655	1413
			2654	1413
			2653	1413
			2652	1412
			2651	1412
			2650	1412
			2649	1411
			2648	1411
			2647	1411
			2646	1410
			2645	1410
			2644	1410
			2643	1409
			2642	1409
			2641	1408
			2640	1408
			2639	1408
			2638	1407
			2637	1407
			2636	1406
			2635	1406
			2634	1406
			2633	1405
			2632	1405
			2631	1404
			2630	1404
			2629	1403
			2628	1403
			2627	1402
			2626	1402
			2625	1401
			2624	1401
			2623	1400
			2622	1400
			2621	1399
			2620	1399
			2619	1398
			2618	1398
			2617	1397
			2616	1396
			2615	1396
			2614	1395
		</Profile>
		<Eye type=matrix rownames=FALSE colnames=FALSE nrow=2683 ncol=2 as.numeric=TRUE >
			1828	991
			1827	992
			1826	992
			1826	993
			1825	993
			1824	994
			1823	995
			1822	995
			1821	996
			1821	997
			1820	997
			1819	998
			1818	998
			1817	999
			1816	1000
			1815	1001
			1814	1001
			1813	1002
			1812	1003
			1811	1004
			1810	1004
			1809	1005
			1808	1006
			1807	1006
			1806	1007
			1805	1008
			1804	1008
			1803	1009
			1802	1010
			1801	1010
			1800	1011
			1799	1012
			1798	1012
			1797	1013
			1796	1014
			1795	1014
			1794	1015
			1793	1015
			1792	1016
			1791	1017
			1790	1017
			1789	1018
			1788	1018
			1788	1019
			1787	1019
			1786	1020
			1785	1020
			1785	1021
			1784	1021
			1783	1021
			1782	1022
			1781	1023
			1780	1023
			1779	1024
			1778	1024
			1777	1025
			1776	1025
			1775	1026
			1774	1027
			1773	1028
			1772	1028
			1771	1029
			1770	1029
			1769	1030
			1768	1030
			1767	1031
			1766	1031
			1765	1032
			1764	1032
			1763	1033
			1762	1033
			1761	1034
			1760	1034
			1759	1035
			1758	1035
			1757	1036
			1756	1036
			1755	1037
			1754	1037
			1753	1038
			1752	1038
			1751	1039
			1750	1039
			1749	1040
			1748	1040
			1748	1041
			1747	1041
			1746	1042
			1745	1042
			1744	1042
			1743	1043
			1742	1043
			1741	1044
			1740	1044
			1739	1045
			1738	1045
			1737	1046
			1736	1046
			1735	1046
			1734	1047
			1733	1047
			1732	1048
			1731	1048
			1730	1049
			1729	1049
			1728	1049
			1727	1050
			1726	1050
			1725	1051
			1724	1051
			1723	1052
			1722	1052
			1721	1052
			1720	1053
			1719	1053
			1718	1054
			1717	1054
			1716	1054
			1715	1055
			1714	1055
			1713	1055
			1712	1056
			1711	1056
			1710	1057
			1709	1057
			1708	1057
			1707	1058
			1706	1058
			1705	1058
			1704	1059
			1703	1059
			1702	1060
			1701	1060
			1700	1060
			1699	1061
			1698	1061
			1697	1061
			1696	1062
			1695	1062
			1694	1062
			1693	1063
			1692	1063
			1691	1063
			1690	1064
			1689	1064
			1688	1064
			1687	1065
			1686	1065
			1685	1065
			1684	1066
			1683	1066
			1682	1066
			1681	1067
			1680	1067
			1679	1067
			1678	1067
			1677	1068
			1676	1068
			1675	1068
			1674	1068
			1674	1069
			1673	1069
			1672	1069
			1671	1069
			1670	1070
			1669	1070
			1668	1070
			1667	1070
			1666	1070
			1666	1071
			1665	1071
			1664	1071
			1663	1071
			1662	1072
			1661	1072
			1660	1072
			1659	1072
			1658	1073
			1657	1073
			1656	1073
			1655	1073
			1654	1074
			1653	1074
			1652	1074
			1651	1074
			1650	1075
			1649	1075
			1648	1075
			1647	1075
			1646	1075
			1645	1076
			1644	1076
			1643	1076
			1642	1076
			1641	1076
			1640	1077
			1639	1077
			1638	1077
			1637	1077
			1636	1077
			1635	1078
			1634	1078
			1633	1078
			1632	1078
			1631	1078
			1630	1079
			1629	1079
			1628	1079
			1627	1079
			1626	1079
			1625	1079
			1624	1080
			1623	1080
			1622	1080
			1621	1080
			1620	1080
			1619	1080
			1618	1081
			1617	1081
			1616	1081
			1615	1081
			1614	1081
			1613	1081
			1612	1081
			1611	1082
			1610	1082
			1609	1082
			1608	1082
			1607	1082
			1606	1082
			1605	1082
			1604	1082
			1603	1083
			1602	1083
			1601	1083
			1600	1083
			1599	1083
			1598	1083
			1597	1083
			1596	1083
			1595	1083
			1594	1084
			1593	1084
			1592	1084
			1591	1084
			1590	1084
			1589	1084
			1588	1084
			1587	1084
			1586	1084
			1585	1084
			1584	1084
			1583	1085
			1582	1085
			1581	1085
			1580	1085
			1579	1085
			1578	1085
			1577	1085
			1576	1085
			1575	1085
			1574	1085
			1573	1085
			1572	1085
			1571	1085
			1570	1085
			1569	1085
			1568	1086
			1567	1086
			1566	1086
			1565	1086
			1564	1086
			1563	1086
			1562	1086
			1561	1086
			1560	1086
			1559	1086
			1558	1086
			1557	1086
			1556	1086
			1555	1086
			1554	1086
			1553	1086
			1552	1086
			1551	1086
			1550	1086
			1549	1086
			1548	1086
			1547	1086
			1546	1086
			1545	1086
			1544	1086
			1543	1086
			1542	1086
			1541	1086
			1540	1086
			1539	1086
			1538	1086
			1537	1086
			1536	1086
			1535	1086
			1534	1086
			1533	1086
			1532	1086
			1531	1086
			1530	1086
			1529	1086
			1528	1086
			1527	1086
			1526	1086
			1525	1086
			1524	1086
			1523	1086
			1522	1086
			1521	1086
			1520	1086
			1519	1086
			1518	1086
			1517	1086
			1516	1086
			1515	1086
			1514	1086
			1513	1086
			1512	1086
			1511	1085
			1510	1085
			1509	1085
			1508	1085
			1507	1085
			1506	1085
			1505	1085
			1504	1085
			1503	1085
			1502	1085
			1501	1085
			1500	1085
			1499	1085
			1498	1085
			1497	1085
			1496	1084
			1495	1084
			1494	1084
			1493	1084
			1492	1084
			1491	1084
			1490	1084
			1489	1084
			1488	1084
			1487	1084
			1486	1084
			1485	1084
			1484	1084
			1483	1083
			1482	1083
			1481	1083
			1480	1083
			1479	1083
			1478	1083
			1477	1083
			1476	1083
			1475	1083
			1474	1082
			1473	1082
			1472	1082
			1471	1082
			1470	1082
			1469	1082
			1468	1082
			1467	1082
			1466	1082
			1465	1081
			1464	1081
			1463	1081
			1462	1081
			1461	1081
			1460	1081
			1459	1081
			1458	1080
			1457	1080
			1456	1080
			1455	1080
			1454	1080
			1453	1080
			1452	1080
			1451	1080
			1450	1079
			1449	1079
			1448	1079
			1447	1079
			1446	1079
			1445	1079
			1444	1078
			1443	1078
			1442	1078
			1441	1078
			1440	1078
			1439	1078
			1438	1077
			1437	1077
			1436	1077
			1435	1077
			1434	1077
			1433	1077
			1432	1076
			1431	1076
			1430	1076
			1429	1076
			1428	1076
			1427	1076
			1426	1075
			1425	1075
			1424	1075
			1423	1075
			1422	1075
			1421	1074
			1420	1074
			1419	1074
			1418	1074
			1417	1074
			1416	1074
			1415	1073
			1414	1073
			1413	1073
			1412	1073
			1411	1073
			1410	1072
			1409	1072
			1408	1072
			1407	1072
			1406	1071
			1405	1071
			1404	1071
			1403	1071
			1402	1071
			1401	1070
			1400	1070
			1399	1070
			1398	1070
			1397	1069
			1396	1069
			1395	1069
			1394	1069
			1393	1069
			1392	1068
			1391	1068
			1390	1068
			1389	1068
			1388	1067
			1387	1067
			1386	1067
			1385	1067
			1384	1066
			1383	1066
			1382	1066
			1381	1066
			1380	1065
			1379	1065
			1378	1065
			1377	1065
			1376	1064
			1375	1064
			1374	1064
			1373	1064
			1372	1064
			1371	1063
			1370	1063
			1369	1063
			1368	1063
			1367	1062
			1366	1062
			1365	1062
			1364	1061
			1363	1061
			1362	1061
			1361	1061
			1360	1060
			1359	1060
			1358	1060
			1357	1059
			1356	1059
			1355	1059
			1354	1059
			1353	1058
			1352	1058
			1351	1058
			1350	1058
			1350	1057
			1349	1057
			1348	1057
			1347	1057
			1347	1056
			1346	1056
			1345	1056
			1344	1055
			1343	1054
			1342	1054
			1341	1053
			1340	1053
			1339	1052
			1338	1052
			1337	1052
			1337	1051
			1336	1051
			1335	1050
			1334	1050
			1333	1049
			1332	1049
			1331	1048
			1330	1048
			1330	1047
			1329	1047
			1328	1046
			1327	1046
			1326	1046
			1326	1045
			1325	1045
			1324	1044
			1323	1044
			1322	1043
			1321	1042
			1320	1042
			1319	1041
			1318	1041
			1317	1040
			1316	1040
			1315	1039
			1314	1039
			1313	1038
			1312	1038
			1312	1037
			1311	1036
			1310	1036
			1309	1035
			1308	1035
			1307	1034
			1306	1034
			1305	1033
			1304	1033
			1303	1032
			1302	1031
			1301	1031
			1301	1030
			1300	1030
			1299	1029
			1298	1029
			1297	1028
			1296	1028
			1295	1027
			1294	1026
			1293	1026
			1293	1025
			1292	1025
			1291	1024
			1290	1024
			1289	1023
			1288	1022
			1287	1022
			1286	1021
			1285	1021
			1285	1020
			1284	1020
			1283	1019
			1282	1018
			1281	1018
			1280	1017
			1279	1017
			1278	1016
			1278	1015
			1277	1015
			1276	1014
			1275	1014
			1274	1013
			1273	1012
			1272	1012
			1272	1011
			1271	1011
			1270	1010
			1269	1009
			1268	1009
			1267	1008
			1266	1007
			1265	1006
			1264	1006
			1263	1005
			1262	1004
			1261	1003
			1260	1003
			1259	1002
			1258	1001
			1257	1000
			1256	1000
			1255	999
			1254	998
			1253	998
			1252	997
			1251	996
			1250	995
			1249	995
			1248	994
			1247	993
			1246	992
			1245	991
			1244	991
			1243	990
			1242	989
			1241	988
			1240	988
			1239	987
			1238	986
			1238	985
			1237	985
			1236	984
			1235	983
			1234	982
			1233	981
			1232	981
			1231	980
			1230	979
			1229	978
			1228	978
			1227	977
			1226	976
			1226	975
			1225	974
			1224	974
			1223	973
			1222	972
			1221	971
			1220	970
			1219	970
			1218	969
			1217	968
			1217	967
			1216	966
			1215	966
			1214	965
			1213	964
			1212	963
			1211	962
			1210	961
			1209	960
			1208	959
			1207	958
			1206	957
			1205	956
			1204	955
			1203	954
			1202	953
			1201	952
			1200	951
			1199	950
			1198	949
			1197	948
			1196	947
			1195	946
			1194	945
			1193	944
			1192	943
			1191	942
			1190	941
			1189	940
			1188	939
			1188	938
			1187	938
			1186	937
			1186	936
			1185	936
			1185	935
			1184	935
			1184	934
			1183	933
			1182	933
			1182	932
			1181	931
			1180	930
			1179	929
			1178	928
			1177	927
			1177	926
			1176	925
			1175	924
			1174	923
			1173	922
			1172	921
			1172	920
			1171	919
			1170	918
			1169	917
			1168	916
			1168	915
			1167	915
			1166	914
			1165	913
			1165	912
			1164	911
			1163	910
			1162	909
			1162	908
			1161	907
			1160	906
			1159	905
			1159	904
			1158	903
			1157	902
			1156	901
			1156	900
			1155	899
			1154	898
			1154	897
			1153	896
			1152	895
			1151	894
			1151	893
			1150	892
			1149	891
			1149	890
			1148	889
			1147	888
			1146	887
			1146	886
			1145	885
			1144	884
			1144	883
			1143	882
			1142	881
			1142	880
			1141	879
			1140	878
			1140	877
			1139	876
			1138	875
			1138	874
			1137	873
			1136	872
			1136	871
			1135	870
			1134	869
			1134	868
			1133	867
			1132	866
			1132	865
			1131	864
			1131	863
			1130	862
			1129	861
			1129	860
			1128	859
			1127	858
			1127	857
			1126	856
			1126	855
			1125	854
			1124	853
			1124	852
			1123	851
			1123	850
			1122	849
			1122	848
			1121	848
			1121	847
			1121	846
			1120	846
			1120	845
			1120	844
			1119	844
			1119	843
			1118	842
			1118	841
			1117	840
			1117	839
			1116	838
			1116	837
			1115	836
			1115	835
			1114	834
			1114	833
			1113	832
			1113	831
			1112	830
			1112	829
			1111	828
			1111	827
			1110	826
			1110	825
			1109	825
			1109	824
			1108	823
			1108	822
			1107	821
			1107	820
			1107	819
			1106	818
			1106	817
			1105	816
			1105	815
			1104	814
			1104	813
			1103	812
			1103	811
			1103	810
			1102	809
			1102	808
			1101	807
			1101	806
			1100	805
			1100	804
			1100	803
			1099	802
			1099	801
			1098	800
			1098	799
			1097	798
			1097	797
			1096	796
			1096	795
			1096	794
			1095	793
			1095	792
			1094	791
			1094	790
			1093	789
			1093	788
			1093	787
			1092	786
			1092	785
			1092	784
			1091	784
			1091	783
			1091	782
			1090	781
			1090	780
			1090	779
			1089	778
			1089	777
			1088	776
			1088	775
			1088	774
			1087	773
			1087	772
			1087	771
			1086	770
			1086	769
			1086	768
			1085	767
			1085	766
			1085	765
			1084	764
			1084	763
			1084	762
			1083	761
			1083	760
			1083	759
			1082	759
			1082	758
			1082	757
			1082	756
			1081	755
			1081	754
			1081	753
			1080	752
			1080	751
			1080	750
			1079	749
			1079	748
			1079	747
			1079	746
			1078	745
			1078	744
			1078	743
			1077	742
			1077	741
			1077	740
			1077	739
			1077	738
			1077	737
			1077	736
			1077	735
			1077	734
			1077	733
			1076	732
			1076	731
			1076	730
			1076	729
			1076	728
			1076	727
			1076	726
			1076	725
			1076	724
			1076	723
			1076	722
			1076	721
			1076	720
			1076	719
			1076	718
			1076	717
			1076	716
			1076	715
			1076	714
			1076	713
			1076	712
			1076	711
			1076	710
			1076	709
			1076	708
			1076	707
			1076	706
			1076	705
			1076	704
			1076	703
			1076	702
			1076	701
			1076	700
			1075	699
			1075	698
			1075	697
			1075	696
			1075	695
			1075	694
			1075	693
			1075	692
			1075	691
			1075	690
			1075	689
			1076	688
			1076	687
			1076	686
			1076	685
			1076	684
			1076	683
			1076	682
			1076	681
			1076	680
			1076	679
			1076	678
			1076	677
			1076	676
			1076	675
			1076	674
			1076	673
			1076	672
			1076	671
			1076	670
			1076	669
			1076	668
			1076	667
			1076	666
			1076	665
			1076	664
			1076	663
			1076	662
			1076	661
			1076	660
			1076	659
			1076	658
			1076	657
			1077	656
			1077	655
			1077	654
			1077	653
			1077	652
			1077	651
			1077	650
			1077	649
			1077	648
			1077	647
			1077	646
			1077	645
			1077	644
			1077	643
			1077	642
			1078	641
			1078	640
			1078	639
			1078	638
			1078	637
			1078	636
			1078	635
			1078	634
			1078	633
			1078	632
			1078	631
			1079	630
			1079	629
			1079	628
			1079	627
			1079	626
			1079	625
			1079	624
			1079	623
			1079	622
			1079	621
			1080	620
			1080	619
			1080	618
			1080	617
			1080	616
			1080	615
			1080	614
			1080	613
			1080	612
			1081	611
			1081	610
			1081	609
			1081	608
			1081	607
			1081	606
			1081	605
			1082	604
			1082	603
			1082	602
			1082	601
			1082	600
			1082	599
			1082	598
			1083	597
			1083	596
			1083	595
			1083	594
			1083	593
			1083	592
			1083	591
			1084	590
			1084	589
			1084	588
			1084	587
			1084	586
			1084	585
			1085	584
			1085	583
			1085	582
			1085	581
			1085	580
			1086	579
			1086	578
			1086	577
			1086	576
			1086	575
			1086	574
			1087	573
			1087	572
			1087	571
			1087	570
			1087	569
			1088	568
			1088	567
			1088	566
			1088	565
			1088	564
			1089	563
			1089	562
			1089	561
			1089	560
			1090	559
			1090	558
			1090	557
			1090	556
			1090	555
			1091	554
			1091	553
			1091	552
			1091	551
			1091	550
			1092	549
			1092	548
			1092	547
			1092	546
			1093	545
			1093	544
			1093	543
			1093	542
			1094	541
			1094	540
			1094	539
			1094	538
			1095	537
			1095	536
			1095	535
			1095	534
			1096	534
			1096	533
			1096	532
			1096	531
			1097	530
			1097	529
			1097	528
			1097	527
			1098	526
			1098	525
			1098	524
			1099	523
			1099	522
			1099	521
			1099	520
			1100	519
			1100	518
			1100	517
			1100	516
			1101	515
			1101	514
			1101	513
			1102	512
			1102	511
			1102	510
			1103	510
			1103	509
			1103	508
			1103	507
			1104	506
			1104	505
			1104	504
			1105	503
			1105	502
			1105	501
			1106	500
			1106	499
			1106	498
			1107	497
			1107	496
			1107	495
			1107	494
			1108	493
			1108	492
			1109	491
			1109	490
			1109	489
			1110	488
			1110	487
			1110	486
			1111	485
			1111	484
			1112	483
			1112	482
			1112	481
			1113	480
			1113	479
			1113	478
			1114	477
			1114	476
			1115	475
			1115	474
			1115	473
			1116	472
			1116	471
			1116	470
			1117	469
			1117	468
			1118	467
			1118	466
			1118	465
			1119	465
			1119	464
			1119	463
			1120	462
			1120	461
			1121	460
			1121	459
			1121	458
			1122	457
			1122	456
			1123	455
			1123	454
			1123	453
			1124	452
			1124	451
			1125	450
			1125	449
			1126	448
			1126	447
			1127	446
			1127	445
			1128	444
			1128	443
			1129	442
			1129	441
			1129	440
			1130	439
			1130	438
			1131	437
			1131	436
			1132	435
			1132	434
			1133	433
			1133	432
			1134	431
			1134	430
			1135	429
			1135	428
			1136	427
			1136	426
			1136	425
			1137	424
			1137	423
			1138	422
			1139	421
			1139	420
			1140	419
			1140	418
			1141	417
			1141	416
			1142	415
			1142	414
			1143	413
			1143	412
			1144	411
			1145	410
			1145	409
			1146	408
			1146	407
			1147	406
			1147	405
			1148	404
			1148	403
			1149	402
			1149	401
			1150	400
			1150	399
			1151	398
			1152	397
			1152	396
			1153	395
			1153	394
			1154	393
			1154	392
			1155	391
			1156	390
			1156	389
			1157	389
			1157	388
			1158	387
			1158	386
			1159	385
			1160	384
			1160	383
			1161	382
			1161	381
			1162	380
			1162	379
			1163	378
			1164	377
			1164	376
			1165	375
			1165	374
			1166	373
			1167	372
			1167	371
			1168	370
			1169	370
			1169	369
			1170	368
			1170	367
			1171	366
			1172	365
			1172	364
			1173	363
			1173	362
			1174	361
			1175	360
			1175	359
			1176	358
			1177	357
			1177	356
			1178	355
			1179	355
			1179	354
			1180	353
			1181	352
			1181	351
			1182	350
			1182	349
			1183	348
			1184	347
			1184	346
			1185	345
			1186	344
			1186	343
			1187	343
			1188	342
			1188	341
			1189	340
			1190	339
			1191	338
			1191	337
			1192	336
			1193	335
			1193	334
			1194	333
			1195	332
			1196	332
			1197	331
			1198	330
			1199	329
			1200	328
			1201	327
			1202	326
			1203	325
			1204	325
			1204	324
			1205	324
			1206	323
			1207	322
			1208	321
			1209	320
			1210	320
			1211	319
			1212	318
			1213	318
			1214	317
			1214	316
			1215	316
			1216	315
			1217	314
			1218	314
			1219	313
			1220	312
			1221	311
			1222	310
			1223	309
			1224	309
			1225	308
			1226	307
			1227	306
			1228	306
			1229	305
			1230	304
			1231	304
			1232	303
			1233	302
			1234	301
			1235	301
			1236	300
			1237	299
			1238	299
			1238	298
			1239	298
			1240	297
			1241	297
			1241	296
			1242	296
			1243	295
			1244	295
			1244	294
			1245	294
			1246	293
			1247	293
			1247	292
			1248	292
			1249	291
			1250	291
			1250	290
			1251	290
			1252	289
			1253	289
			1253	288
			1254	288
			1255	287
			1256	287
			1256	286
			1257	286
			1258	285
			1259	285
			1259	284
			1260	284
			1261	283
			1262	283
			1262	282
			1263	282
			1264	281
			1265	281
			1265	280
			1266	280
			1267	280
			1268	279
			1269	278
			1270	278
			1271	277
			1272	276
			1273	276
			1274	275
			1275	275
			1275	274
			1276	274
			1277	273
			1278	273
			1279	272
			1280	272
			1281	271
			1282	271
			1283	270
			1284	270
			1285	269
			1286	268
			1287	267
			1288	267
			1289	266
			1290	266
			1291	265
			1292	265
			1293	264
			1294	264
			1295	263
			1296	263
			1297	262
			1298	262
			1299	261
			1300	261
			1301	260
			1302	260
			1303	259
			1304	259
			1305	258
			1306	258
			1307	257
			1308	257
			1309	256
			1310	256
			1311	255
			1312	254
			1313	254
			1314	254
			1315	253
			1316	253
			1317	252
			1318	252
			1319	251
			1320	251
			1321	250
			1322	250
			1323	249
			1324	249
			1325	248
			1326	248
			1327	247
			1328	247
			1329	246
			1330	246
			1331	246
			1332	245
			1333	245
			1334	244
			1335	244
			1336	243
			1337	243
			1338	243
			1339	242
			1340	242
			1341	241
			1342	241
			1343	240
			1344	240
			1345	240
			1346	239
			1347	239
			1348	238
			1349	238
			1350	238
			1351	237
			1352	237
			1353	236
			1354	236
			1355	236
			1356	235
			1357	235
			1358	235
			1359	234
			1360	234
			1361	234
			1362	233
			1363	233
			1364	233
			1365	232
			1366	232
			1367	232
			1368	231
			1369	231
			1370	231
			1371	230
			1372	230
			1373	230
			1373	229
			1374	229
			1375	229
			1376	229
			1377	228
			1378	228
			1379	228
			1380	227
			1381	227
			1382	227
			1383	226
			1384	226
			1385	226
			1386	225
			1387	225
			1388	225
			1389	225
			1390	224
			1391	224
			1392	224
			1393	223
			1394	223
			1395	223
			1396	223
			1397	222
			1398	222
			1399	222
			1400	222
			1401	221
			1402	221
			1403	221
			1404	221
			1404	220
			1405	220
			1406	220
			1407	220
			1408	220
			1409	219
			1410	219
			1411	219
			1412	219
			1413	218
			1414	218
			1415	218
			1416	218
			1417	218
			1418	217
			1419	217
			1420	217
			1421	217
			1422	216
			1423	216
			1424	216
			1425	216
			1426	216
			1427	215
			1428	215
			1429	215
			1430	215
			1431	215
			1432	215
			1433	214
			1434	214
			1435	214
			1436	214
			1437	214
			1438	214
			1438	213
			1439	213
			1440	213
			1441	213
			1442	213
			1443	213
			1444	212
			1445	212
			1446	212
			1447	212
			1448	212
			1449	212
			1450	212
			1451	211
			1452	211
			1453	211
			1454	211
			1455	211
			1456	211
			1457	211
			1458	210
			1459	210
			1460	210
			1461	210
			1462	210
			1463	210
			1464	210
			1465	210
			1466	210
			1467	209
			1468	209
			1469	209
			1470	209
			1471	209
			1472	209
			1473	209
			1474	209
			1475	209
			1476	209
			1477	209
			1478	209
			1479	208
			1480	208
			1481	208
			1482	208
			1483	208
			1484	208
			1485	208
			1486	208
			1487	208
			1488	208
			1489	208
			1490	208
			1491	208
			1492	208
			1493	208
			1494	208
			1495	207
			1496	207
			1497	207
			1498	207
			1499	207
			1500	207
			1501	207
			1502	207
			1503	207
			1504	207
			1505	207
			1506	207
			1507	207
			1508	207
			1509	207
			1510	207
			1511	207
			1512	207
			1513	207
			1514	207
			1515	207
			1516	207
			1517	207
			1518	207
			1519	207
			1520	207
			1521	207
			1522	207
			1523	207
			1524	207
			1525	207
			1526	207
			1527	207
			1528	207
			1529	207
			1530	207
			1531	207
			1532	207
			1533	207
			1534	208
			1535	208
			1536	208
			1537	208
			1538	208
			1539	208
			1540	208
			1541	208
			1542	208
			1543	208
			1544	208
			1545	208
			1546	208
			1547	208
			1548	208
			1549	208
			1550	209
			1551	209
			1552	209
			1553	209
			1554	209
			1555	209
			1556	209
			1557	209
			1558	209
			1559	209
			1560	209
			1561	209
			1562	210
			1563	210
			1564	210
			1565	210
			1566	210
			1567	210
			1568	210
			1569	210
			1570	210
			1571	211
			1572	211
			1573	211
			1574	211
			1575	211
			1576	211
			1577	211
			1578	211
			1579	212
			1580	212
			1581	212
			1582	212
			1583	212
			1584	212
			1585	212
			1586	213
			1587	213
			1588	213
			1589	213
			1590	213
			1591	213
			1592	213
			1593	214
			1594	214
			1595	214
			1596	214
			1597	214
			1598	214
			1598	215
			1599	215
			1600	215
			1601	215
			1602	215
			1603	215
			1604	216
			1605	216
			1606	216
			1607	216
			1608	216
			1609	217
			1610	217
			1611	217
			1612	217
			1613	217
			1614	217
			1615	218
			1616	218
			1617	218
			1618	218
			1619	218
			1620	219
			1621	219
			1622	219
			1623	219
			1624	220
			1625	220
			1626	220
			1627	220
			1628	220
			1629	221
			1630	221
			1631	221
			1632	221
			1633	222
			1634	222
			1635	222
			1636	222
			1637	223
			1638	223
			1639	223
			1640	223
			1641	224
			1642	224
			1643	224
			1644	224
			1644	225
			1645	225
			1646	225
			1647	225
			1648	225
			1649	226
			1650	226
			1651	226
			1652	227
			1653	227
			1654	227
			1655	227
			1656	228
			1657	228
			1658	228
			1659	229
			1660	229
			1661	229
			1662	229
			1663	230
			1664	230
			1665	230
			1666	231
			1667	231
			1668	231
			1669	231
			1669	232
			1670	232
			1671	232
			1672	232
			1673	233
			1674	233
			1675	233
			1676	234
			1677	234
			1678	234
			1679	235
			1680	235
			1681	235
			1682	236
			1683	236
			1684	236
			1685	237
			1686	237
			1687	237
			1688	238
			1689	238
			1690	238
			1691	239
			1692	239
			1693	239
			1694	240
			1695	240
			1696	240
			1697	241
			1698	241
			1699	242
			1700	242
			1701	242
			1702	243
			1703	243
			1704	243
			1705	244
			1706	244
			1707	244
			1708	245
			1709	245
			1710	246
			1711	246
			1712	246
			1713	247
			1714	247
			1715	247
			1716	248
			1717	248
			1718	249
			1719	249
			1720	249
			1721	250
			1722	250
			1723	250
			1724	251
			1725	251
			1726	252
			1727	252
			1728	252
			1729	253
			1730	253
			1731	254
			1732	254
			1733	254
			1734	255
			1735	255
			1736	256
			1737	256
			1738	256
			1739	257
			1740	257
			1741	258
			1742	258
			1743	259
			1744	259
			1745	260
			1746	260
			1747	260
			1747	261
			1748	261
			1749	261
			1749	262
			1750	262
			1751	262
			1751	263
			1752	263
			1753	263
			1754	264
			1755	264
			1756	265
			1757	265
			1758	266
			1759	266
			1760	267
			1761	267
			1762	268
			1763	268
			1764	268
			1765	269
			1766	269
			1767	270
			1768	270
			1769	271
			1770	271
			1771	272
			1772	273
			1773	273
			1774	273
			1774	274
			1775	274
			1776	274
			1776	275
			1777	275
			1778	276
			1779	276
			1780	277
			1781	277
			1782	278
			1783	278
			1783	279
			1784	279
			1785	279
			1786	280
			1787	280
			1787	281
			1788	281
			1789	282
			1790	282
			1790	283
			1791	283
			1792	283
			1793	284
			1794	285
			1795	285
			1796	286
			1797	286
			1798	287
			1799	287
			1800	288
			1801	288
			1801	289
			1802	290
			1803	290
			1804	291
			1805	291
			1806	292
			1807	292
			1808	293
			1809	293
			1809	294
			1810	295
			1811	295
			1812	296
			1813	296
			1814	297
			1815	297
			1816	298
			1816	299
			1817	299
			1818	300
			1819	300
			1820	301
			1821	301
			1822	302
			1822	303
			1823	303
			1824	304
			1825	304
			1826	305
			1827	305
			1827	306
			1828	307
			1829	307
			1830	308
			1831	308
			1832	309
			1832	310
			1833	310
			1834	311
			1835	311
			1836	312
			1837	313
			1838	314
			1839	315
			1840	315
			1841	316
			1842	317
			1843	318
			1844	318
			1845	319
			1846	320
			1847	321
			1848	321
			1849	322
			1850	323
			1851	324
			1852	324
			1852	325
			1853	326
			1854	327
			1855	327
			1856	328
			1857	329
			1858	330
			1859	331
			1860	331
			1861	332
			1862	333
			1863	334
			1863	335
			1864	335
			1865	336
			1866	337
			1867	338
			1868	339
			1869	339
			1870	340
			1871	341
			1871	342
			1872	343
			1873	343
			1874	344
			1875	345
			1876	346
			1877	347
			1877	348
			1878	348
			1879	349
			1880	350
			1881	351
			1882	352
			1882	353
			1883	353
			1884	354
			1885	355
			1886	356
			1887	357
			1887	358
			1888	359
			1889	359
			1890	360
			1891	361
			1892	362
			1892	363
			1893	364
			1894	365
			1895	366
			1896	367
			1897	368
			1898	369
			1899	370
			1899	371
			1900	371
			1900	372
			1901	373
			1902	373
			1902	374
			1903	375
			1904	376
			1905	377
			1905	378
			1906	379
			1907	380
			1908	381
			1909	382
			1910	383
			1910	384
			1911	385
			1912	386
			1913	387
			1913	388
			1914	389
			1915	390
			1916	391
			1916	392
			1917	393
			1918	394
			1919	395
			1919	396
			1920	397
			1921	398
			1921	399
			1922	400
			1923	401
			1924	402
			1924	403
			1925	404
			1926	405
			1926	406
			1927	407
			1928	408
			1928	409
			1929	410
			1930	411
			1931	412
			1931	413
			1932	414
			1933	415
			1933	416
			1934	417
			1935	418
			1935	419
			1936	420
			1936	421
			1937	422
			1938	423
			1938	424
			1939	425
			1939	426
			1940	426
			1940	427
			1940	428
			1941	428
			1941	429
			1941	430
			1942	430
			1942	431
			1943	431
			1943	432
			1943	433
			1944	433
			1944	434
			1944	435
			1945	435
			1945	436
			1946	437
			1946	438
			1947	439
			1947	440
			1948	441
			1948	442
			1949	442
			1949	443
			1950	444
			1950	445
			1950	446
			1951	446
			1951	447
			1952	448
			1952	449
			1952	450
			1953	450
			1953	451
			1954	452
			1954	453
			1954	454
			1955	454
			1955	455
			1956	456
			1956	457
			1956	458
			1957	459
			1958	460
			1958	461
			1959	462
			1959	463
			1960	464
			1960	465
			1960	466
			1961	467
			1961	468
			1962	469
			1962	470
			1963	471
			1963	472
			1964	473
			1964	474
			1964	475
			1965	476
			1965	477
			1966	478
			1966	479
			1967	480
			1967	481
			1967	482
			1968	483
			1968	484
			1969	485
			1969	486
			1969	487
			1970	488
			1970	489
			1971	490
			1971	491
			1971	492
			1972	493
			1972	494
			1973	495
			1973	496
			1973	497
			1973	498
			1974	498
			1974	499
			1974	500
			1975	501
			1975	502
			1975	503
			1976	504
			1976	505
			1976	506
			1977	507
			1977	508
			1977	509
			1978	509
			1978	510
			1978	511
			1978	512
			1979	513
			1979	514
			1979	515
			1980	516
			1980	517
			1980	518
			1981	519
			1981	520
			1981	521
			1981	522
			1982	523
			1982	524
			1983	525
			1983	526
			1983	527
			1983	528
			1984	529
			1984	530
			1984	531
			1985	532
			1985	533
			1985	534
			1985	535
			1986	536
			1986	537
			1986	538
			1987	539
			1987	540
			1987	541
			1987	542
			1988	543
			1988	544
			1988	545
			1988	546
			1989	547
			1989	548
			1989	549
			1989	550
			1990	551
			1990	552
			1990	553
			1990	554
			1991	555
			1991	556
			1991	557
			1991	558
			1991	559
			1992	560
			1992	561
			1992	562
			1992	563
			1992	564
			1993	565
			1993	566
			1993	567
			1993	568
			1993	569
			1994	570
			1994	571
			1994	572
			1994	573
			1994	574
			1995	574
			1995	575
			1995	576
			1995	577
			1995	578
			1995	579
			1996	580
			1996	581
			1996	582
			1996	583
			1996	584
			1996	585
			1996	586
			1996	587
			1996	588
			1995	589
			1995	590
			1995	591
			1995	592
			1995	593
			1995	594
			1995	595
			1995	596
			1995	597
			1995	598
			1995	599
			1994	600
			1994	601
			1994	602
			1994	603
			1994	604
			1994	605
			1994	606
			1994	607
			1994	608
			1994	609
			1993	610
			1993	611
			1993	612
			1993	613
			1993	614
			1993	615
			1993	616
			1993	617
			1993	618
			1992	619
			1992	620
			1992	621
			1992	622
			1992	623
			1992	624
			1992	625
			1992	626
			1992	627
			1991	628
			1991	629
			1991	630
			1991	631
			1991	632
			1991	633
			1991	634
			1991	635
			1990	636
			1990	637
			1990	638
			1990	639
			1990	640
			1990	641
			1990	642
			1989	643
			1989	644
			1989	645
			1989	646
			1989	647
			1989	648
			1989	649
			1988	649
			1988	650
			1988	651
			1988	652
			1988	653
			1988	654
			1988	655
			1987	656
			1987	657
			1987	658
			1987	659
			1987	660
			1987	661
			1986	662
			1986	663
			1986	664
			1986	665
			1986	666
			1986	667
			1985	668
			1985	669
			1985	670
			1985	671
			1985	672
			1985	673
			1984	674
			1984	675
			1984	676
			1984	677
			1984	678
			1983	679
			1983	680
			1983	681
			1983	682
			1983	683
			1983	684
			1982	685
			1982	686
			1982	687
			1982	688
			1982	689
			1981	690
			1981	691
			1981	692
			1981	693
			1980	694
			1980	695
			1980	696
			1980	697
			1980	698
			1979	699
			1979	700
			1979	701
			1979	702
			1979	703
			1978	704
			1978	705
			1978	706
			1978	707
			1977	708
			1977	709
			1977	710
			1977	711
			1977	712
			1976	713
			1976	714
			1976	715
			1975	716
			1975	717
			1975	718
			1975	719
			1975	720
			1974	721
			1974	722
			1974	723
			1974	724
			1973	725
			1973	726
			1973	727
			1973	728
			1972	729
			1972	730
			1972	731
			1972	732
			1971	733
			1971	734
			1971	735
			1970	736
			1970	737
			1970	738
			1970	739
			1969	740
			1969	741
			1969	742
			1969	743
			1968	744
			1968	745
			1968	746
			1968	747
			1967	748
			1967	749
			1966	750
			1966	751
			1966	752
			1966	753
			1965	754
			1965	755
			1965	756
			1965	757
			1964	758
			1964	759
			1964	760
			1963	761
			1963	762
			1963	763
			1962	764
			1962	765
			1962	766
			1961	767
			1961	768
			1961	769
			1960	770
			1960	771
			1960	772
			1959	773
			1959	774
			1959	775
			1959	776
			1958	777
			1958	778
			1958	779
			1957	780
			1957	781
			1956	782
			1956	783
			1956	784
			1955	785
			1955	786
			1955	787
			1954	788
			1954	789
			1953	790
			1953	791
			1953	792
			1952	793
			1952	794
			1952	795
			1951	796
			1951	797
			1951	798
			1950	799
			1950	800
			1949	801
			1949	802
			1949	803
			1948	804
			1948	805
			1948	806
			1947	807
			1947	808
			1946	809
			1946	810
			1946	811
			1945	812
			1945	813
			1944	814
			1944	815
			1943	816
			1943	817
			1943	818
			1942	819
			1942	820
			1941	821
			1941	822
			1940	823
			1940	824
			1940	825
			1939	826
			1939	827
			1938	828
			1938	829
			1938	830
			1937	831
			1937	832
			1936	833
			1936	834
			1935	835
			1935	836
			1934	837
			1934	838
			1934	839
			1933	840
			1932	841
			1932	842
			1932	843
			1931	843
			1931	844
			1931	845
			1930	845
			1930	846
			1930	847
			1929	848
			1929	849
			1928	850
			1928	851
			1927	852
			1927	853
			1926	853
			1926	854
			1926	855
			1925	856
			1925	857
			1924	857
			1924	858
			1924	859
			1923	860
			1923	861
			1922	861
			1922	862
			1922	863
			1921	864
			1921	865
			1920	865
			1920	866
			1919	867
			1919	868
			1919	869
			1918	869
			1918	870
			1917	871
			1917	872
			1916	873
			1916	874
			1915	875
			1915	876
			1914	877
			1913	878
			1913	879
			1912	880
			1912	881
			1911	882
			1911	883
			1910	883
			1910	884
			1909	885
			1909	886
			1908	887
			1908	888
			1907	889
			1907	890
			1906	891
			1905	892
			1905	893
			1904	894
			1903	895
			1903	896
			1902	897
			1902	898
			1901	899
			1900	900
			1900	901
			1899	902
			1899	903
			1898	904
			1897	905
			1896	906
			1896	907
			1895	908
			1895	909
			1894	910
			1894	911
			1893	912
			1892	913
			1891	914
			1890	915
			1890	916
			1889	917
			1889	918
			1888	918
			1888	919
			1887	920
			1887	921
			1886	922
			1885	923
			1885	924
			1884	925
			1883	925
			1883	926
			1882	927
			1882	928
			1881	928
			1881	929
			1880	930
			1880	931
			1879	931
			1879	932
			1878	933
			1877	934
			1876	935
			1876	936
			1875	937
			1874	938
			1874	939
			1873	940
			1872	941
			1871	942
			1870	943
			1869	944
			1869	945
			1868	946
			1867	947
			1866	948
			1866	949
			1865	950
			1864	951
			1863	952
			1862	953
			1862	954
			1861	955
			1860	956
			1859	957
			1858	958
			1857	959
			1856	960
			1856	961
			1855	962
			1854	963
			1853	964
			1852	965
			1852	966
			1851	967
			1850	967
			1850	968
			1849	969
			1848	970
			1847	971
			1846	972
			1845	973
			1844	974
			1844	975
			1843	976
			1842	976
			1841	977
			1840	978
			1840	979
			1839	980
			1838	981
			1837	982
			1836	983
			1835	983
			1835	984
			1834	985
			1833	986
			1832	987
			1831	988
			1830	989
			1829	990
			1828	991
		</Eye>
	</curves.pixel>
	<ruler.points type=matrix rownames=TRUE colnames=FALSE nrow=2 ncol=2 as.numeric=TRUE >
		Ruler point 1	2	1894
		Ruler point 2	104	1894
	</ruler.points>
</shapes>

