<shapes type=list>
	<scaling type=logical names=FALSE length=1 as.numeric=FALSE >NA</scaling>
	<landmarks.pixel type=matrix rownames=TRUE colnames=FALSE nrow=11 ncol=2 as.numeric=TRUE >
		LM1Forehead	1575	381
		LM2UJFront	2039	1439
		LM3UJBack	1462	1534
		LM4LacOrb	1545	1053
		LM5QJoint	1460	1588
		LM6IOPL	1451	1674
		LM7IOPSOP	441	1650
		LM8A2A1	759	1250
		LM9A1A3	716	882
		LM10TopMuscR	609	658
		LM11TopMuscL	186	563
	</landmarks.pixel>
	<curves.control type=list>
		<Profile type=matrix rownames=FALSE colnames=FALSE nrow=7 ncol=2 as.numeric=TRUE >
			1575	381
			1827	581
			2022	771
			2213	1010
			2278	1279
			2169	1521
			2039	1439
		</Profile>
		<Eye type=matrix rownames=FALSE colnames=FALSE nrow=13 ncol=2 as.numeric=TRUE >
			1545	1053
			1349	1222
			1080	1123
			855	1010
			842	758
			876	481
			1076	412
			1345	329
			1532	498
			1657	624
			1662	789
			1657	953
			1545	1053
		</Eye>
	</curves.control>
	<curves.pixel type=list>
		<Profile type=matrix rownames=FALSE colnames=FALSE nrow=1306 ncol=2 as.numeric=TRUE >
			1575	381
			1576	382
			1577	383
			1578	383
			1579	384
			1580	385
			1581	386
			1582	387
			1583	387
			1584	388
			1585	389
			1586	390
			1587	391
			1588	391
			1589	392
			1590	393
			1591	394
			1592	395
			1593	395
			1594	396
			1595	397
			1596	398
			1597	399
			1598	399
			1599	400
			1600	401
			1601	402
			1602	403
			1603	403
			1604	404
			1605	405
			1606	406
			1607	407
			1608	407
			1609	408
			1610	409
			1611	410
			1612	411
			1613	411
			1614	412
			1615	413
			1616	414
			1617	415
			1618	415
			1619	416
			1620	417
			1621	418
			1622	419
			1623	419
			1624	420
			1625	421
			1626	422
			1627	423
			1628	423
			1629	424
			1630	425
			1631	426
			1632	426
			1633	427
			1634	428
			1635	429
			1636	430
			1637	430
			1638	431
			1639	432
			1640	433
			1641	434
			1642	434
			1643	435
			1643	436
			1644	437
			1645	438
			1646	438
			1647	439
			1648	440
			1649	441
			1650	442
			1651	442
			1652	443
			1653	444
			1654	445
			1655	446
			1656	446
			1657	447
			1658	448
			1659	449
			1660	450
			1661	450
			1662	451
			1663	452
			1664	453
			1665	453
			1666	454
			1667	455
			1668	456
			1669	457
			1670	457
			1671	458
			1672	459
			1673	460
			1674	461
			1675	461
			1675	462
			1676	463
			1677	464
			1678	465
			1679	465
			1680	466
			1681	467
			1682	468
			1683	469
			1684	469
			1685	470
			1686	471
			1687	472
			1688	473
			1689	473
			1690	474
			1691	475
			1692	476
			1693	476
			1694	477
			1695	478
			1696	479
			1697	480
			1698	481
			1699	482
			1700	482
			1700	483
			1701	483
			1702	484
			1703	485
			1704	486
			1705	487
			1706	488
			1707	488
			1708	489
			1709	490
			1710	491
			1711	492
			1712	493
			1713	493
			1714	494
			1715	495
			1716	496
			1717	497
			1718	498
			1719	498
			1720	499
			1721	500
			1722	501
			1723	502
			1724	502
			1725	503
			1726	504
			1727	505
			1728	506
			1729	507
			1730	507
			1731	508
			1732	509
			1733	510
			1734	511
			1735	511
			1735	512
			1736	513
			1737	514
			1738	515
			1739	515
			1740	516
			1741	517
			1742	518
			1743	519
			1744	520
			1745	520
			1746	521
			1747	522
			1748	523
			1749	524
			1750	524
			1751	525
			1752	526
			1753	527
			1754	528
			1755	529
			1756	529
			1757	530
			1758	531
			1759	532
			1760	533
			1761	534
			1762	535
			1763	535
			1763	536
			1764	537
			1765	537
			1766	538
			1767	539
			1768	540
			1769	541
			1770	541
			1771	542
			1772	543
			1772	544
			1773	544
			1774	545
			1775	546
			1776	546
			1776	547
			1777	548
			1778	549
			1779	549
			1780	550
			1781	551
			1782	552
			1783	553
			1784	554
			1785	555
			1786	555
			1787	556
			1788	557
			1789	558
			1790	559
			1791	560
			1792	560
			1793	561
			1794	562
			1795	563
			1796	564
			1797	565
			1798	565
			1799	566
			1800	567
			1801	568
			1802	569
			1803	570
			1804	571
			1805	571
			1805	572
			1806	573
			1807	574
			1808	575
			1809	576
			1810	576
			1811	577
			1812	578
			1813	579
			1814	580
			1815	581
			1816	581
			1817	582
			1818	583
			1819	584
			1820	585
			1821	586
			1822	586
			1823	587
			1824	588
			1825	589
			1826	590
			1827	591
			1828	591
			1829	592
			1829	593
			1830	594
			1831	595
			1832	596
			1833	596
			1834	597
			1835	598
			1836	599
			1837	600
			1838	601
			1839	602
			1840	602
			1841	603
			1842	604
			1843	605
			1844	606
			1845	607
			1846	607
			1847	608
			1847	609
			1848	610
			1849	611
			1850	612
			1851	612
			1852	613
			1853	614
			1854	615
			1855	616
			1856	617
			1857	617
			1858	618
			1859	619
			1860	620
			1861	621
			1862	622
			1863	623
			1864	624
			1865	624
			1865	625
			1866	626
			1867	626
			1867	627
			1868	627
			1869	628
			1869	629
			1870	629
			1871	630
			1872	631
			1873	632
			1874	633
			1875	634
			1876	634
			1877	635
			1877	636
			1878	637
			1879	637
			1880	638
			1881	639
			1882	640
			1883	641
			1884	642
			1885	643
			1886	644
			1887	644
			1888	645
			1889	646
			1890	647
			1891	648
			1892	649
			1893	650
			1894	650
			1895	651
			1896	652
			1897	653
			1897	654
			1898	655
			1899	656
			1900	656
			1901	657
			1902	658
			1903	659
			1904	660
			1905	661
			1906	662
			1907	663
			1908	663
			1909	664
			1910	665
			1911	666
			1912	667
			1913	668
			1913	669
			1914	669
			1915	670
			1916	671
			1917	672
			1918	673
			1919	674
			1920	675
			1921	675
			1922	676
			1923	677
			1924	678
			1925	679
			1926	680
			1927	681
			1928	682
			1929	683
			1930	684
			1931	685
			1932	686
			1933	687
			1934	687
			1935	688
			1936	689
			1936	690
			1937	690
			1938	691
			1939	692
			1940	693
			1941	694
			1942	695
			1943	696
			1944	697
			1945	698
			1946	699
			1947	699
			1948	700
			1949	701
			1950	702
			1951	703
			1952	704
			1953	705
			1954	706
			1955	707
			1956	708
			1957	709
			1958	710
			1959	711
			1960	712
			1961	713
			1962	714
			1963	714
			1964	715
			1965	716
			1965	717
			1966	717
			1967	718
			1968	719
			1969	720
			1969	721
			1970	721
			1971	722
			1972	723
			1973	724
			1974	725
			1975	726
			1976	727
			1977	728
			1978	729
			1979	730
			1980	731
			1981	732
			1982	732
			1983	733
			1984	734
			1985	735
			1986	736
			1987	737
			1988	738
			1989	739
			1990	740
			1991	741
			1992	742
			1993	743
			1994	744
			1995	745
			1996	746
			1997	747
			1998	748
			1999	749
			2000	749
			2000	750
			2001	751
			2002	752
			2003	753
			2004	753
			2005	754
			2005	755
			2006	756
			2007	756
			2008	757
			2009	758
			2009	759
			2010	760
			2011	760
			2012	761
			2013	762
			2014	763
			2014	764
			2015	764
			2016	765
			2017	766
			2018	767
			2019	768
			2020	769
			2021	770
			2022	771
			2023	772
			2024	773
			2024	774
			2025	774
			2025	775
			2026	776
			2026	777
			2027	777
			2028	778
			2028	779
			2029	779
			2029	780
			2030	781
			2030	782
			2031	782
			2032	783
			2032	784
			2033	784
			2033	785
			2034	786
			2034	787
			2035	787
			2035	788
			2036	789
			2037	789
			2037	790
			2038	791
			2038	792
			2039	792
			2039	793
			2040	794
			2041	795
			2042	796
			2042	797
			2043	798
			2044	799
			2044	800
			2045	800
			2046	801
			2046	802
			2047	803
			2048	804
			2048	805
			2049	806
			2050	807
			2051	808
			2052	809
			2052	810
			2053	811
			2054	812
			2055	813
			2055	814
			2056	815
			2057	816
			2058	817
			2058	818
			2059	819
			2060	820
			2060	821
			2061	821
			2061	822
			2062	823
			2062	824
			2063	824
			2063	825
			2064	826
			2065	827
			2066	828
			2066	829
			2067	830
			2068	831
			2068	832
			2069	833
			2070	834
			2070	835
			2071	835
			2071	836
			2072	837
			2073	838
			2073	839
			2074	840
			2075	841
			2075	842
			2076	843
			2077	844
			2078	845
			2079	846
			2079	847
			2080	848
			2080	849
			2081	850
			2082	851
			2082	852
			2083	853
			2084	853
			2084	854
			2085	855
			2085	856
			2086	857
			2087	858
			2087	859
			2088	860
			2089	861
			2089	862
			2090	863
			2091	864
			2091	865
			2092	866
			2093	867
			2093	868
			2094	869
			2095	870
			2096	871
			2096	872
			2097	873
			2098	874
			2098	875
			2099	876
			2099	877
			2100	878
			2101	879
			2102	880
			2102	881
			2103	882
			2104	883
			2104	884
			2105	885
			2106	886
			2106	887
			2107	888
			2107	889
			2108	890
			2109	891
			2109	892
			2110	893
			2111	894
			2111	895
			2112	896
			2113	897
			2113	898
			2114	899
			2114	900
			2115	901
			2116	902
			2116	903
			2117	904
			2118	905
			2118	906
			2119	907
			2119	908
			2120	909
			2121	910
			2121	911
			2122	912
			2123	913
			2123	914
			2124	915
			2124	916
			2125	917
			2126	918
			2126	919
			2127	920
			2127	921
			2128	922
			2129	923
			2129	924
			2130	925
			2130	926
			2131	927
			2132	928
			2132	929
			2133	930
			2133	931
			2134	932
			2135	932
			2135	933
			2136	934
			2136	935
			2137	936
			2138	937
			2138	938
			2139	939
			2139	940
			2140	941
			2141	942
			2141	943
			2142	944
			2142	945
			2143	946
			2143	947
			2144	948
			2145	949
			2145	950
			2146	951
			2146	952
			2147	953
			2147	954
			2148	955
			2149	956
			2149	957
			2150	958
			2150	959
			2151	960
			2151	961
			2152	962
			2153	963
			2153	964
			2154	965
			2154	966
			2155	967
			2155	968
			2156	969
			2157	970
			2157	971
			2158	972
			2158	973
			2159	974
			2159	975
			2160	976
			2160	977
			2161	978
			2162	979
			2162	980
			2163	981
			2163	982
			2164	983
			2164	984
			2165	985
			2165	986
			2166	987
			2166	988
			2167	989
			2167	990
			2168	991
			2169	992
			2169	993
			2169	994
			2170	995
			2170	996
			2171	997
			2172	998
			2172	999
			2172	1000
			2173	1001
			2174	1002
			2174	1003
			2175	1004
			2175	1005
			2176	1006
			2176	1007
			2177	1008
			2177	1009
			2177	1010
			2178	1010
			2178	1011
			2179	1012
			2179	1013
			2180	1014
			2180	1015
			2181	1016
			2181	1017
			2182	1018
			2182	1019
			2183	1020
			2183	1021
			2184	1022
			2184	1023
			2185	1024
			2185	1025
			2186	1026
			2186	1027
			2187	1028
			2187	1029
			2188	1030
			2188	1031
			2189	1032
			2189	1033
			2190	1034
			2190	1035
			2190	1036
			2191	1036
			2191	1037
			2192	1038
			2192	1039
			2193	1040
			2193	1041
			2193	1042
			2194	1043
			2194	1044
			2195	1045
			2195	1046
			2196	1046
			2196	1047
			2197	1048
			2197	1049
			2197	1050
			2198	1051
			2198	1052
			2199	1053
			2199	1054
			2199	1055
			2200	1056
			2200	1057
			2201	1057
			2201	1058
			2202	1059
			2202	1060
			2202	1061
			2203	1062
			2203	1063
			2204	1064
			2204	1065
			2205	1066
			2205	1067
			2205	1068
			2206	1068
			2206	1069
			2207	1070
			2207	1071
			2207	1072
			2208	1073
			2208	1074
			2209	1075
			2209	1076
			2209	1077
			2210	1078
			2210	1079
			2211	1079
			2211	1080
			2211	1081
			2212	1082
			2212	1083
			2213	1084
			2213	1085
			2213	1086
			2214	1087
			2214	1088
			2215	1089
			2215	1090
			2215	1091
			2216	1091
			2216	1092
			2217	1093
			2217	1094
			2217	1095
			2218	1096
			2218	1097
			2219	1098
			2219	1099
			2219	1100
			2220	1101
			2220	1102
			2220	1103
			2221	1103
			2221	1104
			2222	1105
			2222	1106
			2222	1107
			2223	1108
			2223	1109
			2224	1110
			2224	1111
			2224	1112
			2225	1113
			2225	1114
			2225	1115
			2226	1116
			2227	1117
			2227	1118
			2227	1119
			2228	1120
			2228	1121
			2228	1122
			2229	1123
			2229	1124
			2229	1125
			2230	1125
			2230	1126
			2230	1127
			2231	1128
			2231	1129
			2232	1130
			2232	1131
			2232	1132
			2233	1133
			2233	1134
			2233	1135
			2234	1136
			2234	1137
			2234	1138
			2235	1139
			2235	1140
			2236	1141
			2236	1142
			2236	1143
			2237	1144
			2237	1145
			2237	1146
			2238	1147
			2238	1148
			2238	1149
			2239	1150
			2239	1151
			2240	1152
			2240	1153
			2240	1154
			2241	1155
			2241	1156
			2241	1157
			2242	1158
			2242	1159
			2243	1160
			2243	1161
			2243	1162
			2243	1163
			2244	1163
			2244	1164
			2244	1165
			2245	1166
			2245	1167
			2245	1168
			2246	1168
			2246	1169
			2246	1170
			2246	1171
			2247	1172
			2247	1173
			2248	1174
			2248	1175
			2248	1176
			2249	1177
			2249	1178
			2249	1179
			2250	1180
			2250	1181
			2250	1182
			2251	1183
			2251	1184
			2251	1185
			2252	1186
			2252	1187
			2252	1188
			2252	1189
			2253	1190
			2253	1191
			2253	1192
			2254	1193
			2254	1194
			2254	1195
			2255	1196
			2255	1197
			2256	1198
			2256	1199
			2256	1200
			2256	1201
			2257	1202
			2257	1203
			2257	1204
			2257	1205
			2258	1206
			2258	1207
			2259	1208
			2259	1209
			2259	1210
			2260	1211
			2260	1212
			2260	1213
			2260	1214
			2261	1215
			2261	1216
			2261	1217
			2261	1218
			2262	1218
			2262	1219
			2262	1220
			2262	1221
			2263	1221
			2263	1222
			2263	1223
			2263	1224
			2264	1225
			2264	1226
			2264	1227
			2264	1228
			2265	1229
			2265	1230
			2265	1231
			2266	1232
			2266	1233
			2266	1234
			2267	1235
			2267	1236
			2267	1237
			2267	1238
			2268	1239
			2268	1240
			2268	1241
			2268	1242
			2269	1243
			2269	1244
			2269	1245
			2270	1246
			2270	1247
			2270	1248
			2270	1249
			2271	1250
			2271	1251
			2271	1252
			2271	1253
			2272	1254
			2272	1255
			2272	1256
			2272	1257
			2273	1258
			2273	1259
			2273	1260
			2273	1261
			2274	1262
			2274	1263
			2274	1264
			2275	1265
			2275	1266
			2275	1267
			2275	1268
			2276	1269
			2276	1270
			2276	1271
			2276	1272
			2277	1273
			2277	1274
			2277	1275
			2277	1276
			2278	1277
			2278	1278
			2278	1279
			2278	1280
			2277	1281
			2277	1282
			2276	1283
			2276	1284
			2275	1285
			2275	1286
			2274	1287
			2274	1288
			2273	1289
			2273	1290
			2272	1291
			2272	1292
			2271	1293
			2271	1294
			2271	1295
			2270	1296
			2270	1297
			2269	1298
			2269	1299
			2268	1300
			2268	1301
			2267	1302
			2267	1303
			2266	1304
			2266	1305
			2265	1306
			2265	1307
			2264	1308
			2264	1309
			2263	1310
			2263	1311
			2262	1312
			2262	1313
			2261	1314
			2261	1315
			2260	1316
			2260	1317
			2259	1318
			2258	1319
			2258	1320
			2257	1321
			2257	1322
			2256	1323
			2256	1324
			2255	1325
			2255	1326
			2254	1327
			2254	1328
			2253	1329
			2253	1330
			2252	1331
			2252	1332
			2251	1333
			2251	1334
			2250	1335
			2250	1336
			2249	1337
			2248	1338
			2248	1339
			2247	1340
			2247	1341
			2246	1342
			2245	1343
			2245	1344
			2245	1345
			2244	1346
			2243	1347
			2243	1348
			2242	1349
			2242	1350
			2241	1351
			2240	1352
			2240	1353
			2239	1353
			2239	1354
			2238	1355
			2238	1356
			2237	1357
			2237	1358
			2236	1359
			2236	1360
			2235	1360
			2235	1361
			2234	1362
			2233	1363
			2233	1364
			2232	1365
			2231	1366
			2231	1367
			2230	1368
			2229	1369
			2229	1370
			2228	1371
			2227	1372
			2227	1373
			2226	1374
			2225	1375
			2225	1376
			2224	1377
			2224	1378
			2223	1379
			2222	1380
			2222	1381
			2221	1382
			2220	1382
			2220	1383
			2219	1384
			2218	1385
			2218	1386
			2217	1387
			2216	1388
			2216	1389
			2215	1390
			2214	1390
			2214	1391
			2213	1392
			2212	1393
			2212	1394
			2211	1395
			2210	1395
			2210	1396
			2209	1397
			2208	1398
			2208	1399
			2207	1400
			2206	1400
			2206	1401
			2205	1402
			2204	1403
			2203	1404
			2202	1405
			2201	1406
			2201	1407
			2200	1408
			2199	1409
			2198	1410
			2197	1410
			2197	1411
			2196	1412
			2195	1413
			2194	1414
			2193	1415
			2193	1416
			2192	1416
			2191	1417
			2190	1418
			2189	1419
			2189	1420
			2188	1420
			2187	1421
			2186	1422
			2185	1423
			2184	1424
			2183	1425
			2182	1426
			2181	1427
			2180	1428
			2179	1428
			2178	1429
			2177	1430
			2176	1431
			2175	1432
			2174	1432
			2173	1433
			2172	1434
			2171	1435
			2170	1435
			2169	1436
			2168	1437
			2167	1438
			2166	1438
			2165	1439
			2164	1440
			2163	1440
			2162	1441
			2161	1442
			2160	1442
			2159	1443
			2158	1443
			2157	1444
			2156	1445
			2155	1445
			2154	1446
			2153	1446
			2152	1447
			2151	1447
			2150	1448
			2149	1448
			2148	1449
			2147	1449
			2146	1450
			2145	1450
			2144	1451
			2143	1451
			2142	1452
			2141	1452
			2140	1452
			2139	1453
			2138	1453
			2137	1454
			2136	1454
			2135	1454
			2134	1455
			2133	1455
			2132	1455
			2131	1456
			2130	1456
			2129	1456
			2128	1456
			2127	1457
			2126	1457
			2125	1457
			2124	1457
			2123	1458
			2122	1458
			2121	1458
			2120	1458
			2119	1458
			2118	1459
			2117	1459
			2116	1459
			2115	1459
			2114	1459
			2113	1459
			2112	1459
			2111	1459
			2110	1460
			2109	1460
			2108	1460
			2107	1460
			2106	1460
			2105	1460
			2104	1460
			2103	1460
			2102	1460
			2101	1460
			2100	1460
			2099	1460
			2098	1460
			2097	1460
			2096	1459
			2095	1459
			2094	1459
			2093	1459
			2092	1459
			2091	1459
			2090	1459
			2089	1459
			2088	1458
			2087	1458
			2086	1458
			2085	1458
			2084	1458
			2083	1458
			2082	1457
			2081	1457
			2080	1457
			2079	1457
			2078	1457
			2077	1456
			2076	1456
			2075	1456
			2074	1455
			2073	1455
			2072	1455
			2071	1454
			2070	1454
			2069	1454
			2068	1453
			2067	1453
			2066	1453
			2065	1452
			2064	1452
			2063	1451
			2062	1451
			2061	1451
			2060	1450
			2059	1450
			2058	1449
			2057	1449
			2056	1449
			2055	1448
			2054	1448
			2053	1447
			2052	1447
			2052	1446
			2051	1446
			2050	1445
			2049	1445
			2048	1444
			2047	1444
			2046	1443
			2045	1443
			2044	1442
			2043	1441
			2042	1441
			2041	1440
			2040	1440
			2039	1439
		</Profile>
		<Eye type=matrix rownames=FALSE colnames=FALSE nrow=2358 ncol=2 as.numeric=TRUE >
			1545	1053
			1544	1054
			1543	1055
			1542	1055
			1541	1056
			1540	1057
			1539	1058
			1538	1059
			1537	1059
			1537	1060
			1536	1061
			1535	1062
			1534	1062
			1533	1063
			1532	1064
			1531	1065
			1530	1066
			1529	1066
			1528	1067
			1527	1068
			1526	1069
			1525	1069
			1524	1070
			1523	1071
			1522	1072
			1521	1072
			1520	1073
			1519	1074
			1518	1074
			1517	1075
			1517	1076
			1516	1077
			1515	1077
			1514	1078
			1513	1079
			1512	1079
			1511	1080
			1510	1081
			1509	1081
			1508	1082
			1507	1083
			1506	1084
			1505	1084
			1504	1085
			1503	1086
			1502	1086
			1501	1087
			1500	1088
			1499	1088
			1498	1089
			1497	1090
			1496	1090
			1495	1091
			1494	1092
			1493	1092
			1492	1093
			1491	1093
			1490	1094
			1489	1095
			1488	1095
			1487	1096
			1486	1097
			1485	1097
			1484	1098
			1483	1098
			1482	1099
			1481	1100
			1480	1100
			1479	1101
			1478	1101
			1477	1102
			1476	1103
			1475	1103
			1474	1104
			1473	1104
			1472	1105
			1471	1106
			1470	1106
			1469	1107
			1468	1107
			1467	1108
			1466	1108
			1465	1109
			1464	1110
			1463	1110
			1462	1111
			1461	1111
			1460	1112
			1459	1112
			1458	1113
			1457	1113
			1456	1114
			1455	1114
			1454	1115
			1453	1115
			1452	1116
			1451	1116
			1450	1117
			1449	1117
			1448	1118
			1447	1118
			1446	1119
			1445	1119
			1444	1120
			1443	1120
			1442	1121
			1441	1121
			1440	1122
			1439	1122
			1438	1123
			1437	1123
			1436	1124
			1435	1124
			1434	1125
			1433	1125
			1432	1126
			1431	1126
			1430	1127
			1429	1127
			1428	1127
			1427	1128
			1426	1128
			1425	1128
			1425	1129
			1424	1129
			1423	1129
			1422	1130
			1421	1130
			1420	1131
			1419	1131
			1418	1131
			1417	1132
			1416	1132
			1415	1133
			1414	1133
			1413	1133
			1412	1134
			1411	1134
			1410	1134
			1410	1135
			1409	1135
			1408	1135
			1407	1136
			1406	1136
			1405	1136
			1404	1137
			1403	1137
			1402	1137
			1401	1138
			1400	1138
			1399	1139
			1398	1139
			1397	1139
			1396	1139
			1396	1140
			1395	1140
			1394	1140
			1393	1140
			1392	1141
			1391	1141
			1390	1141
			1389	1142
			1388	1142
			1387	1142
			1386	1143
			1385	1143
			1384	1143
			1383	1144
			1382	1144
			1381	1144
			1380	1144
			1379	1145
			1378	1145
			1377	1145
			1376	1145
			1375	1146
			1374	1146
			1373	1146
			1372	1146
			1371	1147
			1370	1147
			1369	1147
			1368	1147
			1367	1148
			1366	1148
			1365	1148
			1364	1149
			1363	1149
			1362	1149
			1361	1149
			1360	1150
			1359	1150
			1358	1150
			1357	1150
			1356	1150
			1355	1151
			1354	1151
			1353	1151
			1352	1151
			1351	1151
			1350	1152
			1349	1152
			1348	1152
			1347	1152
			1346	1152
			1345	1153
			1344	1153
			1343	1153
			1342	1153
			1341	1153
			1340	1154
			1339	1154
			1338	1154
			1337	1154
			1336	1154
			1335	1154
			1334	1154
			1333	1155
			1332	1155
			1331	1155
			1330	1155
			1329	1155
			1328	1155
			1327	1156
			1326	1156
			1325	1156
			1324	1156
			1323	1156
			1322	1156
			1321	1156
			1320	1156
			1319	1157
			1318	1157
			1317	1157
			1316	1157
			1315	1157
			1314	1157
			1313	1157
			1312	1157
			1311	1157
			1310	1158
			1309	1158
			1308	1158
			1307	1158
			1306	1158
			1305	1158
			1304	1158
			1303	1158
			1302	1158
			1301	1158
			1300	1158
			1299	1159
			1298	1159
			1297	1159
			1296	1159
			1295	1159
			1294	1159
			1293	1159
			1292	1159
			1291	1159
			1290	1159
			1289	1159
			1288	1159
			1287	1159
			1286	1159
			1285	1159
			1284	1159
			1283	1159
			1282	1159
			1281	1159
			1280	1159
			1279	1159
			1278	1159
			1277	1159
			1276	1160
			1275	1160
			1274	1160
			1273	1160
			1272	1160
			1271	1160
			1270	1160
			1269	1160
			1268	1160
			1267	1160
			1266	1160
			1265	1160
			1264	1160
			1263	1160
			1262	1160
			1261	1160
			1260	1159
			1259	1159
			1258	1159
			1257	1159
			1256	1159
			1255	1159
			1254	1159
			1253	1159
			1252	1159
			1251	1159
			1250	1159
			1249	1159
			1248	1159
			1247	1159
			1246	1159
			1245	1159
			1244	1159
			1243	1159
			1242	1159
			1241	1159
			1240	1159
			1239	1159
			1238	1159
			1237	1158
			1236	1158
			1235	1158
			1234	1158
			1233	1158
			1232	1158
			1231	1158
			1230	1158
			1229	1158
			1228	1158
			1227	1158
			1226	1158
			1225	1157
			1224	1157
			1223	1157
			1222	1157
			1221	1157
			1220	1157
			1219	1157
			1218	1157
			1217	1157
			1216	1156
			1215	1156
			1214	1156
			1213	1156
			1212	1156
			1211	1156
			1210	1156
			1209	1156
			1208	1156
			1207	1155
			1206	1155
			1205	1155
			1204	1155
			1203	1155
			1202	1155
			1201	1155
			1200	1154
			1199	1154
			1198	1154
			1197	1154
			1196	1154
			1195	1154
			1194	1153
			1193	1153
			1192	1153
			1191	1153
			1190	1153
			1189	1153
			1188	1152
			1187	1152
			1186	1152
			1185	1152
			1184	1152
			1183	1152
			1182	1151
			1181	1151
			1180	1151
			1179	1151
			1178	1151
			1177	1150
			1176	1150
			1175	1150
			1174	1150
			1173	1150
			1172	1150
			1172	1149
			1171	1149
			1170	1149
			1169	1149
			1168	1149
			1167	1148
			1166	1148
			1165	1148
			1164	1148
			1163	1148
			1162	1147
			1161	1147
			1160	1147
			1159	1147
			1158	1146
			1157	1146
			1156	1146
			1155	1146
			1154	1145
			1153	1145
			1152	1145
			1151	1145
			1150	1145
			1149	1144
			1148	1144
			1147	1144
			1146	1144
			1145	1143
			1144	1143
			1143	1143
			1142	1142
			1141	1142
			1140	1142
			1139	1142
			1138	1141
			1137	1141
			1136	1141
			1135	1141
			1134	1140
			1133	1140
			1132	1140
			1131	1140
			1130	1139
			1129	1139
			1128	1139
			1127	1138
			1126	1138
			1125	1138
			1124	1138
			1123	1137
			1122	1137
			1121	1137
			1120	1136
			1119	1136
			1118	1136
			1117	1135
			1116	1135
			1115	1135
			1114	1134
			1113	1134
			1112	1134
			1111	1134
			1110	1133
			1109	1133
			1108	1133
			1107	1132
			1106	1132
			1105	1132
			1104	1131
			1103	1131
			1102	1131
			1101	1130
			1100	1130
			1099	1130
			1098	1129
			1097	1129
			1096	1129
			1095	1128
			1094	1128
			1093	1128
			1092	1127
			1091	1127
			1090	1127
			1090	1126
			1089	1126
			1088	1126
			1087	1126
			1087	1125
			1086	1125
			1085	1125
			1084	1125
			1084	1124
			1083	1124
			1082	1124
			1081	1123
			1080	1123
			1079	1123
			1078	1122
			1077	1121
			1076	1121
			1075	1121
			1074	1120
			1073	1120
			1073	1119
			1072	1119
			1071	1118
			1070	1118
			1069	1117
			1068	1117
			1067	1116
			1066	1116
			1066	1115
			1065	1115
			1064	1115
			1063	1114
			1062	1114
			1061	1113
			1060	1113
			1060	1112
			1059	1112
			1058	1111
			1057	1111
			1056	1110
			1055	1110
			1054	1109
			1053	1108
			1052	1108
			1051	1107
			1050	1107
			1049	1106
			1048	1105
			1047	1105
			1046	1104
			1045	1104
			1044	1103
			1043	1102
			1042	1102
			1041	1101
			1040	1101
			1039	1100
			1038	1099
			1037	1099
			1036	1098
			1035	1098
			1034	1097
			1033	1096
			1032	1096
			1031	1095
			1030	1095
			1029	1094
			1028	1093
			1027	1093
			1026	1092
			1025	1091
			1024	1091
			1024	1090
			1023	1090
			1022	1089
			1021	1088
			1020	1088
			1019	1087
			1018	1086
			1017	1086
			1016	1085
			1015	1085
			1014	1084
			1013	1083
			1012	1083
			1012	1082
			1011	1081
			1010	1081
			1009	1080
			1008	1079
			1007	1079
			1006	1078
			1005	1077
			1004	1077
			1003	1076
			1003	1075
			1002	1075
			1001	1074
			1000	1073
			999	1073
			998	1072
			997	1071
			996	1071
			996	1070
			995	1069
			994	1069
			993	1068
			992	1067
			991	1067
			990	1066
			990	1065
			989	1065
			988	1064
			987	1063
			986	1062
			985	1062
			985	1061
			984	1060
			983	1060
			982	1059
			981	1058
			980	1058
			980	1057
			979	1056
			978	1055
			977	1055
			976	1054
			976	1053
			975	1053
			974	1052
			973	1051
			972	1050
			971	1049
			970	1048
			969	1047
			968	1046
			967	1046
			966	1045
			965	1044
			964	1043
			963	1042
			962	1041
			962	1040
			961	1039
			960	1038
			959	1038
			958	1037
			957	1036
			956	1035
			955	1034
			954	1033
			953	1032
			953	1031
			952	1030
			951	1029
			950	1028
			949	1028
			948	1027
			947	1026
			946	1025
			946	1024
			945	1023
			944	1022
			943	1021
			942	1020
			941	1019
			941	1018
			940	1017
			939	1016
			938	1015
			937	1014
			936	1013
			936	1012
			935	1012
			934	1011
			933	1010
			932	1009
			932	1008
			931	1007
			930	1006
			929	1005
			929	1004
			928	1003
			927	1002
			926	1001
			925	1000
			925	999
			924	998
			923	997
			922	996
			922	995
			921	994
			920	993
			919	992
			919	991
			918	990
			917	989
			917	988
			916	987
			915	986
			914	985
			914	984
			913	983
			912	982
			912	981
			911	980
			910	979
			910	978
			909	977
			909	976
			908	975
			907	974
			906	973
			906	972
			905	971
			905	970
			904	970
			904	969
			904	968
			903	967
			902	966
			902	965
			901	964
			900	963
			900	962
			899	961
			899	960
			898	959
			897	958
			897	957
			896	956
			896	955
			895	954
			894	953
			894	952
			894	951
			893	950
			893	949
			892	949
			892	948
			891	947
			891	946
			890	945
			890	944
			889	943
			889	942
			888	941
			888	940
			887	939
			887	938
			886	937
			886	936
			885	935
			885	934
			884	933
			884	932
			883	931
			883	930
			882	929
			882	928
			881	927
			881	926
			880	925
			880	924
			879	923
			879	922
			879	921
			878	920
			878	919
			877	918
			877	917
			876	916
			876	915
			876	914
			875	914
			875	913
			875	912
			875	911
			874	910
			874	909
			873	908
			873	907
			872	906
			872	905
			872	904
			871	903
			871	902
			870	901
			870	900
			870	899
			869	898
			869	897
			869	896
			868	895
			868	894
			867	893
			867	892
			867	891
			866	890
			866	889
			866	888
			865	887
			865	886
			865	885
			865	884
			864	883
			864	882
			864	881
			863	880
			863	879
			863	878
			862	877
			862	876
			862	875
			861	874
			861	873
			861	872
			861	871
			860	870
			860	869
			860	868
			859	867
			859	866
			859	865
			859	864
			858	863
			858	862
			858	861
			857	860
			857	859
			857	858
			857	857
			856	856
			856	855
			856	854
			856	853
			855	852
			855	851
			855	850
			855	849
			854	848
			854	847
			854	846
			854	845
			853	844
			853	843
			853	842
			853	841
			853	840
			852	839
			852	838
			852	837
			852	836
			852	835
			851	834
			851	833
			851	832
			851	831
			851	830
			850	829
			850	828
			850	827
			850	826
			850	825
			849	824
			849	823
			849	822
			849	821
			849	820
			849	819
			848	818
			848	817
			848	816
			848	815
			848	814
			848	813
			847	812
			847	811
			847	810
			847	809
			847	808
			847	807
			847	806
			846	805
			846	804
			846	803
			846	802
			846	801
			846	800
			846	799
			846	798
			845	797
			845	796
			845	795
			845	794
			845	793
			845	792
			845	791
			845	790
			844	789
			844	788
			844	787
			844	786
			844	785
			844	784
			844	783
			844	782
			844	781
			844	780
			843	779
			843	778
			843	777
			843	776
			843	775
			843	774
			843	773
			843	772
			843	771
			843	770
			843	769
			843	768
			843	767
			842	766
			842	765
			842	764
			842	763
			842	762
			842	761
			842	760
			842	759
			842	758
			842	757
			842	756
			842	755
			843	754
			843	753
			843	752
			843	751
			843	750
			843	749
			843	748
			843	747
			844	746
			844	745
			844	744
			844	743
			844	742
			844	741
			844	740
			845	739
			845	738
			845	737
			845	736
			845	735
			845	734
			845	733
			846	733
			846	732
			846	731
			846	730
			846	729
			846	728
			846	727
			847	726
			847	725
			847	724
			847	723
			847	722
			847	721
			848	720
			848	719
			848	718
			848	717
			848	716
			849	715
			849	714
			849	713
			849	712
			849	711
			849	710
			850	709
			850	708
			850	707
			850	706
			850	705
			851	704
			851	703
			851	702
			851	701
			851	700
			852	699
			852	698
			852	697
			852	696
			852	695
			853	695
			853	694
			853	693
			853	692
			853	691
			854	690
			854	689
			854	688
			854	687
			854	686
			855	685
			855	684
			855	683
			855	682
			856	681
			856	680
			856	679
			856	678
			857	677
			857	676
			857	675
			857	674
			858	673
			858	672
			858	671
			858	670
			859	669
			859	668
			859	667
			859	666
			860	665
			860	664
			860	663
			860	662
			861	662
			861	661
			861	660
			861	659
			862	658
			862	657
			862	656
			862	655
			863	655
			863	654
			863	653
			863	652
			863	651
			864	651
			864	650
			864	649
			864	648
			865	648
			865	647
			865	646
			865	645
			866	644
			866	643
			866	642
			867	641
			867	640
			867	639
			867	638
			868	637
			868	636
			869	635
			869	634
			869	633
			869	632
			870	632
			870	631
			870	630
			871	629
			871	628
			871	627
			872	626
			872	625
			872	624
			872	623
			873	623
			873	622
			873	621
			874	620
			874	619
			874	618
			875	617
			875	616
			875	615
			876	615
			876	614
			876	613
			877	612
			877	611
			878	610
			878	609
			878	608
			879	607
			879	606
			880	605
			880	604
			881	603
			881	602
			881	601
			882	600
			882	599
			882	598
			883	597
			883	596
			884	595
			884	594
			884	593
			885	593
			885	592
			885	591
			886	590
			886	589
			887	588
			887	587
			888	586
			888	585
			889	584
			889	583
			889	582
			890	582
			890	581
			891	580
			891	579
			891	578
			892	577
			892	576
			893	576
			893	575
			894	574
			894	573
			894	572
			895	571
			896	570
			896	569
			897	568
			897	567
			898	566
			898	565
			899	564
			899	563
			900	562
			900	561
			901	560
			901	559
			902	558
			903	557
			903	556
			904	555
			904	554
			905	553
			905	552
			906	552
			906	551
			907	550
			907	549
			908	548
			909	547
			909	546
			910	545
			910	544
			911	543
			911	542
			912	541
			913	540
			914	539
			914	538
			915	537
			915	536
			916	536
			916	535
			917	534
			917	533
			918	532
			919	531
			920	530
			920	529
			921	528
			922	527
			922	526
			923	525
			924	524
			924	523
			925	522
			926	521
			927	520
			928	519
			929	518
			929	517
			930	516
			931	515
			931	514
			932	513
			933	512
			934	511
			935	510
			935	509
			936	508
			937	507
			938	506
			939	505
			940	504
			940	503
			941	502
			942	501
			943	500
			944	499
			945	498
			946	497
			947	496
			948	495
			949	494
			949	493
			950	492
			951	491
			952	490
			953	489
			954	488
			955	487
			956	486
			957	485
			958	484
			959	483
			960	482
			961	482
			962	481
			963	480
			964	479
			964	478
			965	477
			966	476
			967	475
			968	474
			969	474
			970	473
			971	472
			972	471
			973	470
			974	469
			975	468
			976	468
			977	467
			978	466
			979	465
			980	464
			981	463
			982	463
			983	462
			984	461
			985	461
			985	460
			986	460
			987	459
			988	458
			989	457
			990	456
			991	456
			992	455
			993	455
			993	454
			994	454
			995	453
			996	453
			997	452
			998	451
			999	450
			1000	450
			1001	449
			1002	448
			1003	448
			1004	447
			1005	447
			1006	446
			1007	445
			1008	445
			1009	444
			1010	443
			1011	442
			1012	442
			1013	441
			1014	441
			1015	440
			1016	439
			1017	439
			1018	438
			1019	438
			1020	437
			1021	437
			1022	436
			1023	435
			1024	435
			1025	434
			1026	434
			1027	433
			1028	433
			1029	432
			1030	432
			1031	431
			1032	431
			1033	430
			1034	430
			1035	429
			1036	429
			1037	428
			1038	428
			1039	427
			1040	427
			1041	426
			1042	426
			1043	425
			1044	425
			1045	425
			1046	424
			1047	423
			1048	423
			1049	423
			1050	422
			1051	422
			1052	421
			1053	421
			1054	420
			1055	420
			1056	420
			1056	419
			1057	419
			1058	419
			1059	418
			1060	418
			1061	418
			1062	417
			1063	417
			1064	416
			1065	416
			1066	415
			1067	415
			1068	415
			1069	414
			1070	414
			1071	414
			1072	413
			1073	413
			1074	413
			1075	412
			1076	412
			1077	412
			1078	411
			1079	411
			1080	411
			1081	411
			1082	410
			1083	410
			1084	410
			1085	409
			1086	409
			1087	409
			1088	408
			1089	408
			1090	408
			1091	408
			1092	407
			1093	407
			1094	407
			1095	406
			1096	406
			1097	406
			1098	406
			1099	405
			1100	405
			1101	405
			1102	404
			1103	404
			1104	404
			1105	404
			1106	403
			1107	403
			1108	403
			1109	403
			1110	402
			1111	402
			1112	402
			1113	402
			1114	401
			1115	401
			1116	401
			1117	401
			1118	400
			1119	400
			1120	400
			1121	400
			1122	399
			1123	399
			1124	399
			1125	399
			1126	399
			1127	398
			1128	398
			1129	398
			1130	398
			1131	397
			1132	397
			1133	397
			1134	397
			1135	397
			1136	396
			1137	396
			1138	396
			1139	396
			1140	396
			1141	395
			1142	395
			1143	395
			1144	395
			1145	395
			1146	394
			1147	394
			1148	394
			1149	394
			1150	394
			1151	393
			1152	393
			1153	393
			1154	393
			1155	393
			1156	393
			1157	392
			1158	392
			1159	392
			1160	392
			1161	392
			1162	392
			1163	391
			1164	391
			1165	391
			1166	391
			1167	391
			1168	391
			1169	390
			1170	390
			1171	390
			1172	390
			1173	390
			1174	390
			1175	390
			1176	389
			1177	389
			1178	389
			1179	389
			1180	389
			1181	389
			1182	389
			1183	389
			1184	388
			1185	388
			1186	388
			1187	388
			1188	388
			1189	388
			1190	388
			1191	388
			1192	387
			1193	387
			1194	387
			1195	387
			1196	387
			1197	387
			1198	387
			1199	387
			1200	387
			1201	387
			1202	387
			1203	386
			1204	386
			1205	386
			1206	386
			1207	386
			1208	386
			1209	386
			1210	386
			1211	386
			1212	386
			1213	386
			1214	386
			1215	386
			1216	386
			1217	385
			1218	385
			1219	385
			1220	385
			1221	385
			1222	385
			1223	385
			1224	385
			1225	385
			1226	385
			1227	385
			1228	385
			1229	385
			1230	385
			1231	385
			1232	385
			1233	385
			1234	385
			1235	385
			1236	385
			1237	385
			1238	385
			1239	385
			1240	385
			1241	385
			1242	385
			1243	385
			1244	385
			1245	385
			1246	385
			1247	385
			1248	385
			1249	385
			1250	385
			1251	385
			1252	385
			1253	385
			1254	385
			1255	385
			1256	385
			1257	385
			1258	385
			1259	385
			1260	385
			1261	385
			1262	385
			1263	385
			1264	385
			1265	385
			1266	385
			1267	385
			1268	385
			1269	385
			1270	385
			1271	385
			1272	385
			1273	386
			1274	386
			1275	386
			1276	386
			1277	386
			1278	386
			1279	386
			1280	386
			1281	386
			1282	386
			1283	386
			1284	386
			1285	387
			1286	387
			1287	387
			1288	387
			1289	387
			1290	387
			1291	387
			1292	387
			1293	387
			1294	387
			1295	388
			1296	388
			1297	388
			1298	388
			1299	388
			1300	388
			1301	388
			1302	388
			1303	389
			1304	389
			1305	389
			1306	389
			1307	389
			1308	389
			1309	389
			1310	390
			1311	390
			1312	390
			1313	390
			1314	390
			1315	390
			1316	390
			1317	391
			1318	391
			1319	391
			1320	391
			1321	391
			1322	391
			1323	392
			1324	392
			1325	392
			1326	392
			1327	392
			1327	393
			1328	393
			1329	393
			1330	393
			1331	393
			1332	394
			1333	394
			1334	394
			1335	394
			1336	394
			1337	395
			1338	395
			1339	395
			1340	395
			1341	395
			1342	396
			1343	396
			1344	396
			1345	396
			1346	397
			1347	397
			1348	397
			1349	397
			1349	398
			1350	398
			1351	398
			1352	398
			1353	399
			1354	399
			1355	399
			1356	399
			1357	400
			1358	400
			1359	400
			1360	400
			1361	401
			1362	401
			1363	401
			1364	401
			1365	402
			1366	402
			1367	403
			1368	403
			1369	403
			1370	403
			1371	404
			1372	404
			1373	404
			1374	405
			1375	405
			1376	405
			1377	406
			1378	406
			1379	406
			1380	407
			1381	407
			1382	407
			1383	408
			1384	408
			1385	408
			1386	409
			1387	409
			1388	409
			1389	410
			1390	410
			1391	410
			1392	411
			1393	411
			1394	412
			1395	412
			1396	413
			1397	413
			1398	413
			1399	414
			1400	414
			1401	414
			1402	415
			1403	415
			1404	416
			1405	416
			1406	417
			1407	417
			1408	417
			1409	418
			1410	418
			1411	419
			1412	419
			1413	419
			1414	420
			1415	420
			1416	421
			1417	421
			1418	422
			1419	422
			1420	423
			1421	423
			1422	423
			1422	424
			1423	424
			1424	425
			1425	425
			1426	426
			1427	426
			1428	427
			1429	427
			1430	428
			1431	428
			1432	429
			1433	429
			1434	430
			1435	430
			1436	430
			1437	431
			1438	431
			1439	432
			1440	432
			1440	433
			1441	433
			1442	434
			1443	434
			1444	435
			1445	436
			1446	436
			1447	437
			1448	437
			1449	438
			1450	438
			1451	439
			1452	439
			1453	440
			1454	440
			1454	441
			1455	441
			1456	442
			1457	442
			1458	443
			1459	444
			1460	444
			1461	445
			1462	445
			1463	446
			1464	446
			1465	447
			1466	448
			1467	449
			1468	449
			1469	450
			1470	450
			1470	451
			1471	451
			1472	451
			1472	452
			1473	452
			1474	453
			1475	454
			1476	454
			1477	455
			1478	456
			1479	456
			1479	457
			1480	457
			1481	458
			1482	458
			1483	459
			1484	460
			1485	460
			1486	461
			1487	462
			1488	462
			1489	463
			1490	464
			1491	464
			1492	465
			1492	466
			1493	466
			1494	467
			1495	468
			1496	469
			1497	469
			1498	470
			1499	471
			1500	471
			1501	472
			1502	473
			1503	473
			1504	474
			1504	475
			1505	476
			1506	476
			1507	477
			1508	478
			1509	478
			1510	479
			1511	480
			1512	481
			1513	481
			1514	482
			1514	483
			1515	484
			1516	484
			1517	485
			1518	486
			1519	487
			1520	487
			1521	488
			1522	489
			1522	490
			1523	490
			1524	491
			1525	492
			1526	493
			1527	493
			1528	494
			1529	495
			1530	496
			1531	497
			1532	498
			1533	499
			1534	500
			1535	501
			1535	502
			1536	502
			1537	503
			1538	504
			1539	505
			1540	506
			1541	507
			1541	508
			1542	509
			1543	509
			1544	510
			1545	511
			1545	512
			1546	513
			1547	514
			1548	515
			1549	516
			1550	517
			1551	518
			1552	519
			1553	520
			1554	521
			1554	522
			1555	522
			1555	523
			1556	524
			1557	525
			1558	526
			1559	527
			1559	528
			1560	529
			1561	529
			1561	530
			1562	531
			1563	532
			1564	533
			1565	534
			1565	535
			1566	536
			1567	537
			1568	538
			1568	539
			1569	540
			1570	541
			1571	542
			1572	543
			1573	544
			1573	545
			1574	545
			1574	546
			1575	547
			1576	548
			1576	549
			1577	550
			1578	551
			1579	552
			1580	553
			1580	554
			1581	555
			1582	556
			1583	557
			1583	558
			1584	559
			1585	560
			1585	561
			1586	562
			1587	563
			1587	564
			1588	565
			1589	566
			1590	567
			1590	568
			1591	569
			1592	570
			1592	571
			1593	572
			1594	573
			1594	574
			1595	575
			1596	576
			1596	577
			1597	578
			1597	579
			1598	580
			1599	581
			1599	582
			1600	583
			1601	584
			1601	585
			1602	586
			1603	587
			1603	588
			1604	589
			1604	590
			1605	591
			1606	592
			1606	593
			1607	594
			1607	595
			1608	596
			1609	597
			1609	598
			1610	599
			1610	600
			1611	601
			1611	602
			1612	603
			1612	604
			1613	605
			1613	606
			1614	606
			1614	607
			1614	608
			1615	609
			1616	610
			1616	611
			1616	612
			1617	613
			1617	614
			1618	615
			1618	616
			1619	616
			1619	617
			1620	618
			1620	619
			1621	620
			1621	621
			1621	622
			1622	623
			1622	624
			1623	625
			1623	626
			1624	626
			1624	627
			1625	628
			1625	629
			1625	630
			1626	631
			1626	632
			1627	633
			1627	634
			1627	635
			1628	636
			1628	637
			1629	638
			1629	639
			1630	640
			1630	641
			1630	642
			1631	642
			1631	643
			1631	644
			1632	644
			1632	645
			1632	646
			1633	647
			1633	648
			1633	649
			1634	650
			1634	651
			1635	652
			1635	653
			1635	654
			1636	655
			1636	656
			1637	657
			1637	658
			1637	659
			1638	660
			1638	661
			1638	662
			1639	663
			1639	664
			1639	665
			1640	666
			1640	667
			1640	668
			1641	669
			1641	670
			1641	671
			1642	672
			1642	673
			1642	674
			1643	675
			1643	676
			1643	677
			1644	678
			1644	679
			1644	680
			1645	681
			1645	682
			1645	683
			1645	684
			1646	685
			1646	686
			1646	687
			1647	688
			1647	689
			1647	690
			1647	691
			1648	692
			1648	693
			1648	694
			1649	695
			1649	696
			1649	697
			1649	698
			1650	699
			1650	700
			1650	701
			1650	702
			1651	703
			1651	704
			1651	705
			1651	706
			1652	707
			1652	708
			1652	709
			1652	710
			1652	711
			1653	712
			1653	713
			1653	714
			1653	715
			1654	716
			1654	717
			1654	718
			1654	719
			1654	720
			1655	721
			1655	722
			1655	723
			1655	724
			1655	725
			1656	726
			1656	727
			1656	728
			1656	729
			1656	730
			1656	731
			1657	732
			1657	733
			1657	734
			1657	735
			1657	736
			1657	737
			1658	738
			1658	739
			1658	740
			1658	741
			1658	742
			1658	743
			1658	744
			1658	745
			1659	746
			1659	747
			1659	748
			1659	749
			1659	750
			1659	751
			1659	752
			1659	753
			1660	754
			1660	755
			1660	756
			1660	757
			1660	758
			1660	759
			1660	760
			1660	761
			1660	762
			1660	763
			1661	764
			1661	765
			1661	766
			1661	767
			1661	768
			1661	769
			1661	770
			1661	771
			1661	772
			1661	773
			1661	774
			1661	775
			1661	776
			1661	777
			1662	778
			1662	779
			1662	780
			1662	781
			1662	782
			1662	783
			1662	784
			1662	785
			1662	786
			1662	787
			1662	788
			1662	789
			1662	790
			1662	791
			1662	792
			1662	793
			1662	794
			1662	795
			1662	796
			1662	797
			1662	798
			1662	799
			1662	800
			1661	801
			1661	802
			1661	803
			1661	804
			1661	805
			1661	806
			1661	807
			1661	808
			1661	809
			1661	810
			1661	811
			1661	812
			1661	813
			1661	814
			1661	815
			1660	816
			1660	817
			1660	818
			1660	819
			1660	820
			1660	821
			1660	822
			1660	823
			1660	824
			1659	825
			1659	826
			1659	827
			1659	828
			1659	829
			1659	830
			1659	831
			1659	832
			1659	833
			1658	834
			1658	835
			1658	836
			1658	837
			1658	838
			1658	839
			1658	840
			1657	841
			1657	842
			1657	843
			1657	844
			1657	845
			1657	846
			1657	847
			1656	848
			1656	849
			1656	850
			1656	851
			1656	852
			1656	853
			1655	854
			1655	855
			1655	856
			1655	857
			1655	858
			1654	859
			1654	860
			1654	861
			1654	862
			1654	863
			1653	864
			1653	865
			1653	866
			1653	867
			1653	868
			1652	869
			1652	870
			1652	871
			1652	872
			1652	873
			1651	874
			1651	875
			1651	876
			1651	877
			1650	878
			1650	879
			1650	880
			1650	881
			1649	881
			1649	882
			1649	883
			1649	884
			1648	885
			1648	886
			1648	887
			1648	888
			1647	889
			1647	890
			1647	891
			1647	892
			1646	893
			1646	894
			1646	895
			1646	896
			1645	896
			1645	897
			1645	898
			1644	899
			1644	900
			1644	901
			1644	902
			1643	903
			1643	904
			1643	905
			1642	906
			1642	907
			1641	908
			1641	909
			1641	910
			1641	911
			1640	911
			1640	912
			1640	913
			1639	914
			1639	915
			1639	916
			1638	917
			1638	918
			1638	919
			1637	920
			1637	921
			1636	922
			1636	923
			1636	924
			1635	925
			1635	926
			1635	927
			1634	927
			1634	928
			1634	929
			1633	930
			1633	931
			1632	932
			1632	933
			1632	934
			1631	935
			1631	936
			1630	936
			1630	937
			1630	938
			1629	939
			1629	940
			1628	941
			1628	942
			1628	943
			1627	944
			1627	945
			1626	945
			1626	946
			1626	947
			1625	948
			1625	949
			1624	950
			1624	951
			1623	952
			1623	953
			1622	954
			1621	955
			1621	956
			1620	957
			1620	958
			1619	959
			1619	960
			1619	961
			1618	961
			1618	962
			1618	963
			1617	963
			1617	964
			1616	965
			1616	966
			1615	967
			1614	968
			1614	969
			1614	970
			1613	970
			1613	971
			1612	972
			1612	973
			1611	973
			1611	974
			1611	975
			1610	975
			1610	976
			1609	977
			1609	978
			1608	978
			1608	979
			1607	980
			1607	981
			1606	982
			1605	983
			1605	984
			1604	984
			1604	985
			1603	986
			1603	987
			1602	988
			1602	989
			1601	990
			1600	990
			1600	991
			1599	992
			1599	993
			1598	994
			1598	995
			1597	995
			1596	996
			1596	997
			1595	998
			1595	999
			1594	999
			1593	1000
			1593	1001
			1592	1002
			1592	1003
			1591	1003
			1590	1004
			1590	1005
			1589	1006
			1588	1007
			1588	1008
			1587	1008
			1587	1009
			1586	1010
			1585	1011
			1584	1012
			1583	1013
			1582	1014
			1582	1015
			1581	1016
			1580	1017
			1579	1018
			1579	1019
			1578	1020
			1577	1021
			1576	1022
			1575	1023
			1574	1023
			1574	1024
			1573	1025
			1572	1026
			1571	1027
			1570	1028
			1570	1029
			1569	1030
			1568	1031
			1567	1032
			1566	1033
			1565	1033
			1564	1034
			1564	1035
			1563	1036
			1562	1037
			1561	1038
			1560	1039
			1559	1040
			1558	1041
			1557	1041
			1556	1042
			1556	1043
			1555	1044
			1554	1045
			1553	1046
			1552	1047
			1551	1048
			1550	1048
			1549	1049
			1548	1050
			1547	1051
			1546	1052
			1545	1053
		</Eye>
	</curves.pixel>
	<ruler.points type=matrix rownames=TRUE colnames=FALSE nrow=2 ncol=2 as.numeric=TRUE >
		Ruler point 1	2	1894
		Ruler point 2	104	1894
	</ruler.points>
</shapes>

