<shapes type=list>
	<scaling type=logical names=FALSE length=1 as.numeric=FALSE >NA</scaling>
	<landmarks.pixel type=matrix rownames=TRUE colnames=FALSE nrow=11 ncol=2 as.numeric=TRUE >
		LM1Forehead	1753	199
		LM2UJFront	2313	1344
		LM3UJBack	1662	1400
		LM4LacOrb	1684	880
		LM5QJoint	1664	1507
		LM6IOPL	1634	1606
		LM7IOPSOP	568	1636
		LM8A2A1	942	1081
		LM9A1A3	848	711
		LM10TopMuscR	747	495
		LM11TopMuscL	278	424
	</landmarks.pixel>
	<curves.control type=list>
		<Profile type=matrix rownames=FALSE colnames=FALSE nrow=7 ncol=2 as.numeric=TRUE >
			1753	199
			1979	386
			2204	589
			2391	888
			2499	1166
			2430	1448
			2313	1344
		</Profile>
		<Eye type=matrix rownames=FALSE colnames=FALSE nrow=13 ncol=2 as.numeric=TRUE >
			1684	880
			1493	1019
			1232	923
			1020	841
			981	533
			1011	295
			1232	204
			1501	108
			1688	290
			1814	390
			1840	594
			1805	789
			1684	880
		</Eye>
	</curves.control>
	<curves.pixel type=list>
		<Profile type=matrix rownames=FALSE colnames=FALSE nrow=1373 ncol=2 as.numeric=TRUE >
			1753	199
			1754	200
			1755	200
			1756	201
			1756	202
			1757	203
			1758	203
			1759	204
			1760	205
			1761	205
			1762	206
			1763	207
			1763	208
			1764	208
			1765	209
			1766	210
			1767	210
			1768	211
			1769	212
			1769	213
			1770	213
			1771	214
			1772	215
			1773	215
			1774	216
			1775	217
			1775	218
			1776	218
			1777	219
			1778	220
			1779	221
			1780	221
			1781	222
			1782	223
			1783	224
			1784	225
			1785	226
			1786	227
			1787	228
			1788	228
			1789	229
			1790	230
			1791	230
			1791	231
			1792	231
			1793	232
			1794	233
			1795	234
			1796	235
			1797	236
			1798	236
			1799	237
			1799	238
			1800	238
			1801	239
			1802	239
			1802	240
			1803	241
			1804	241
			1805	242
			1806	243
			1807	244
			1808	245
			1809	245
			1810	246
			1811	247
			1811	248
			1812	248
			1813	249
			1814	250
			1815	251
			1816	251
			1817	252
			1818	253
			1819	254
			1820	255
			1821	256
			1822	257
			1823	257
			1823	258
			1824	258
			1825	259
			1826	260
			1827	261
			1828	262
			1829	262
			1830	263
			1831	264
			1832	265
			1833	266
			1834	266
			1835	267
			1836	268
			1837	269
			1838	270
			1839	270
			1839	271
			1840	272
			1841	273
			1842	274
			1843	274
			1844	275
			1845	276
			1846	277
			1847	277
			1848	278
			1849	279
			1850	280
			1851	281
			1852	281
			1852	282
			1853	283
			1854	284
			1855	284
			1856	285
			1857	286
			1858	287
			1859	288
			1860	288
			1861	289
			1862	290
			1863	291
			1864	292
			1865	292
			1865	293
			1866	294
			1867	295
			1868	295
			1869	296
			1870	297
			1871	298
			1872	299
			1873	299
			1874	300
			1875	301
			1876	302
			1877	303
			1878	303
			1878	304
			1879	305
			1880	306
			1881	306
			1882	307
			1883	308
			1884	309
			1885	310
			1886	310
			1887	311
			1888	312
			1889	313
			1890	314
			1891	314
			1891	315
			1892	316
			1893	317
			1894	318
			1895	318
			1896	319
			1897	320
			1898	321
			1899	321
			1900	322
			1901	323
			1902	324
			1903	325
			1904	325
			1904	326
			1905	327
			1906	328
			1907	329
			1908	329
			1909	330
			1910	331
			1911	332
			1912	333
			1913	333
			1914	334
			1915	335
			1916	336
			1917	337
			1918	338
			1919	339
			1920	339
			1920	340
			1921	340
			1922	341
			1922	342
			1923	342
			1924	343
			1925	344
			1926	345
			1927	346
			1928	346
			1929	347
			1930	348
			1931	349
			1932	350
			1933	351
			1934	352
			1935	352
			1936	353
			1937	354
			1938	355
			1939	356
			1940	357
			1941	357
			1942	358
			1943	359
			1944	360
			1945	361
			1946	361
			1947	362
			1948	363
			1949	364
			1950	365
			1950	366
			1951	366
			1952	367
			1953	368
			1954	369
			1955	370
			1956	371
			1957	371
			1958	372
			1959	373
			1960	374
			1961	375
			1962	376
			1963	376
			1964	377
			1965	378
			1966	379
			1967	380
			1968	381
			1969	381
			1970	382
			1971	383
			1972	384
			1973	385
			1974	386
			1975	386
			1975	387
			1976	388
			1977	389
			1978	390
			1979	391
			1980	391
			1981	392
			1982	393
			1983	394
			1984	395
			1985	395
			1986	396
			1987	397
			1988	398
			1989	399
			1990	400
			1991	400
			1992	401
			1993	402
			1994	403
			1995	404
			1996	405
			1997	405
			1998	406
			1999	407
			2000	408
			2000	409
			2001	410
			2002	411
			2003	411
			2004	412
			2005	413
			2006	414
			2007	415
			2008	416
			2009	416
			2010	417
			2011	418
			2012	419
			2013	420
			2014	421
			2015	421
			2016	422
			2017	423
			2018	424
			2019	425
			2020	426
			2021	426
			2022	427
			2023	428
			2024	429
			2025	430
			2025	431
			2026	431
			2027	432
			2028	433
			2029	434
			2030	435
			2031	436
			2032	436
			2033	437
			2034	438
			2035	439
			2036	440
			2037	441
			2038	442
			2039	442
			2040	443
			2041	444
			2042	445
			2043	446
			2044	447
			2045	447
			2046	448
			2047	449
			2048	450
			2049	451
			2050	452
			2051	453
			2052	454
			2053	454
			2054	455
			2054	456
			2055	456
			2056	457
			2056	458
			2057	458
			2058	459
			2059	460
			2060	461
			2061	462
			2062	463
			2063	463
			2064	464
			2065	465
			2065	466
			2066	466
			2067	467
			2068	468
			2069	468
			2070	469
			2070	470
			2071	471
			2072	471
			2073	472
			2074	473
			2075	474
			2076	475
			2077	476
			2078	477
			2079	478
			2080	479
			2081	479
			2082	480
			2083	481
			2084	482
			2085	483
			2086	484
			2087	485
			2088	486
			2089	486
			2090	487
			2091	488
			2092	489
			2093	490
			2094	491
			2095	492
			2096	493
			2097	494
			2098	494
			2099	495
			2100	496
			2101	497
			2102	498
			2103	499
			2104	500
			2105	501
			2106	501
			2107	502
			2108	503
			2109	504
			2110	505
			2111	506
			2112	507
			2113	508
			2114	509
			2115	509
			2116	510
			2117	511
			2118	512
			2119	513
			2120	514
			2121	515
			2122	516
			2123	516
			2124	517
			2125	518
			2126	519
			2127	520
			2128	521
			2129	522
			2130	523
			2131	524
			2132	524
			2133	525
			2134	526
			2135	527
			2136	528
			2137	529
			2138	530
			2139	531
			2140	532
			2141	532
			2142	533
			2143	534
			2144	535
			2145	536
			2146	537
			2147	538
			2148	539
			2149	540
			2150	540
			2151	541
			2152	542
			2153	543
			2154	544
			2155	545
			2156	546
			2157	547
			2158	548
			2159	548
			2160	549
			2161	550
			2162	551
			2163	552
			2164	553
			2165	554
			2166	555
			2167	556
			2168	556
			2169	557
			2170	558
			2171	559
			2172	560
			2173	561
			2174	562
			2175	563
			2176	564
			2177	564
			2178	565
			2179	566
			2180	567
			2181	568
			2182	569
			2183	570
			2184	571
			2185	572
			2186	573
			2187	573
			2188	574
			2189	575
			2190	576
			2191	577
			2192	578
			2193	579
			2194	580
			2195	581
			2196	581
			2197	582
			2198	583
			2199	584
			2200	585
			2201	586
			2202	587
			2203	588
			2204	589
			2205	590
			2205	591
			2206	592
			2207	593
			2207	594
			2208	595
			2208	596
			2209	596
			2209	597
			2210	598
			2210	599
			2211	600
			2212	601
			2212	602
			2213	603
			2213	604
			2214	605
			2215	606
			2215	607
			2216	608
			2216	609
			2217	610
			2217	611
			2218	612
			2219	613
			2219	614
			2220	614
			2220	615
			2221	616
			2222	617
			2222	618
			2223	619
			2223	620
			2224	621
			2224	622
			2225	623
			2226	624
			2226	625
			2227	626
			2227	627
			2228	628
			2229	629
			2229	630
			2230	631
			2230	632
			2231	632
			2231	633
			2232	634
			2233	635
			2233	636
			2234	637
			2234	638
			2235	639
			2235	640
			2236	641
			2237	642
			2237	643
			2238	644
			2238	645
			2239	646
			2239	647
			2240	648
			2241	649
			2241	650
			2242	650
			2242	651
			2243	652
			2243	653
			2244	654
			2245	655
			2245	656
			2246	657
			2246	658
			2247	659
			2247	660
			2248	661
			2249	662
			2249	663
			2250	664
			2250	665
			2251	666
			2251	667
			2252	667
			2252	668
			2253	669
			2254	670
			2254	671
			2255	672
			2255	673
			2256	674
			2256	675
			2257	676
			2258	677
			2258	678
			2259	679
			2259	680
			2260	681
			2260	682
			2261	683
			2262	684
			2262	685
			2263	686
			2264	687
			2264	688
			2265	689
			2265	690
			2266	691
			2266	692
			2267	693
			2268	694
			2268	695
			2269	696
			2269	697
			2270	698
			2271	699
			2271	700
			2272	701
			2272	702
			2273	703
			2273	704
			2274	705
			2275	706
			2275	707
			2276	708
			2276	709
			2277	710
			2277	711
			2278	712
			2278	713
			2279	714
			2280	715
			2280	716
			2281	717
			2281	718
			2282	718
			2282	719
			2283	720
			2284	721
			2284	722
			2285	723
			2285	724
			2286	725
			2286	726
			2287	727
			2287	728
			2288	729
			2289	730
			2289	731
			2290	732
			2290	733
			2291	734
			2291	735
			2292	736
			2292	737
			2293	738
			2294	739
			2294	740
			2295	741
			2295	742
			2296	743
			2296	744
			2297	745
			2297	746
			2298	747
			2298	748
			2299	749
			2300	750
			2301	751
			2301	752
			2301	753
			2302	754
			2303	755
			2303	756
			2304	757
			2304	758
			2305	759
			2305	760
			2306	761
			2307	762
			2307	763
			2308	764
			2308	765
			2309	766
			2309	767
			2310	768
			2311	769
			2311	770
			2312	771
			2312	772
			2313	773
			2313	774
			2314	775
			2314	776
			2315	777
			2316	778
			2316	779
			2317	780
			2317	781
			2318	782
			2318	783
			2319	784
			2319	785
			2320	786
			2321	787
			2321	788
			2322	789
			2322	790
			2323	791
			2323	792
			2324	793
			2324	794
			2325	795
			2325	796
			2326	797
			2327	798
			2327	799
			2328	800
			2328	801
			2329	802
			2329	803
			2330	804
			2330	805
			2331	806
			2331	807
			2332	808
			2333	809
			2333	810
			2334	811
			2334	812
			2335	813
			2335	814
			2336	815
			2336	816
			2337	817
			2337	818
			2338	819
			2338	820
			2339	821
			2339	822
			2340	823
			2341	824
			2341	825
			2342	826
			2342	827
			2343	828
			2343	829
			2344	830
			2344	831
			2345	832
			2345	833
			2346	834
			2346	835
			2347	836
			2347	837
			2348	838
			2348	839
			2349	840
			2350	841
			2350	842
			2351	843
			2351	844
			2352	845
			2352	846
			2353	847
			2353	848
			2354	849
			2354	850
			2355	851
			2355	852
			2356	853
			2356	854
			2357	855
			2357	856
			2358	857
			2358	858
			2359	859
			2359	860
			2360	861
			2360	862
			2361	863
			2361	864
			2362	865
			2362	866
			2363	867
			2364	868
			2364	869
			2365	870
			2365	871
			2366	872
			2366	873
			2367	874
			2367	875
			2368	876
			2368	877
			2369	878
			2369	879
			2370	880
			2370	881
			2371	882
			2371	883
			2372	884
			2372	885
			2373	886
			2374	887
			2374	888
			2374	889
			2375	890
			2375	891
			2376	892
			2377	893
			2377	894
			2377	895
			2378	896
			2378	897
			2379	898
			2380	899
			2380	900
			2381	901
			2381	902
			2382	903
			2382	904
			2383	905
			2383	906
			2384	907
			2384	908
			2385	909
			2385	910
			2386	911
			2386	912
			2386	913
			2387	914
			2388	915
			2388	916
			2388	917
			2389	918
			2390	919
			2390	920
			2390	921
			2391	922
			2391	923
			2392	923
			2392	924
			2393	925
			2393	926
			2393	927
			2394	928
			2394	929
			2395	930
			2396	931
			2396	932
			2397	933
			2397	934
			2397	935
			2398	935
			2398	936
			2398	937
			2399	937
			2399	938
			2399	939
			2400	940
			2400	941
			2401	942
			2401	943
			2402	944
			2402	945
			2403	946
			2403	947
			2404	948
			2404	949
			2405	950
			2405	951
			2405	952
			2406	952
			2406	953
			2407	954
			2407	955
			2408	956
			2408	957
			2409	958
			2409	959
			2409	960
			2410	961
			2410	962
			2411	962
			2411	963
			2412	964
			2412	965
			2412	966
			2413	967
			2413	968
			2414	969
			2414	970
			2415	971
			2415	972
			2416	973
			2416	974
			2417	975
			2417	976
			2418	977
			2418	978
			2419	979
			2419	980
			2419	981
			2420	981
			2420	982
			2420	983
			2421	984
			2421	985
			2422	985
			2422	986
			2422	987
			2423	988
			2423	989
			2424	990
			2424	991
			2425	992
			2425	993
			2425	994
			2426	995
			2426	996
			2427	997
			2427	998
			2428	999
			2429	1000
			2429	1001
			2429	1002
			2430	1003
			2430	1004
			2431	1005
			2431	1006
			2432	1007
			2432	1008
			2433	1009
			2433	1010
			2434	1011
			2434	1012
			2434	1013
			2435	1014
			2435	1015
			2436	1016
			2436	1017
			2437	1018
			2437	1019
			2437	1020
			2438	1021
			2438	1022
			2439	1023
			2439	1024
			2440	1025
			2440	1026
			2441	1027
			2441	1028
			2441	1029
			2442	1030
			2442	1031
			2443	1032
			2443	1033
			2444	1034
			2444	1035
			2445	1036
			2445	1037
			2445	1038
			2446	1038
			2446	1039
			2446	1040
			2447	1040
			2447	1041
			2447	1042
			2448	1042
			2448	1043
			2448	1044
			2449	1045
			2449	1046
			2450	1047
			2450	1048
			2450	1049
			2451	1049
			2451	1050
			2451	1051
			2452	1052
			2452	1053
			2452	1054
			2453	1054
			2453	1055
			2454	1056
			2454	1057
			2454	1058
			2455	1059
			2455	1060
			2456	1061
			2456	1062
			2457	1063
			2457	1064
			2458	1065
			2458	1066
			2458	1067
			2459	1068
			2459	1069
			2460	1070
			2460	1071
			2461	1072
			2461	1073
			2461	1074
			2462	1075
			2462	1076
			2463	1077
			2463	1078
			2464	1079
			2464	1080
			2464	1081
			2465	1082
			2465	1083
			2466	1084
			2466	1085
			2467	1086
			2467	1087
			2467	1088
			2468	1089
			2468	1090
			2469	1091
			2469	1092
			2469	1093
			2470	1094
			2470	1095
			2471	1096
			2471	1097
			2472	1098
			2472	1099
			2472	1100
			2473	1101
			2473	1102
			2474	1103
			2474	1104
			2474	1105
			2475	1106
			2475	1107
			2476	1108
			2476	1109
			2477	1110
			2477	1111
			2477	1112
			2478	1113
			2478	1114
			2479	1115
			2479	1116
			2479	1117
			2480	1118
			2480	1119
			2481	1120
			2481	1121
			2481	1122
			2482	1123
			2482	1124
			2483	1125
			2483	1126
			2483	1127
			2484	1128
			2484	1129
			2485	1130
			2485	1131
			2485	1132
			2486	1133
			2486	1134
			2487	1135
			2487	1136
			2487	1137
			2488	1138
			2488	1139
			2489	1140
			2489	1141
			2489	1142
			2490	1143
			2490	1144
			2491	1145
			2491	1146
			2491	1147
			2492	1148
			2492	1149
			2493	1150
			2493	1151
			2493	1152
			2494	1152
			2494	1153
			2494	1154
			2495	1155
			2495	1156
			2496	1157
			2496	1158
			2496	1159
			2497	1160
			2497	1161
			2498	1162
			2498	1163
			2498	1164
			2499	1165
			2499	1166
			2499	1167
			2498	1168
			2498	1169
			2498	1170
			2498	1171
			2497	1172
			2497	1173
			2497	1174
			2497	1175
			2496	1176
			2496	1177
			2496	1178
			2496	1179
			2495	1180
			2495	1181
			2495	1182
			2495	1183
			2494	1184
			2494	1185
			2494	1186
			2494	1187
			2493	1188
			2493	1189
			2493	1190
			2492	1191
			2492	1192
			2492	1193
			2492	1194
			2491	1195
			2491	1196
			2491	1197
			2491	1198
			2490	1199
			2490	1200
			2490	1201
			2490	1202
			2489	1203
			2489	1204
			2489	1205
			2488	1206
			2488	1207
			2488	1208
			2488	1209
			2487	1210
			2487	1211
			2487	1212
			2486	1213
			2486	1214
			2486	1215
			2485	1216
			2485	1217
			2485	1218
			2485	1219
			2484	1219
			2484	1220
			2484	1221
			2484	1222
			2483	1223
			2483	1224
			2483	1225
			2482	1226
			2482	1227
			2482	1228
			2482	1229
			2481	1229
			2481	1230
			2481	1231
			2480	1232
			2480	1233
			2480	1234
			2480	1235
			2479	1236
			2479	1237
			2478	1238
			2478	1239
			2478	1240
			2477	1241
			2477	1242
			2477	1243
			2476	1244
			2476	1245
			2476	1246
			2475	1247
			2475	1248
			2475	1249
			2474	1250
			2474	1251
			2474	1252
			2473	1253
			2473	1254
			2472	1255
			2472	1256
			2472	1257
			2471	1258
			2471	1259
			2471	1260
			2470	1261
			2470	1262
			2470	1263
			2469	1264
			2469	1265
			2469	1266
			2468	1267
			2468	1268
			2467	1269
			2467	1270
			2466	1271
			2466	1272
			2466	1273
			2465	1274
			2465	1275
			2464	1276
			2464	1277
			2464	1278
			2463	1279
			2463	1280
			2462	1281
			2462	1282
			2462	1283
			2461	1284
			2460	1285
			2460	1286
			2459	1287
			2459	1288
			2459	1289
			2458	1290
			2458	1291
			2457	1292
			2457	1293
			2456	1294
			2456	1295
			2455	1296
			2455	1297
			2454	1298
			2454	1299
			2453	1300
			2453	1301
			2452	1302
			2452	1303
			2451	1304
			2451	1305
			2451	1306
			2450	1307
			2450	1308
			2449	1309
			2448	1310
			2448	1311
			2447	1312
			2446	1313
			2446	1314
			2445	1315
			2445	1316
			2444	1317
			2443	1318
			2443	1319
			2442	1320
			2442	1321
			2441	1322
			2441	1323
			2440	1324
			2439	1325
			2439	1326
			2438	1327
			2438	1328
			2437	1329
			2436	1330
			2435	1331
			2434	1332
			2434	1333
			2433	1334
			2432	1335
			2431	1336
			2431	1337
			2430	1338
			2429	1339
			2429	1340
			2428	1341
			2427	1342
			2426	1343
			2426	1344
			2425	1344
			2424	1345
			2423	1346
			2423	1347
			2422	1348
			2421	1348
			2420	1349
			2420	1350
			2419	1351
			2418	1351
			2417	1352
			2417	1353
			2416	1354
			2415	1354
			2414	1355
			2413	1356
			2412	1357
			2411	1358
			2410	1358
			2409	1359
			2408	1360
			2407	1360
			2406	1361
			2405	1362
			2404	1362
			2403	1363
			2402	1363
			2402	1364
			2401	1365
			2400	1365
			2399	1366
			2398	1366
			2397	1367
			2396	1367
			2395	1367
			2394	1368
			2393	1368
			2392	1369
			2391	1369
			2390	1369
			2389	1370
			2388	1370
			2387	1370
			2386	1370
			2385	1371
			2384	1371
			2383	1371
			2382	1371
			2381	1371
			2380	1372
			2379	1372
			2378	1372
			2377	1372
			2376	1372
			2375	1372
			2374	1372
			2373	1372
			2372	1372
			2371	1372
			2370	1372
			2369	1372
			2368	1372
			2367	1372
			2366	1372
			2365	1371
			2364	1371
			2363	1371
			2362	1371
			2361	1371
			2360	1371
			2359	1370
			2358	1370
			2357	1370
			2356	1370
			2355	1370
			2355	1369
			2354	1369
			2353	1369
			2352	1369
			2352	1368
			2351	1368
			2350	1368
			2349	1367
			2348	1367
			2347	1366
			2346	1366
			2345	1366
			2344	1365
			2343	1365
			2342	1364
			2341	1364
			2340	1363
			2339	1363
			2338	1362
			2337	1362
			2336	1361
			2335	1361
			2335	1360
			2334	1360
			2333	1359
			2332	1358
			2331	1358
			2330	1357
			2329	1356
			2328	1356
			2327	1355
			2326	1354
			2325	1354
			2324	1353
			2323	1352
			2322	1351
			2321	1351
			2320	1350
			2319	1349
			2318	1348
			2317	1348
			2316	1347
			2315	1346
			2314	1345
			2313	1344
		</Profile>
		<Eye type=matrix rownames=FALSE colnames=FALSE nrow=2398 ncol=2 as.numeric=TRUE >
			1684	880
			1683	881
			1682	881
			1681	882
			1680	883
			1679	884
			1678	885
			1677	885
			1676	886
			1675	886
			1674	887
			1673	888
			1672	888
			1671	889
			1670	890
			1669	891
			1668	891
			1667	892
			1666	892
			1665	893
			1664	894
			1663	894
			1662	895
			1661	896
			1660	896
			1659	897
			1658	898
			1657	898
			1656	899
			1655	900
			1654	900
			1653	901
			1652	901
			1652	902
			1651	902
			1650	903
			1649	903
			1648	904
			1647	904
			1647	905
			1646	905
			1645	906
			1644	906
			1643	906
			1642	907
			1641	908
			1640	908
			1639	909
			1638	910
			1637	910
			1636	911
			1635	911
			1634	912
			1633	912
			1632	913
			1631	913
			1630	914
			1629	914
			1628	915
			1627	916
			1626	916
			1625	917
			1624	917
			1623	918
			1622	918
			1621	919
			1620	919
			1619	920
			1618	920
			1617	921
			1616	921
			1615	922
			1614	922
			1613	923
			1612	923
			1611	924
			1610	924
			1609	924
			1608	925
			1607	925
			1606	926
			1605	926
			1604	927
			1603	927
			1602	927
			1602	928
			1601	928
			1600	928
			1599	929
			1598	929
			1597	930
			1596	930
			1595	930
			1594	931
			1593	931
			1592	932
			1591	932
			1590	933
			1589	933
			1588	933
			1587	934
			1586	934
			1585	934
			1584	935
			1583	935
			1582	936
			1581	936
			1580	936
			1579	937
			1578	937
			1577	937
			1576	938
			1575	938
			1574	938
			1573	939
			1572	939
			1571	939
			1571	940
			1570	940
			1569	940
			1568	941
			1567	941
			1566	941
			1565	942
			1564	942
			1563	942
			1562	943
			1561	943
			1560	943
			1559	944
			1558	944
			1557	944
			1556	944
			1555	945
			1554	945
			1553	945
			1552	946
			1551	946
			1550	946
			1549	947
			1548	947
			1547	947
			1546	947
			1545	948
			1544	948
			1543	948
			1542	948
			1541	949
			1540	949
			1539	949
			1538	950
			1537	950
			1536	950
			1535	950
			1534	951
			1533	951
			1532	951
			1531	951
			1530	952
			1529	952
			1528	952
			1527	952
			1526	952
			1525	953
			1524	953
			1523	953
			1522	953
			1521	953
			1520	954
			1519	954
			1518	954
			1517	954
			1516	954
			1515	955
			1514	955
			1513	955
			1512	955
			1511	955
			1510	955
			1510	956
			1509	956
			1508	956
			1507	956
			1506	956
			1505	956
			1504	957
			1503	957
			1502	957
			1501	957
			1500	957
			1499	957
			1498	957
			1498	958
			1497	958
			1496	958
			1495	958
			1494	958
			1493	958
			1492	958
			1491	958
			1491	959
			1490	959
			1489	959
			1488	959
			1487	959
			1486	959
			1485	959
			1484	959
			1483	959
			1482	960
			1481	960
			1480	960
			1479	960
			1478	960
			1477	960
			1476	960
			1475	960
			1474	960
			1473	960
			1472	961
			1471	961
			1470	961
			1469	961
			1468	961
			1467	961
			1466	961
			1465	961
			1464	961
			1463	961
			1462	961
			1461	961
			1460	961
			1459	962
			1458	962
			1457	962
			1456	962
			1455	962
			1454	962
			1453	962
			1452	962
			1451	962
			1450	962
			1449	962
			1448	962
			1447	962
			1446	962
			1445	962
			1444	962
			1443	962
			1442	962
			1441	962
			1440	962
			1439	962
			1438	962
			1437	962
			1436	962
			1435	962
			1434	962
			1433	962
			1432	962
			1431	962
			1430	962
			1429	962
			1428	962
			1427	962
			1426	962
			1425	962
			1424	962
			1423	962
			1422	962
			1421	962
			1420	962
			1419	962
			1418	962
			1417	962
			1416	962
			1415	962
			1414	962
			1413	962
			1412	962
			1411	962
			1410	962
			1409	962
			1408	961
			1407	961
			1406	961
			1405	961
			1404	961
			1403	961
			1402	961
			1401	961
			1400	961
			1399	961
			1398	961
			1397	961
			1396	961
			1395	961
			1394	961
			1393	960
			1392	960
			1391	960
			1390	960
			1389	960
			1388	960
			1387	960
			1386	960
			1385	960
			1384	960
			1383	959
			1382	959
			1381	959
			1380	959
			1379	959
			1378	959
			1377	959
			1376	959
			1375	959
			1374	959
			1373	958
			1372	958
			1371	958
			1370	958
			1369	958
			1368	958
			1367	958
			1366	957
			1365	957
			1364	957
			1363	957
			1362	957
			1361	957
			1360	957
			1359	956
			1358	956
			1357	956
			1356	956
			1355	956
			1354	956
			1353	955
			1352	955
			1351	955
			1350	955
			1349	955
			1348	955
			1347	955
			1346	954
			1345	954
			1344	954
			1343	954
			1342	954
			1341	953
			1340	953
			1339	953
			1338	953
			1337	953
			1336	953
			1335	952
			1334	952
			1333	952
			1332	952
			1331	952
			1330	951
			1329	951
			1328	951
			1327	951
			1326	950
			1325	950
			1324	950
			1323	950
			1322	950
			1321	949
			1320	949
			1319	949
			1318	949
			1317	949
			1316	948
			1315	948
			1314	948
			1313	948
			1312	947
			1311	947
			1310	947
			1309	947
			1308	946
			1307	946
			1306	946
			1305	946
			1304	945
			1303	945
			1302	945
			1301	945
			1300	944
			1299	944
			1298	944
			1297	944
			1296	943
			1295	943
			1294	943
			1293	943
			1292	942
			1291	942
			1290	942
			1289	941
			1288	941
			1287	941
			1286	941
			1285	940
			1284	940
			1283	940
			1282	939
			1281	939
			1280	939
			1279	938
			1278	938
			1277	938
			1276	938
			1275	937
			1274	937
			1273	937
			1272	936
			1271	936
			1270	936
			1269	935
			1268	935
			1267	935
			1266	935
			1265	934
			1264	934
			1263	934
			1262	933
			1261	933
			1260	933
			1259	932
			1258	932
			1257	932
			1256	931
			1255	931
			1254	931
			1253	931
			1252	930
			1251	930
			1250	929
			1249	929
			1248	929
			1247	928
			1246	928
			1245	928
			1244	927
			1243	927
			1242	927
			1242	926
			1241	926
			1240	926
			1239	926
			1238	925
			1237	925
			1236	924
			1235	924
			1234	924
			1233	923
			1232	923
			1231	923
			1231	922
			1230	922
			1229	922
			1228	922
			1228	921
			1227	921
			1226	921
			1225	920
			1224	920
			1223	919
			1222	919
			1221	919
			1220	918
			1219	918
			1218	917
			1217	917
			1216	916
			1215	916
			1214	915
			1213	915
			1212	915
			1211	914
			1210	914
			1209	913
			1208	913
			1207	912
			1206	912
			1205	911
			1204	911
			1203	911
			1202	910
			1201	909
			1200	909
			1199	908
			1198	908
			1197	907
			1196	907
			1195	906
			1194	906
			1193	905
			1192	905
			1191	904
			1190	904
			1189	903
			1188	903
			1187	902
			1186	902
			1185	901
			1184	900
			1183	900
			1182	899
			1181	898
			1180	898
			1179	898
			1179	897
			1178	897
			1177	896
			1176	896
			1175	895
			1174	894
			1173	894
			1172	893
			1171	893
			1171	892
			1170	892
			1169	891
			1168	891
			1168	890
			1167	890
			1166	889
			1165	889
			1165	888
			1164	888
			1163	887
			1162	887
			1161	886
			1160	885
			1159	885
			1158	884
			1157	884
			1157	883
			1156	882
			1155	882
			1154	881
			1153	880
			1152	880
			1151	879
			1150	878
			1149	877
			1148	877
			1147	876
			1146	875
			1145	874
			1144	873
			1143	873
			1142	872
			1141	871
			1140	870
			1139	870
			1138	869
			1137	868
			1136	867
			1135	866
			1134	866
			1133	865
			1132	864
			1131	863
			1130	862
			1129	861
			1128	861
			1127	860
			1126	859
			1125	858
			1124	857
			1124	856
			1123	856
			1122	855
			1121	854
			1120	853
			1119	852
			1118	851
			1117	850
			1116	849
			1115	849
			1114	848
			1113	847
			1113	846
			1112	845
			1111	844
			1110	843
			1109	842
			1108	841
			1107	840
			1106	840
			1105	839
			1105	838
			1104	837
			1103	836
			1102	835
			1101	834
			1100	833
			1099	832
			1099	831
			1098	830
			1097	829
			1096	828
			1095	827
			1094	826
			1093	825
			1093	824
			1092	823
			1091	822
			1090	821
			1089	820
			1088	819
			1088	818
			1087	817
			1086	816
			1085	815
			1084	814
			1084	813
			1083	812
			1082	811
			1081	810
			1080	809
			1080	808
			1079	807
			1078	806
			1077	805
			1077	804
			1076	803
			1075	802
			1074	801
			1073	800
			1073	799
			1072	798
			1072	797
			1071	797
			1071	796
			1070	795
			1070	794
			1069	793
			1068	792
			1068	791
			1067	790
			1066	789
			1065	788
			1065	787
			1064	786
			1064	785
			1063	784
			1062	783
			1062	782
			1061	781
			1060	780
			1060	779
			1059	778
			1059	777
			1058	776
			1057	775
			1057	774
			1056	773
			1056	772
			1055	771
			1054	770
			1054	769
			1053	768
			1053	767
			1052	766
			1051	765
			1051	764
			1050	763
			1050	762
			1049	761
			1049	760
			1048	759
			1047	758
			1047	757
			1046	756
			1046	755
			1045	754
			1045	753
			1044	752
			1044	751
			1043	750
			1043	749
			1042	748
			1042	747
			1041	746
			1041	745
			1040	744
			1040	743
			1039	742
			1039	741
			1038	740
			1038	739
			1038	738
			1037	737
			1036	736
			1036	735
			1036	734
			1035	734
			1035	733
			1035	732
			1034	731
			1034	730
			1033	729
			1033	728
			1032	727
			1032	726
			1031	725
			1031	724
			1030	723
			1030	722
			1029	721
			1029	720
			1029	719
			1028	718
			1028	717
			1027	716
			1027	715
			1027	714
			1026	713
			1026	712
			1025	711
			1025	710
			1024	709
			1024	708
			1024	707
			1023	706
			1023	705
			1023	704
			1022	703
			1022	702
			1021	701
			1021	700
			1021	699
			1020	699
			1020	698
			1020	697
			1019	696
			1019	695
			1019	694
			1018	693
			1018	692
			1018	691
			1017	690
			1017	689
			1017	688
			1016	687
			1016	686
			1016	685
			1015	684
			1015	683
			1014	682
			1014	681
			1014	680
			1013	679
			1013	678
			1013	677
			1013	676
			1012	676
			1012	675
			1012	674
			1011	673
			1011	672
			1011	671
			1010	670
			1010	669
			1010	668
			1009	667
			1009	666
			1009	665
			1008	664
			1008	663
			1008	662
			1007	661
			1007	660
			1007	659
			1007	658
			1006	657
			1006	656
			1006	655
			1005	654
			1005	653
			1005	652
			1005	651
			1004	650
			1004	649
			1004	648
			1003	647
			1003	646
			1003	645
			1003	644
			1002	643
			1002	642
			1002	641
			1001	640
			1001	639
			1001	638
			1001	637
			1000	636
			1000	635
			1000	634
			1000	633
			999	632
			999	631
			999	630
			999	629
			998	628
			998	627
			998	626
			998	625
			997	624
			997	623
			997	622
			997	621
			997	620
			996	619
			996	618
			996	617
			996	616
			995	615
			995	614
			995	613
			995	612
			994	611
			994	610
			994	609
			994	608
			994	607
			993	606
			993	605
			993	604
			993	603
			993	602
			992	601
			992	600
			992	599
			992	598
			991	597
			991	596
			991	595
			991	594
			991	593
			990	592
			990	591
			990	590
			990	589
			990	588
			989	587
			989	586
			989	585
			989	584
			989	583
			988	582
			988	581
			988	580
			988	579
			988	578
			988	577
			987	576
			987	575
			987	574
			987	573
			987	572
			987	571
			986	570
			986	569
			986	568
			986	567
			986	566
			986	565
			985	564
			985	563
			985	562
			985	561
			985	560
			985	559
			984	558
			984	557
			984	556
			984	555
			984	554
			984	553
			984	552
			983	551
			983	550
			983	549
			983	548
			983	547
			983	546
			983	545
			982	544
			982	543
			982	542
			982	541
			982	540
			982	539
			982	538
			982	537
			981	536
			981	535
			981	534
			981	533
			981	532
			981	531
			981	530
			982	529
			982	528
			982	527
			982	526
			982	525
			982	524
			982	523
			983	522
			983	521
			983	520
			983	519
			983	518
			983	517
			983	516
			984	515
			984	514
			984	513
			984	512
			984	511
			984	510
			985	509
			985	508
			985	507
			985	506
			985	505
			986	504
			986	503
			986	502
			986	501
			986	500
			986	499
			987	498
			987	497
			987	496
			987	495
			987	494
			988	493
			988	492
			988	491
			988	490
			988	489
			989	488
			989	487
			989	486
			989	485
			989	484
			990	484
			990	483
			990	482
			990	481
			991	480
			991	479
			991	478
			991	477
			991	476
			992	476
			992	475
			992	474
			992	473
			992	472
			993	471
			993	470
			993	469
			993	468
			994	467
			994	466
			994	465
			994	464
			995	463
			995	462
			995	461
			996	460
			996	459
			996	458
			997	457
			997	456
			997	455
			997	454
			998	453
			998	452
			998	451
			999	450
			999	449
			999	448
			1000	447
			1000	446
			1000	445
			1000	444
			1001	443
			1001	442
			1002	441
			1002	440
			1002	439
			1003	438
			1003	437
			1003	436
			1004	435
			1004	434
			1004	433
			1005	432
			1005	431
			1005	430
			1006	429
			1006	428
			1006	427
			1007	426
			1007	425
			1007	424
			1008	423
			1009	422
			1009	421
			1009	420
			1010	419
			1010	418
			1010	417
			1011	416
			1011	415
			1011	414
			1012	414
			1012	413
			1012	412
			1013	411
			1013	410
			1014	409
			1014	408
			1015	407
			1015	406
			1015	405
			1016	404
			1016	403
			1017	402
			1017	401
			1018	400
			1018	399
			1019	398
			1019	397
			1020	396
			1020	395
			1021	394
			1021	393
			1022	392
			1022	391
			1022	390
			1023	389
			1024	388
			1024	387
			1025	386
			1025	385
			1025	384
			1026	383
			1026	382
			1027	381
			1028	380
			1029	379
			1029	378
			1029	377
			1030	377
			1030	376
			1030	375
			1031	375
			1031	374
			1031	373
			1032	373
			1032	372
			1033	371
			1033	370
			1034	369
			1034	368
			1035	367
			1035	366
			1036	366
			1036	365
			1037	364
			1037	363
			1038	363
			1038	362
			1039	361
			1039	360
			1040	360
			1040	359
			1040	358
			1041	357
			1042	356
			1043	355
			1043	354
			1044	353
			1044	352
			1045	351
			1045	350
			1046	350
			1047	349
			1047	348
			1048	347
			1048	346
			1049	345
			1050	344
			1050	343
			1051	343
			1051	342
			1052	341
			1053	340
			1053	339
			1054	338
			1055	337
			1055	336
			1056	336
			1056	335
			1057	334
			1058	333
			1058	332
			1059	331
			1060	331
			1060	330
			1061	329
			1062	328
			1062	327
			1063	326
			1064	325
			1065	324
			1066	323
			1067	322
			1067	321
			1068	320
			1069	319
			1070	318
			1071	317
			1072	316
			1072	315
			1073	314
			1074	313
			1075	312
			1076	311
			1077	310
			1077	309
			1078	308
			1079	307
			1080	306
			1081	305
			1082	305
			1083	304
			1084	303
			1084	302
			1085	301
			1086	300
			1087	299
			1088	298
			1089	297
			1090	296
			1091	295
			1092	294
			1093	293
			1094	292
			1095	291
			1096	290
			1097	289
			1098	288
			1099	287
			1100	286
			1101	286
			1102	285
			1103	284
			1103	283
			1104	283
			1105	282
			1106	281
			1107	280
			1108	280
			1108	279
			1109	278
			1110	277
			1111	277
			1112	276
			1113	275
			1114	274
			1115	273
			1116	272
			1117	271
			1118	270
			1119	269
			1120	269
			1121	268
			1122	267
			1123	266
			1124	266
			1125	265
			1126	265
			1126	264
			1127	263
			1128	263
			1129	262
			1130	262
			1130	261
			1131	260
			1132	260
			1133	259
			1134	259
			1134	258
			1135	257
			1136	257
			1137	256
			1138	256
			1138	255
			1139	255
			1140	254
			1141	253
			1142	253
			1142	252
			1143	252
			1144	251
			1145	251
			1146	250
			1147	249
			1148	248
			1149	248
			1150	247
			1151	246
			1152	246
			1153	245
			1154	244
			1155	244
			1156	243
			1157	242
			1158	242
			1159	241
			1160	240
			1161	240
			1162	240
			1162	239
			1163	239
			1164	238
			1165	238
			1166	237
			1167	236
			1168	236
			1169	235
			1170	235
			1170	234
			1171	234
			1172	233
			1173	233
			1174	233
			1174	232
			1175	232
			1176	231
			1177	231
			1177	230
			1178	230
			1179	229
			1180	229
			1181	229
			1181	228
			1182	228
			1183	227
			1184	227
			1184	226
			1185	226
			1186	226
			1187	225
			1188	225
			1188	224
			1189	224
			1190	223
			1191	223
			1192	223
			1193	222
			1194	221
			1195	221
			1196	220
			1197	220
			1198	219
			1199	219
			1200	218
			1201	218
			1202	217
			1203	217
			1204	216
			1205	216
			1206	216
			1207	215
			1208	215
			1209	214
			1210	214
			1211	213
			1212	213
			1213	212
			1214	212
			1215	211
			1216	211
			1217	210
			1218	210
			1219	209
			1220	209
			1221	209
			1222	208
			1223	208
			1224	207
			1225	207
			1226	206
			1227	206
			1228	206
			1229	205
			1230	205
			1231	204
			1232	204
			1233	204
			1234	203
			1235	203
			1236	203
			1237	202
			1238	202
			1239	201
			1240	201
			1241	201
			1242	200
			1243	200
			1244	200
			1245	200
			1246	199
			1247	199
			1248	198
			1249	198
			1250	198
			1251	198
			1252	197
			1253	197
			1254	197
			1255	196
			1256	196
			1257	196
			1258	195
			1259	195
			1260	195
			1261	194
			1262	194
			1263	194
			1264	193
			1265	193
			1266	193
			1267	193
			1268	192
			1269	192
			1270	192
			1271	191
			1272	191
			1273	191
			1274	191
			1275	190
			1276	190
			1277	190
			1278	189
			1279	189
			1280	189
			1281	189
			1282	188
			1283	188
			1284	188
			1285	188
			1286	187
			1287	187
			1288	187
			1289	187
			1290	186
			1291	186
			1292	186
			1293	186
			1294	185
			1295	185
			1296	185
			1297	185
			1298	184
			1299	184
			1300	184
			1301	184
			1302	183
			1303	183
			1304	183
			1305	183
			1306	182
			1307	182
			1308	182
			1309	182
			1310	182
			1311	181
			1312	181
			1313	181
			1314	181
			1315	181
			1316	180
			1317	180
			1318	180
			1319	180
			1320	180
			1321	179
			1322	179
			1323	179
			1324	179
			1325	179
			1326	179
			1327	178
			1328	178
			1329	178
			1330	178
			1331	178
			1332	177
			1333	177
			1334	177
			1335	177
			1336	177
			1337	177
			1338	177
			1338	176
			1339	176
			1340	176
			1341	176
			1342	176
			1343	176
			1344	176
			1345	175
			1346	175
			1347	175
			1348	175
			1349	175
			1350	175
			1351	175
			1352	174
			1353	174
			1354	174
			1355	174
			1356	174
			1357	174
			1358	174
			1359	174
			1360	174
			1361	173
			1362	173
			1363	173
			1364	173
			1365	173
			1366	173
			1367	173
			1368	173
			1369	173
			1370	173
			1371	172
			1372	172
			1373	172
			1374	172
			1375	172
			1376	172
			1377	172
			1378	172
			1379	172
			1380	172
			1381	172
			1382	172
			1383	172
			1384	172
			1385	171
			1386	171
			1387	171
			1388	171
			1389	171
			1390	171
			1391	171
			1392	171
			1393	171
			1394	171
			1395	171
			1396	171
			1397	171
			1398	171
			1399	171
			1400	171
			1401	171
			1402	171
			1403	171
			1404	171
			1405	171
			1406	171
			1407	171
			1408	171
			1409	171
			1410	171
			1411	171
			1412	171
			1413	171
			1414	171
			1415	171
			1416	171
			1417	171
			1418	171
			1419	171
			1420	171
			1421	171
			1422	171
			1423	171
			1424	171
			1425	171
			1426	171
			1427	171
			1428	171
			1429	171
			1430	171
			1431	171
			1432	172
			1433	172
			1434	172
			1435	172
			1436	172
			1437	172
			1438	172
			1439	172
			1440	172
			1441	172
			1442	172
			1443	172
			1444	172
			1445	173
			1446	173
			1447	173
			1448	173
			1449	173
			1450	173
			1451	173
			1452	173
			1453	173
			1454	173
			1454	174
			1455	174
			1456	174
			1457	174
			1458	174
			1459	174
			1460	174
			1461	174
			1462	175
			1463	175
			1464	175
			1465	175
			1466	175
			1467	175
			1468	175
			1469	176
			1470	176
			1471	176
			1472	176
			1473	176
			1474	176
			1475	177
			1476	177
			1477	177
			1478	177
			1479	177
			1480	177
			1481	178
			1482	178
			1483	178
			1484	178
			1485	178
			1486	179
			1487	179
			1488	179
			1489	179
			1490	179
			1491	180
			1492	180
			1493	180
			1494	180
			1495	181
			1496	181
			1497	181
			1498	181
			1499	182
			1500	182
			1501	182
			1502	182
			1503	182
			1503	183
			1504	183
			1505	183
			1506	183
			1507	183
			1508	184
			1509	184
			1510	184
			1511	185
			1512	185
			1513	185
			1514	185
			1515	186
			1516	186
			1517	186
			1518	187
			1519	187
			1520	187
			1521	188
			1522	188
			1523	188
			1524	188
			1525	189
			1526	189
			1527	189
			1528	190
			1529	190
			1530	190
			1531	191
			1532	191
			1533	191
			1534	192
			1535	192
			1536	192
			1537	193
			1538	193
			1539	194
			1540	194
			1541	194
			1542	195
			1543	195
			1544	196
			1545	196
			1546	196
			1547	196
			1547	197
			1548	197
			1549	197
			1550	198
			1551	198
			1552	198
			1552	199
			1553	199
			1554	199
			1555	200
			1556	200
			1556	201
			1557	201
			1558	201
			1559	202
			1560	202
			1561	202
			1561	203
			1562	203
			1563	203
			1564	204
			1565	204
			1566	205
			1567	205
			1568	206
			1569	206
			1570	207
			1571	207
			1572	208
			1573	208
			1574	208
			1575	209
			1576	209
			1577	210
			1578	210
			1579	211
			1580	211
			1581	212
			1582	212
			1583	213
			1584	213
			1585	214
			1586	214
			1587	215
			1588	216
			1589	216
			1590	217
			1591	217
			1592	218
			1593	218
			1594	219
			1595	220
			1596	220
			1597	221
			1598	221
			1599	222
			1600	222
			1601	223
			1602	224
			1603	224
			1604	225
			1605	225
			1606	226
			1607	227
			1608	227
			1609	228
			1610	228
			1611	229
			1612	230
			1613	230
			1614	231
			1615	231
			1616	232
			1617	233
			1618	233
			1619	234
			1620	234
			1621	235
			1621	236
			1622	236
			1623	237
			1624	238
			1625	238
			1626	239
			1627	240
			1628	240
			1629	241
			1630	242
			1631	242
			1632	243
			1633	244
			1634	244
			1635	245
			1636	246
			1637	246
			1638	247
			1639	248
			1640	248
			1640	249
			1641	250
			1642	251
			1643	251
			1644	252
			1645	253
			1646	253
			1647	254
			1648	255
			1649	256
			1650	256
			1651	257
			1652	258
			1653	259
			1654	260
			1655	261
			1656	261
			1656	262
			1657	262
			1658	263
			1659	264
			1660	265
			1661	266
			1662	266
			1663	267
			1664	268
			1665	269
			1666	270
			1667	271
			1668	272
			1669	272
			1670	273
			1671	274
			1672	275
			1673	276
			1674	277
			1675	277
			1676	278
			1676	279
			1677	280
			1678	281
			1679	282
			1680	283
			1681	283
			1682	284
			1683	285
			1684	286
			1685	287
			1686	288
			1687	289
			1688	290
			1689	291
			1690	292
			1691	293
			1692	293
			1693	294
			1694	295
			1695	296
			1696	297
			1697	297
			1698	298
			1699	299
			1700	300
			1701	301
			1702	302
			1703	303
			1704	304
			1705	305
			1706	306
			1707	307
			1708	308
			1709	308
			1710	309
			1711	310
			1712	311
			1713	312
			1714	313
			1715	314
			1716	315
			1717	316
			1718	317
			1719	318
			1720	319
			1721	320
			1722	321
			1723	322
			1724	323
			1725	324
			1726	325
			1727	326
			1728	327
			1729	328
			1730	329
			1731	330
			1732	331
			1732	332
			1733	333
			1734	334
			1735	335
			1736	336
			1737	337
			1738	338
			1739	339
			1740	340
			1740	341
			1741	342
			1742	343
			1743	344
			1744	345
			1744	346
			1745	346
			1745	347
			1746	348
			1747	349
			1748	350
			1748	351
			1749	352
			1750	353
			1751	354
			1752	355
			1752	356
			1753	357
			1754	358
			1754	359
			1755	360
			1756	361
			1756	362
			1757	363
			1758	364
			1759	365
			1759	366
			1760	367
			1761	368
			1761	369
			1762	370
			1763	371
			1763	372
			1764	373
			1765	374
			1765	375
			1766	376
			1767	377
			1767	378
			1768	379
			1769	380
			1769	381
			1770	382
			1771	383
			1771	384
			1772	385
			1773	386
			1773	387
			1774	388
			1774	389
			1775	390
			1776	391
			1776	392
			1777	393
			1777	394
			1778	395
			1778	396
			1779	397
			1779	398
			1780	399
			1781	400
			1781	401
			1782	402
			1782	403
			1783	404
			1783	405
			1784	406
			1784	407
			1785	408
			1785	409
			1786	410
			1786	411
			1787	412
			1788	413
			1788	414
			1788	415
			1789	416
			1789	417
			1790	418
			1791	419
			1791	420
			1791	421
			1792	422
			1792	423
			1793	423
			1793	424
			1793	425
			1794	426
			1794	427
			1795	428
			1795	429
			1796	430
			1796	431
			1797	432
			1797	433
			1798	434
			1798	435
			1798	436
			1799	437
			1799	438
			1800	439
			1800	440
			1800	441
			1801	442
			1801	443
			1802	444
			1802	445
			1803	446
			1803	447
			1803	448
			1804	449
			1804	450
			1805	451
			1805	452
			1805	453
			1806	453
			1806	454
			1806	455
			1807	456
			1807	457
			1807	458
			1808	459
			1808	460
			1808	461
			1809	462
			1809	463
			1810	464
			1810	465
			1810	466
			1811	467
			1811	468
			1811	469
			1812	470
			1812	471
			1812	472
			1813	473
			1813	474
			1814	475
			1814	476
			1814	477
			1815	478
			1815	479
			1815	480
			1816	481
			1816	482
			1816	483
			1817	484
			1817	485
			1817	486
			1817	487
			1818	488
			1818	489
			1818	490
			1819	491
			1819	492
			1819	493
			1819	494
			1820	494
			1820	495
			1820	496
			1820	497
			1821	498
			1821	499
			1821	500
			1821	501
			1822	502
			1822	503
			1822	504
			1822	505
			1823	506
			1823	507
			1823	508
			1824	509
			1824	510
			1824	511
			1824	512
			1825	513
			1825	514
			1825	515
			1826	516
			1826	517
			1826	518
			1826	519
			1826	520
			1827	521
			1827	522
			1827	523
			1827	524
			1828	525
			1828	526
			1828	527
			1828	528
			1829	529
			1829	530
			1829	531
			1829	532
			1829	533
			1830	534
			1830	535
			1830	536
			1830	537
			1831	538
			1831	539
			1831	540
			1831	541
			1831	542
			1832	543
			1832	544
			1832	545
			1832	546
			1832	547
			1833	548
			1833	549
			1833	550
			1833	551
			1833	552
			1834	553
			1834	554
			1834	555
			1834	556
			1834	557
			1835	558
			1835	559
			1835	560
			1835	561
			1835	562
			1835	563
			1836	564
			1836	565
			1836	566
			1836	567
			1836	568
			1836	569
			1837	570
			1837	571
			1837	572
			1837	573
			1837	574
			1837	575
			1837	576
			1838	577
			1838	578
			1838	579
			1838	580
			1838	581
			1838	582
			1839	583
			1839	584
			1839	585
			1839	586
			1839	587
			1839	588
			1839	589
			1839	590
			1840	590
			1840	591
			1840	592
			1840	593
			1840	594
			1840	595
			1840	596
			1839	597
			1839	598
			1839	599
			1839	600
			1839	601
			1839	602
			1838	603
			1838	604
			1838	605
			1838	606
			1838	607
			1837	608
			1837	609
			1837	610
			1837	611
			1837	612
			1836	613
			1836	614
			1836	615
			1836	616
			1835	617
			1835	618
			1835	619
			1835	620
			1835	621
			1834	622
			1834	623
			1834	624
			1834	625
			1833	626
			1833	627
			1833	628
			1833	629
			1833	630
			1832	631
			1832	632
			1832	633
			1832	634
			1831	635
			1831	636
			1831	637
			1831	638
			1830	639
			1830	640
			1830	641
			1830	642
			1830	643
			1829	643
			1829	644
			1829	645
			1829	646
			1828	647
			1828	648
			1828	649
			1828	650
			1827	651
			1827	652
			1827	653
			1827	654
			1826	655
			1826	656
			1826	657
			1825	658
			1825	659
			1825	660
			1825	661
			1824	662
			1824	663
			1824	664
			1823	665
			1823	666
			1823	667
			1822	668
			1822	669
			1822	670
			1822	671
			1821	672
			1821	673
			1821	674
			1821	675
			1820	675
			1820	676
			1820	677
			1819	678
			1819	679
			1819	680
			1818	681
			1818	682
			1818	683
			1818	684
			1817	684
			1817	685
			1817	686
			1816	687
			1816	688
			1816	689
			1816	690
			1815	691
			1815	692
			1814	693
			1814	694
			1814	695
			1813	696
			1813	697
			1813	698
			1812	698
			1812	699
			1812	700
			1812	701
			1811	702
			1811	703
			1810	704
			1810	705
			1810	706
			1809	706
			1809	707
			1809	708
			1809	709
			1808	709
			1808	710
			1808	711
			1807	712
			1807	713
			1806	714
			1806	715
			1806	716
			1805	717
			1805	718
			1805	719
			1804	720
			1804	721
			1803	721
			1803	722
			1803	723
			1802	724
			1802	725
			1802	726
			1801	727
			1801	728
			1800	729
			1800	730
			1799	731
			1799	732
			1798	733
			1798	734
			1797	735
			1797	736
			1796	737
			1796	738
			1795	739
			1795	740
			1795	741
			1794	742
			1794	743
			1793	744
			1793	745
			1792	746
			1792	747
			1791	748
			1791	749
			1790	750
			1790	751
			1789	752
			1789	753
			1788	754
			1788	755
			1787	756
			1787	757
			1786	758
			1786	759
			1785	760
			1785	761
			1784	762
			1784	763
			1783	764
			1782	765
			1782	766
			1781	767
			1781	768
			1780	769
			1779	770
			1779	771
			1779	772
			1778	773
			1777	774
			1777	775
			1776	776
			1775	777
			1775	778
			1774	779
			1774	780
			1773	781
			1773	782
			1772	783
			1771	784
			1771	785
			1770	785
			1770	786
			1769	787
			1769	788
			1768	789
			1767	790
			1767	791
			1766	792
			1766	793
			1765	794
			1764	794
			1764	795
			1763	796
			1763	797
			1762	798
			1761	799
			1761	800
			1760	801
			1760	802
			1759	802
			1758	803
			1758	804
			1757	805
			1756	806
			1756	807
			1755	808
			1754	809
			1753	810
			1752	811
			1752	812
			1751	813
			1750	814
			1749	815
			1749	816
			1748	817
			1747	818
			1746	819
			1745	820
			1745	821
			1744	822
			1743	823
			1742	824
			1741	825
			1741	826
			1740	827
			1739	828
			1738	829
			1737	830
			1737	831
			1736	832
			1735	833
			1734	834
			1733	835
			1732	836
			1732	837
			1731	838
			1730	838
			1729	839
			1728	840
			1727	841
			1726	842
			1726	843
			1725	844
			1724	845
			1723	846
			1722	847
			1721	848
			1720	848
			1719	849
			1719	850
			1718	851
			1717	852
			1716	853
			1715	854
			1714	854
			1713	855
			1712	856
			1711	857
			1710	858
			1710	859
			1709	860
			1708	860
			1707	861
			1706	862
			1705	863
			1704	864
			1703	865
			1702	865
			1701	866
			1700	867
			1699	868
			1698	869
			1697	869
			1697	870
			1696	871
			1695	872
			1694	872
			1693	873
			1692	874
			1691	875
			1690	876
			1689	876
			1688	877
			1687	878
			1686	879
			1685	879
			1684	880
		</Eye>
	</curves.pixel>
	<ruler.points type=matrix rownames=TRUE colnames=FALSE nrow=2 ncol=2 as.numeric=TRUE >
		Ruler point 1	2	1894
		Ruler point 2	104	1894
	</ruler.points>
</shapes>

