<shapes type=list>
	<scaling type=logical names=FALSE length=1 as.numeric=FALSE >NA</scaling>
	<landmarks.pixel type=matrix rownames=TRUE colnames=FALSE nrow=11 ncol=2 as.numeric=TRUE >
		LM1Forehead	2384	523
		LM2UJFront	2988	1913
		LM3UJBack	2311	2070
		LM4LacOrb	2270	1373
		LM5QJoint	2252	2119
		LM6IOPL	2222	2246
		LM7IOPSOP	891	2315
		LM8A2A1	1343	1670
		LM9A1A3	1255	1190
		LM10TopMuscR	1094	989
		LM11TopMuscL	559	871
	</landmarks.pixel>
	<curves.control type=list>
		<Profile type=matrix rownames=FALSE colnames=FALSE nrow=7 ncol=2 as.numeric=TRUE >
			2384	523
			2741	753
			3034	1166
			3344	1620
			3269	1741
			3062	2103
			2988	1913
		</Profile>
		<Eye type=matrix rownames=FALSE colnames=FALSE nrow=13 ncol=2 as.numeric=TRUE >
			2270	1373
			2040	1500
			1850	1460
			1574	1437
			1471	1178
			1413	896
			1557	690
			1793	471
			2086	569
			2396	684
			2459	1046
			2430	1253
			2270	1373
		</Eye>
	</curves.control>
	<curves.pixel type=list>
		<Profile type=matrix rownames=FALSE colnames=FALSE nrow=1752 ncol=2 as.numeric=TRUE >
			2384	523
			2385	524
			2386	524
			2387	525
			2388	526
			2389	526
			2390	527
			2391	528
			2392	528
			2393	529
			2394	530
			2395	530
			2396	531
			2397	531
			2397	532
			2398	532
			2399	533
			2400	533
			2401	534
			2402	535
			2403	535
			2404	536
			2405	537
			2406	537
			2407	538
			2408	538
			2409	539
			2409	540
			2410	540
			2411	541
			2412	542
			2413	542
			2414	543
			2415	543
			2416	544
			2417	545
			2418	545
			2419	546
			2420	547
			2421	547
			2421	548
			2422	548
			2423	549
			2424	550
			2425	550
			2426	551
			2427	552
			2428	552
			2429	553
			2430	553
			2431	554
			2432	555
			2433	555
			2433	556
			2434	557
			2435	557
			2436	558
			2437	558
			2438	559
			2439	560
			2440	560
			2441	561
			2442	562
			2443	562
			2444	563
			2444	564
			2445	564
			2446	565
			2447	565
			2448	566
			2449	567
			2450	567
			2451	568
			2452	569
			2453	569
			2454	570
			2455	571
			2456	572
			2457	573
			2458	573
			2459	574
			2460	575
			2461	576
			2462	576
			2463	577
			2464	577
			2465	578
			2466	579
			2467	580
			2468	580
			2469	581
			2470	582
			2471	582
			2472	583
			2473	584
			2474	584
			2475	585
			2476	586
			2477	587
			2478	588
			2479	588
			2479	589
			2480	589
			2481	590
			2482	591
			2483	591
			2484	592
			2485	592
			2485	593
			2486	594
			2487	594
			2488	595
			2489	595
			2489	596
			2490	597
			2491	597
			2492	598
			2493	598
			2494	599
			2494	600
			2495	600
			2496	601
			2497	601
			2498	602
			2498	603
			2499	603
			2500	604
			2501	604
			2502	605
			2502	606
			2503	606
			2504	607
			2505	608
			2506	608
			2506	609
			2507	609
			2508	610
			2509	611
			2510	611
			2511	612
			2512	613
			2513	614
			2514	614
			2515	615
			2516	616
			2517	617
			2518	617
			2519	618
			2520	619
			2521	620
			2522	620
			2523	621
			2524	622
			2525	623
			2526	623
			2527	624
			2528	625
			2529	626
			2530	626
			2530	627
			2531	628
			2532	629
			2533	629
			2534	630
			2535	631
			2536	632
			2537	632
			2538	633
			2539	634
			2540	635
			2541	635
			2542	636
			2543	637
			2544	638
			2545	639
			2546	639
			2547	640
			2548	641
			2549	642
			2550	642
			2551	643
			2552	644
			2553	645
			2554	645
			2554	646
			2555	647
			2556	648
			2557	649
			2558	649
			2559	650
			2560	651
			2561	652
			2562	652
			2563	653
			2564	654
			2565	655
			2566	655
			2567	656
			2568	657
			2569	658
			2570	659
			2571	659
			2572	660
			2573	661
			2574	662
			2575	663
			2576	664
			2577	665
			2578	665
			2578	666
			2579	666
			2580	667
			2581	667
			2581	668
			2582	669
			2583	669
			2583	670
			2584	670
			2585	671
			2586	672
			2587	673
			2588	674
			2589	675
			2590	675
			2591	676
			2591	677
			2592	677
			2593	678
			2594	679
			2595	679
			2596	680
			2596	681
			2597	681
			2598	682
			2599	683
			2600	684
			2601	685
			2602	686
			2603	687
			2604	687
			2605	688
			2606	689
			2607	690
			2608	691
			2609	692
			2610	692
			2611	693
			2612	694
			2613	695
			2614	696
			2615	697
			2616	698
			2617	698
			2618	699
			2619	700
			2620	701
			2621	702
			2622	703
			2623	703
			2624	704
			2625	705
			2626	706
			2627	707
			2628	708
			2629	709
			2630	709
			2631	710
			2631	711
			2632	712
			2633	713
			2634	714
			2635	715
			2636	715
			2637	716
			2638	717
			2639	718
			2640	719
			2641	720
			2642	721
			2643	722
			2644	722
			2645	723
			2646	724
			2647	725
			2648	726
			2649	727
			2650	728
			2651	729
			2652	729
			2653	730
			2654	731
			2655	732
			2656	733
			2657	734
			2658	735
			2659	736
			2660	736
			2660	737
			2661	738
			2662	739
			2663	740
			2664	741
			2665	742
			2666	743
			2667	743
			2668	744
			2669	745
			2670	746
			2671	747
			2672	748
			2673	749
			2674	750
			2675	751
			2676	752
			2677	752
			2678	753
			2679	754
			2680	755
			2681	756
			2682	757
			2683	758
			2683	759
			2684	760
			2685	760
			2686	761
			2687	762
			2688	763
			2689	764
			2690	765
			2691	766
			2692	767
			2693	768
			2694	769
			2695	770
			2696	770
			2697	771
			2698	772
			2699	773
			2700	774
			2701	775
			2702	776
			2703	777
			2704	778
			2704	779
			2705	780
			2706	781
			2707	781
			2708	782
			2709	783
			2710	784
			2711	785
			2712	786
			2713	787
			2714	788
			2715	789
			2716	790
			2717	791
			2718	792
			2719	793
			2720	793
			2721	794
			2722	795
			2722	796
			2723	797
			2724	798
			2725	799
			2726	800
			2727	801
			2728	802
			2729	803
			2730	804
			2731	805
			2732	806
			2733	807
			2734	807
			2735	808
			2736	809
			2737	810
			2738	811
			2738	812
			2739	813
			2740	814
			2741	815
			2742	816
			2743	817
			2744	818
			2745	819
			2746	820
			2747	821
			2748	822
			2749	823
			2750	824
			2751	825
			2752	826
			2753	826
			2754	827
			2754	828
			2755	829
			2756	830
			2757	831
			2758	832
			2759	833
			2760	834
			2761	835
			2762	836
			2763	837
			2764	838
			2765	839
			2766	840
			2767	841
			2768	842
			2768	843
			2769	844
			2770	845
			2771	846
			2772	847
			2773	848
			2774	849
			2775	850
			2776	851
			2777	852
			2778	853
			2779	854
			2780	855
			2781	856
			2781	857
			2782	857
			2783	858
			2784	859
			2785	860
			2786	861
			2787	862
			2788	863
			2789	864
			2790	865
			2791	866
			2792	867
			2793	868
			2794	869
			2794	870
			2795	871
			2796	872
			2797	873
			2798	874
			2799	875
			2800	876
			2801	877
			2802	878
			2803	879
			2804	880
			2805	881
			2806	882
			2806	883
			2807	884
			2808	885
			2809	886
			2810	887
			2811	888
			2812	889
			2813	890
			2814	891
			2815	892
			2816	893
			2817	894
			2817	895
			2818	896
			2819	897
			2820	898
			2821	899
			2822	900
			2823	901
			2824	902
			2825	903
			2826	904
			2827	905
			2827	906
			2828	907
			2829	908
			2830	909
			2831	910
			2832	911
			2832	912
			2833	913
			2834	913
			2834	914
			2835	915
			2836	916
			2837	917
			2838	918
			2839	919
			2839	920
			2840	921
			2841	921
			2842	922
			2842	923
			2843	924
			2844	925
			2845	926
			2846	927
			2846	928
			2847	929
			2848	930
			2849	930
			2850	931
			2850	932
			2851	933
			2852	934
			2853	935
			2853	936
			2854	937
			2855	938
			2856	939
			2857	939
			2857	940
			2858	941
			2859	942
			2860	943
			2860	944
			2861	945
			2862	946
			2863	947
			2864	948
			2865	949
			2866	950
			2867	951
			2867	952
			2868	952
			2868	953
			2869	954
			2870	955
			2871	956
			2872	957
			2872	958
			2873	959
			2874	960
			2875	960
			2875	961
			2876	962
			2877	963
			2878	964
			2879	965
			2879	966
			2880	967
			2881	968
			2882	969
			2883	970
			2884	971
			2884	972
			2885	973
			2886	974
			2887	975
			2888	976
			2888	977
			2889	978
			2890	979
			2891	980
			2892	981
			2893	982
			2894	983
			2894	984
			2895	985
			2896	986
			2897	987
			2898	988
			2899	989
			2899	990
			2900	991
			2901	992
			2902	993
			2903	994
			2904	995
			2904	996
			2905	997
			2906	998
			2907	999
			2908	1000
			2909	1001
			2909	1002
			2910	1003
			2911	1004
			2912	1005
			2913	1006
			2914	1007
			2914	1008
			2915	1009
			2916	1010
			2917	1011
			2918	1012
			2919	1013
			2919	1014
			2920	1015
			2921	1016
			2922	1017
			2922	1018
			2923	1019
			2924	1020
			2925	1021
			2926	1022
			2926	1023
			2927	1024
			2928	1025
			2929	1026
			2929	1027
			2930	1028
			2931	1029
			2931	1030
			2932	1030
			2933	1031
			2934	1032
			2934	1033
			2935	1034
			2936	1035
			2936	1036
			2937	1037
			2938	1038
			2939	1038
			2939	1039
			2940	1040
			2941	1041
			2941	1042
			2942	1043
			2943	1044
			2943	1045
			2944	1046
			2945	1047
			2946	1047
			2946	1048
			2947	1049
			2948	1050
			2948	1051
			2949	1052
			2950	1053
			2951	1054
			2951	1055
			2952	1056
			2953	1056
			2953	1057
			2954	1058
			2955	1059
			2955	1060
			2956	1061
			2957	1062
			2958	1063
			2958	1064
			2959	1065
			2960	1066
			2961	1067
			2962	1068
			2962	1069
			2963	1070
			2964	1071
			2965	1072
			2966	1073
			2966	1074
			2967	1075
			2967	1076
			2968	1076
			2969	1077
			2969	1078
			2970	1079
			2971	1080
			2972	1081
			2972	1082
			2973	1083
			2974	1084
			2975	1085
			2975	1086
			2976	1087
			2977	1088
			2978	1089
			2978	1090
			2979	1091
			2980	1092
			2980	1093
			2981	1094
			2982	1095
			2983	1096
			2983	1097
			2984	1097
			2985	1098
			2985	1099
			2986	1100
			2987	1101
			2988	1102
			2988	1103
			2989	1104
			2990	1105
			2990	1106
			2991	1107
			2992	1108
			2993	1109
			2993	1110
			2994	1111
			2995	1112
			2996	1113
			2996	1114
			2997	1115
			2998	1116
			2998	1117
			2999	1118
			3000	1119
			3001	1120
			3001	1121
			3002	1122
			3003	1123
			3003	1124
			3004	1125
			3005	1126
			3006	1127
			3006	1128
			3007	1129
			3008	1129
			3008	1130
			3009	1131
			3010	1132
			3011	1133
			3011	1134
			3012	1135
			3013	1136
			3013	1137
			3014	1138
			3015	1139
			3016	1140
			3016	1141
			3017	1142
			3018	1143
			3018	1144
			3019	1145
			3020	1146
			3021	1147
			3021	1148
			3022	1149
			3023	1150
			3023	1151
			3024	1152
			3025	1153
			3026	1154
			3026	1155
			3027	1156
			3028	1157
			3028	1158
			3029	1159
			3030	1160
			3031	1161
			3031	1162
			3032	1163
			3033	1164
			3033	1165
			3034	1166
			3035	1167
			3036	1168
			3036	1169
			3037	1170
			3037	1171
			3038	1172
			3039	1173
			3040	1174
			3040	1175
			3041	1176
			3041	1177
			3042	1178
			3043	1179
			3044	1180
			3044	1181
			3045	1182
			3045	1183
			3046	1184
			3047	1185
			3047	1186
			3048	1187
			3049	1188
			3050	1189
			3051	1190
			3051	1191
			3052	1192
			3052	1193
			3053	1194
			3054	1195
			3054	1196
			3055	1197
			3055	1198
			3056	1198
			3057	1199
			3057	1200
			3058	1201
			3058	1202
			3059	1202
			3059	1203
			3060	1204
			3060	1205
			3061	1206
			3062	1207
			3062	1208
			3063	1209
			3064	1210
			3064	1211
			3065	1212
			3066	1213
			3066	1214
			3067	1215
			3067	1216
			3068	1217
			3069	1218
			3069	1219
			3070	1220
			3071	1220
			3071	1221
			3072	1222
			3072	1223
			3073	1224
			3074	1225
			3074	1226
			3075	1227
			3076	1228
			3076	1229
			3077	1230
			3077	1231
			3078	1232
			3079	1233
			3079	1234
			3080	1234
			3080	1235
			3081	1236
			3082	1237
			3082	1238
			3083	1239
			3083	1240
			3084	1241
			3085	1242
			3085	1243
			3086	1244
			3086	1245
			3087	1246
			3088	1246
			3088	1247
			3089	1248
			3089	1249
			3090	1250
			3091	1251
			3091	1252
			3092	1253
			3092	1254
			3093	1255
			3094	1256
			3095	1257
			3095	1258
			3096	1259
			3096	1260
			3097	1260
			3097	1261
			3097	1262
			3098	1262
			3098	1263
			3099	1264
			3100	1265
			3100	1266
			3101	1267
			3101	1268
			3102	1269
			3103	1270
			3103	1271
			3104	1272
			3105	1273
			3105	1274
			3106	1275
			3106	1276
			3107	1277
			3108	1278
			3109	1279
			3109	1280
			3110	1281
			3110	1282
			3111	1283
			3112	1284
			3112	1285
			3113	1286
			3113	1287
			3114	1287
			3114	1288
			3115	1289
			3115	1290
			3116	1290
			3116	1291
			3117	1292
			3117	1293
			3118	1294
			3119	1295
			3119	1296
			3120	1297
			3120	1298
			3121	1299
			3122	1300
			3122	1301
			3123	1302
			3123	1303
			3124	1304
			3124	1305
			3125	1305
			3126	1306
			3126	1307
			3127	1308
			3127	1309
			3128	1310
			3128	1311
			3129	1312
			3130	1313
			3130	1314
			3131	1315
			3131	1316
			3132	1317
			3132	1318
			3133	1318
			3134	1319
			3134	1320
			3135	1321
			3135	1322
			3136	1323
			3136	1324
			3137	1325
			3137	1326
			3138	1327
			3139	1328
			3140	1329
			3140	1330
			3141	1331
			3141	1332
			3142	1333
			3143	1334
			3143	1335
			3144	1336
			3144	1337
			3145	1337
			3145	1338
			3145	1339
			3146	1340
			3146	1341
			3147	1341
			3147	1342
			3148	1343
			3148	1344
			3149	1344
			3149	1345
			3150	1346
			3150	1347
			3151	1348
			3151	1349
			3152	1350
			3152	1351
			3153	1352
			3154	1353
			3154	1354
			3155	1355
			3156	1356
			3156	1357
			3157	1358
			3157	1359
			3158	1359
			3158	1360
			3158	1361
			3159	1361
			3159	1362
			3159	1363
			3160	1363
			3160	1364
			3161	1365
			3161	1366
			3162	1367
			3163	1368
			3163	1369
			3163	1370
			3164	1370
			3164	1371
			3165	1372
			3165	1373
			3166	1373
			3166	1374
			3167	1375
			3167	1376
			3167	1377
			3168	1377
			3168	1378
			3169	1379
			3169	1380
			3170	1380
			3170	1381
			3170	1382
			3171	1383
			3172	1384
			3172	1385
			3173	1386
			3173	1387
			3174	1388
			3174	1389
			3175	1390
			3175	1391
			3176	1391
			3176	1392
			3177	1393
			3177	1394
			3178	1395
			3178	1396
			3179	1397
			3179	1398
			3180	1399
			3180	1400
			3181	1400
			3181	1401
			3182	1402
			3182	1403
			3183	1404
			3183	1405
			3184	1406
			3184	1407
			3185	1408
			3186	1409
			3186	1410
			3187	1411
			3187	1412
			3188	1413
			3188	1414
			3189	1415
			3190	1416
			3190	1417
			3190	1418
			3191	1418
			3191	1419
			3192	1420
			3192	1421
			3193	1422
			3193	1423
			3194	1424
			3194	1425
			3195	1426
			3195	1427
			3196	1427
			3196	1428
			3197	1429
			3197	1430
			3198	1431
			3198	1432
			3199	1433
			3199	1434
			3199	1435
			3200	1435
			3200	1436
			3201	1437
			3201	1438
			3202	1439
			3202	1440
			3203	1441
			3203	1442
			3204	1443
			3204	1444
			3205	1445
			3206	1446
			3206	1447
			3207	1448
			3207	1449
			3207	1450
			3208	1450
			3208	1451
			3208	1452
			3209	1452
			3209	1453
			3210	1454
			3210	1455
			3211	1456
			3211	1457
			3211	1458
			3212	1458
			3212	1459
			3212	1460
			3213	1460
			3213	1461
			3214	1462
			3214	1463
			3215	1464
			3215	1465
			3215	1466
			3216	1467
			3216	1468
			3217	1469
			3218	1470
			3218	1471
			3219	1472
			3219	1473
			3220	1474
			3220	1475
			3220	1476
			3221	1477
			3221	1478
			3222	1479
			3223	1480
			3223	1481
			3223	1482
			3224	1483
			3224	1484
			3225	1485
			3225	1486
			3226	1487
			3226	1488
			3226	1489
			3227	1489
			3227	1490
			3228	1491
			3228	1492
			3228	1493
			3229	1494
			3229	1495
			3230	1495
			3230	1496
			3231	1497
			3231	1498
			3231	1499
			3232	1500
			3232	1501
			3232	1502
			3233	1502
			3233	1503
			3234	1504
			3234	1505
			3234	1506
			3235	1507
			3236	1508
			3236	1509
			3236	1510
			3237	1511
			3237	1512
			3238	1513
			3238	1514
			3239	1515
			3239	1516
			3240	1517
			3240	1518
			3240	1519
			3241	1520
			3241	1521
			3242	1522
			3242	1523
			3243	1524
			3243	1525
			3243	1526
			3244	1527
			3244	1528
			3245	1529
			3245	1530
			3245	1531
			3246	1532
			3246	1533
			3247	1534
			3247	1535
			3247	1536
			3248	1537
			3248	1538
			3249	1539
			3249	1540
			3249	1541
			3250	1542
			3250	1543
			3251	1544
			3251	1545
			3251	1546
			3252	1547
			3252	1548
			3253	1549
			3253	1550
			3253	1551
			3254	1552
			3254	1553
			3255	1554
			3255	1555
			3255	1556
			3256	1556
			3256	1557
			3256	1558
			3256	1559
			3257	1560
			3257	1561
			3258	1562
			3258	1563
			3258	1564
			3259	1565
			3259	1566
			3259	1567
			3260	1568
			3260	1569
			3260	1570
			3261	1571
			3261	1572
			3262	1573
			3262	1574
			3262	1575
			3262	1576
			3263	1576
			3263	1577
			3263	1578
			3264	1579
			3264	1580
			3264	1581
			3265	1582
			3265	1583
			3265	1584
			3266	1585
			3266	1586
			3266	1587
			3266	1588
			3267	1589
			3267	1590
			3267	1591
			3268	1592
			3268	1593
			3268	1594
			3269	1595
			3269	1596
			3269	1597
			3270	1598
			3270	1599
			3270	1600
			3270	1601
			3271	1602
			3271	1603
			3271	1604
			3272	1605
			3272	1606
			3272	1607
			3272	1608
			3273	1609
			3273	1610
			3273	1611
			3274	1612
			3274	1613
			3274	1614
			3274	1615
			3274	1616
			3275	1617
			3275	1618
			3275	1619
			3275	1620
			3276	1620
			3276	1621
			3276	1622
			3276	1623
			3276	1624
			3277	1625
			3277	1626
			3277	1627
			3277	1628
			3277	1629
			3278	1629
			3278	1630
			3278	1631
			3278	1632
			3278	1633
			3278	1634
			3279	1635
			3279	1636
			3279	1637
			3279	1638
			3280	1639
			3280	1640
			3280	1641
			3280	1642
			3280	1643
			3280	1644
			3281	1645
			3281	1646
			3281	1647
			3281	1648
			3281	1649
			3281	1650
			3281	1651
			3282	1652
			3282	1653
			3282	1654
			3282	1655
			3282	1656
			3282	1657
			3282	1658
			3282	1659
			3282	1660
			3283	1661
			3283	1662
			3283	1663
			3283	1664
			3283	1665
			3283	1666
			3283	1667
			3283	1668
			3283	1669
			3283	1670
			3283	1671
			3283	1672
			3283	1673
			3283	1674
			3284	1675
			3284	1676
			3284	1677
			3284	1678
			3284	1679
			3284	1680
			3284	1681
			3284	1682
			3284	1683
			3284	1684
			3284	1685
			3284	1686
			3283	1687
			3283	1688
			3283	1689
			3283	1690
			3283	1691
			3283	1692
			3283	1693
			3283	1694
			3283	1695
			3283	1696
			3283	1697
			3283	1698
			3283	1699
			3283	1700
			3282	1701
			3282	1702
			3282	1703
			3282	1704
			3282	1705
			3282	1706
			3281	1707
			3281	1708
			3281	1709
			3281	1710
			3281	1711
			3280	1712
			3280	1713
			3280	1714
			3280	1715
			3280	1716
			3279	1717
			3279	1718
			3279	1719
			3278	1720
			3278	1721
			3278	1722
			3277	1723
			3277	1724
			3277	1725
			3276	1726
			3276	1727
			3276	1728
			3275	1728
			3275	1729
			3275	1730
			3274	1731
			3274	1732
			3273	1733
			3273	1734
			3272	1735
			3272	1736
			3272	1737
			3271	1737
			3271	1738
			3270	1739
			3270	1740
			3269	1740
			3269	1741
			3268	1742
			3268	1743
			3267	1744
			3267	1745
			3266	1745
			3266	1746
			3266	1747
			3265	1748
			3265	1749
			3264	1749
			3264	1750
			3263	1751
			3263	1752
			3262	1753
			3261	1754
			3261	1755
			3260	1756
			3260	1757
			3259	1758
			3259	1759
			3258	1760
			3258	1761
			3257	1762
			3257	1763
			3256	1763
			3255	1764
			3255	1765
			3254	1766
			3254	1767
			3253	1768
			3253	1769
			3252	1770
			3252	1771
			3251	1772
			3251	1773
			3250	1773
			3249	1774
			3249	1775
			3248	1776
			3248	1777
			3247	1778
			3247	1779
			3246	1780
			3246	1781
			3245	1782
			3244	1783
			3243	1784
			3243	1785
			3242	1786
			3242	1787
			3241	1788
			3241	1789
			3240	1789
			3240	1790
			3240	1791
			3239	1791
			3239	1792
			3238	1793
			3237	1794
			3237	1795
			3236	1796
			3236	1797
			3235	1798
			3234	1799
			3234	1800
			3233	1801
			3233	1802
			3232	1803
			3231	1804
			3231	1805
			3230	1806
			3229	1807
			3229	1808
			3228	1809
			3227	1810
			3227	1811
			3226	1812
			3225	1813
			3225	1814
			3224	1815
			3224	1816
			3223	1817
			3222	1818
			3222	1819
			3221	1820
			3220	1821
			3220	1822
			3219	1823
			3218	1824
			3218	1825
			3217	1826
			3217	1827
			3216	1828
			3215	1829
			3215	1830
			3214	1831
			3213	1832
			3213	1833
			3212	1834
			3212	1835
			3211	1836
			3210	1837
			3210	1838
			3209	1838
			3208	1839
			3208	1840
			3207	1841
			3207	1842
			3206	1843
			3205	1844
			3205	1845
			3204	1846
			3203	1847
			3203	1848
			3202	1848
			3202	1849
			3201	1850
			3200	1851
			3200	1852
			3199	1853
			3199	1854
			3198	1855
			3197	1856
			3196	1857
			3195	1858
			3195	1859
			3194	1860
			3193	1861
			3192	1862
			3192	1863
			3191	1864
			3190	1865
			3190	1866
			3189	1867
			3188	1868
			3187	1869
			3187	1870
			3186	1871
			3185	1872
			3185	1873
			3184	1874
			3183	1875
			3182	1876
			3182	1877
			3181	1878
			3180	1879
			3180	1880
			3179	1881
			3178	1882
			3178	1883
			3177	1884
			3176	1885
			3175	1885
			3175	1886
			3174	1887
			3173	1888
			3173	1889
			3172	1890
			3171	1891
			3171	1892
			3170	1893
			3169	1893
			3168	1894
			3168	1895
			3167	1896
			3166	1897
			3166	1898
			3165	1899
			3164	1899
			3164	1900
			3163	1901
			3162	1902
			3162	1903
			3161	1903
			3160	1904
			3160	1905
			3159	1906
			3158	1907
			3158	1908
			3157	1908
			3156	1909
			3156	1910
			3155	1911
			3154	1911
			3154	1912
			3153	1913
			3152	1914
			3151	1915
			3150	1916
			3149	1917
			3149	1918
			3148	1919
			3147	1920
			3146	1920
			3145	1921
			3145	1922
			3144	1923
			3143	1924
			3142	1925
			3142	1926
			3141	1926
			3140	1927
			3139	1928
			3139	1929
			3138	1930
			3137	1930
			3136	1931
			3135	1932
			3135	1933
			3134	1933
			3133	1934
			3132	1935
			3132	1936
			3131	1936
			3130	1937
			3129	1938
			3129	1939
			3128	1939
			3127	1940
			3126	1941
			3125	1942
			3124	1943
			3123	1944
			3122	1944
			3121	1945
			3121	1946
			3120	1947
			3119	1948
			3118	1948
			3117	1949
			3116	1950
			3115	1950
			3114	1951
			3114	1952
			3113	1953
			3112	1953
			3111	1954
			3110	1955
			3109	1955
			3108	1956
			3108	1957
			3107	1957
			3106	1958
			3105	1958
			3104	1959
			3103	1960
			3102	1961
			3101	1961
			3100	1962
			3099	1963
			3098	1963
			3097	1964
			3096	1965
			3095	1965
			3094	1966
			3093	1966
			3092	1967
			3091	1967
			3090	1968
			3089	1968
			3088	1969
			3087	1969
			3086	1970
			3085	1970
			3084	1971
			3083	1972
			3082	1972
			3081	1972
			3081	1973
			3080	1973
			3079	1973
			3078	1974
			3077	1974
			3076	1974
			3075	1975
			3074	1975
			3073	1976
			3072	1976
			3071	1976
			3070	1976
			3069	1977
			3068	1977
			3067	1977
			3066	1977
			3065	1977
			3065	1978
			3064	1978
			3063	1978
			3062	1978
			3061	1978
			3060	1978
			3059	1978
			3058	1978
			3057	1978
			3056	1978
			3055	1978
			3054	1978
			3053	1978
			3052	1978
			3051	1978
			3050	1978
			3049	1978
			3048	1978
			3047	1978
			3046	1978
			3045	1977
			3044	1977
			3043	1977
			3042	1977
			3041	1976
			3040	1976
			3039	1976
			3038	1975
			3037	1975
			3036	1975
			3035	1974
			3034	1974
			3033	1973
			3032	1973
			3031	1973
			3030	1972
			3030	1971
			3029	1971
			3028	1970
			3027	1970
			3026	1969
			3025	1969
			3024	1968
			3023	1967
			3022	1967
			3022	1966
			3021	1965
			3020	1964
			3019	1964
			3018	1963
			3017	1962
			3017	1961
			3016	1960
			3015	1959
			3014	1959
			3013	1958
			3012	1957
			3012	1956
			3011	1955
			3010	1954
			3009	1953
			3009	1952
			3008	1951
			3007	1950
			3006	1949
			3006	1948
			3005	1947
			3004	1946
			3004	1945
			3003	1944
			3003	1943
			3002	1942
			3001	1941
			3001	1940
			3000	1939
			3000	1938
			2999	1937
			2998	1936
			2998	1935
			2998	1934
			2997	1933
			2997	1932
			2996	1932
			2996	1931
			2995	1930
			2995	1929
			2995	1928
			2994	1927
			2994	1926
			2993	1925
			2993	1924
			2992	1924
			2992	1923
			2992	1922
			2991	1921
			2991	1920
			2990	1919
			2990	1918
			2990	1917
			2989	1916
			2989	1915
			2988	1914
			2988	1913
		</Profile>
		<Eye type=matrix rownames=FALSE colnames=FALSE nrow=2880 ncol=2 as.numeric=TRUE >
			2270	1373
			2269	1373
			2268	1374
			2267	1374
			2266	1375
			2265	1375
			2265	1376
			2264	1376
			2263	1377
			2262	1377
			2261	1378
			2260	1378
			2259	1379
			2258	1379
			2257	1380
			2256	1380
			2256	1381
			2255	1381
			2254	1382
			2253	1382
			2252	1383
			2251	1383
			2250	1384
			2249	1384
			2248	1385
			2247	1385
			2247	1386
			2246	1386
			2245	1386
			2244	1387
			2243	1387
			2242	1388
			2241	1388
			2240	1389
			2239	1389
			2238	1390
			2237	1391
			2236	1391
			2235	1392
			2234	1392
			2233	1392
			2233	1393
			2232	1393
			2231	1393
			2231	1394
			2230	1394
			2229	1394
			2229	1395
			2228	1395
			2227	1395
			2227	1396
			2226	1396
			2225	1396
			2224	1397
			2223	1397
			2222	1398
			2221	1398
			2221	1399
			2220	1399
			2219	1399
			2218	1400
			2217	1400
			2216	1401
			2215	1401
			2214	1402
			2213	1402
			2212	1403
			2211	1403
			2210	1403
			2209	1404
			2208	1404
			2208	1405
			2207	1405
			2206	1406
			2205	1406
			2204	1406
			2203	1407
			2202	1407
			2201	1408
			2200	1408
			2199	1409
			2198	1409
			2197	1409
			2197	1410
			2196	1410
			2195	1411
			2194	1411
			2193	1411
			2192	1412
			2191	1412
			2190	1413
			2189	1413
			2188	1413
			2187	1414
			2186	1415
			2185	1415
			2184	1415
			2183	1416
			2182	1416
			2181	1417
			2180	1417
			2179	1417
			2178	1418
			2177	1418
			2176	1419
			2175	1419
			2174	1419
			2173	1420
			2172	1420
			2171	1421
			2170	1421
			2169	1421
			2168	1422
			2167	1422
			2166	1423
			2165	1423
			2164	1424
			2163	1424
			2162	1424
			2161	1425
			2160	1425
			2159	1425
			2158	1426
			2157	1426
			2156	1427
			2155	1427
			2154	1427
			2153	1428
			2152	1428
			2151	1429
			2150	1429
			2149	1429
			2148	1430
			2147	1430
			2146	1430
			2145	1431
			2144	1431
			2143	1431
			2142	1432
			2141	1432
			2140	1432
			2139	1433
			2138	1433
			2137	1434
			2136	1434
			2135	1435
			2134	1435
			2133	1435
			2132	1435
			2131	1436
			2130	1436
			2129	1436
			2129	1437
			2128	1437
			2127	1437
			2126	1437
			2125	1438
			2124	1438
			2123	1439
			2122	1439
			2121	1439
			2120	1440
			2119	1440
			2118	1440
			2117	1440
			2116	1441
			2115	1441
			2114	1441
			2113	1442
			2112	1442
			2111	1442
			2110	1443
			2109	1443
			2108	1443
			2107	1444
			2106	1444
			2105	1444
			2104	1444
			2103	1445
			2102	1445
			2101	1445
			2100	1446
			2099	1446
			2098	1446
			2097	1446
			2096	1447
			2095	1447
			2094	1447
			2093	1448
			2092	1448
			2091	1448
			2090	1448
			2089	1449
			2088	1449
			2087	1449
			2086	1450
			2085	1450
			2084	1450
			2083	1450
			2082	1451
			2081	1451
			2080	1451
			2079	1451
			2078	1452
			2077	1452
			2076	1452
			2075	1453
			2074	1453
			2073	1453
			2072	1453
			2071	1454
			2070	1454
			2069	1454
			2068	1454
			2067	1455
			2066	1455
			2065	1455
			2064	1455
			2063	1455
			2062	1456
			2061	1456
			2060	1456
			2059	1456
			2058	1457
			2057	1457
			2056	1457
			2055	1457
			2054	1457
			2053	1458
			2052	1458
			2051	1458
			2050	1458
			2049	1458
			2048	1459
			2047	1459
			2046	1459
			2045	1459
			2044	1459
			2043	1460
			2042	1460
			2041	1460
			2040	1460
			2039	1460
			2038	1461
			2037	1461
			2036	1461
			2035	1461
			2034	1461
			2033	1461
			2032	1462
			2031	1462
			2030	1462
			2029	1462
			2028	1462
			2027	1462
			2026	1463
			2025	1463
			2024	1463
			2023	1463
			2022	1463
			2021	1463
			2020	1464
			2019	1464
			2018	1464
			2017	1464
			2016	1464
			2015	1464
			2014	1465
			2013	1465
			2012	1465
			2011	1465
			2010	1465
			2009	1465
			2008	1465
			2007	1465
			2006	1466
			2005	1466
			2004	1466
			2003	1466
			2002	1466
			2001	1466
			2000	1466
			1999	1466
			1998	1467
			1997	1467
			1996	1467
			1995	1467
			1994	1467
			1993	1467
			1992	1467
			1991	1467
			1990	1467
			1989	1467
			1988	1468
			1987	1468
			1986	1468
			1985	1468
			1984	1468
			1983	1468
			1982	1468
			1981	1468
			1980	1468
			1979	1468
			1978	1468
			1977	1468
			1976	1468
			1975	1469
			1974	1469
			1973	1469
			1972	1469
			1971	1469
			1970	1469
			1969	1469
			1968	1469
			1967	1469
			1966	1469
			1965	1469
			1964	1469
			1963	1469
			1962	1469
			1961	1469
			1960	1469
			1959	1469
			1958	1469
			1957	1469
			1956	1469
			1955	1469
			1954	1469
			1953	1469
			1952	1469
			1951	1470
			1950	1470
			1949	1470
			1948	1470
			1947	1470
			1946	1470
			1945	1470
			1944	1470
			1943	1470
			1942	1470
			1941	1470
			1940	1470
			1939	1470
			1938	1470
			1937	1470
			1936	1470
			1935	1470
			1934	1469
			1933	1469
			1932	1469
			1931	1469
			1930	1469
			1929	1469
			1928	1469
			1927	1469
			1926	1469
			1925	1469
			1924	1469
			1923	1469
			1922	1469
			1921	1469
			1920	1469
			1919	1469
			1918	1469
			1917	1469
			1916	1469
			1915	1469
			1914	1469
			1913	1469
			1912	1469
			1911	1468
			1910	1468
			1909	1468
			1908	1468
			1907	1468
			1906	1468
			1905	1468
			1904	1468
			1903	1468
			1902	1468
			1901	1468
			1900	1468
			1899	1467
			1898	1467
			1897	1467
			1896	1467
			1895	1467
			1894	1467
			1893	1467
			1892	1467
			1891	1467
			1890	1467
			1889	1466
			1888	1466
			1887	1466
			1886	1466
			1885	1466
			1884	1466
			1883	1466
			1882	1466
			1881	1465
			1880	1465
			1879	1465
			1878	1465
			1877	1465
			1876	1465
			1875	1465
			1874	1464
			1873	1464
			1872	1464
			1871	1464
			1870	1464
			1869	1464
			1868	1463
			1867	1463
			1866	1463
			1865	1463
			1864	1463
			1863	1463
			1862	1462
			1861	1462
			1860	1462
			1859	1462
			1858	1462
			1857	1462
			1857	1461
			1856	1461
			1855	1461
			1854	1461
			1853	1461
			1852	1461
			1852	1460
			1851	1460
			1850	1460
			1849	1460
			1848	1460
			1847	1460
			1846	1460
			1845	1460
			1844	1459
			1843	1459
			1842	1459
			1841	1459
			1840	1459
			1839	1459
			1838	1459
			1837	1459
			1836	1459
			1835	1459
			1834	1458
			1833	1458
			1832	1458
			1831	1458
			1830	1458
			1829	1458
			1828	1458
			1827	1458
			1826	1457
			1825	1457
			1824	1457
			1823	1457
			1822	1457
			1821	1457
			1820	1457
			1819	1457
			1818	1456
			1817	1456
			1816	1456
			1815	1456
			1814	1456
			1813	1456
			1812	1456
			1811	1455
			1810	1455
			1809	1455
			1808	1455
			1807	1455
			1806	1455
			1805	1454
			1804	1454
			1803	1454
			1802	1454
			1801	1454
			1800	1454
			1799	1453
			1798	1453
			1797	1453
			1796	1453
			1795	1453
			1794	1453
			1793	1452
			1792	1452
			1791	1452
			1790	1452
			1789	1452
			1788	1451
			1787	1451
			1786	1451
			1785	1451
			1784	1451
			1783	1450
			1782	1450
			1781	1450
			1780	1450
			1779	1450
			1778	1449
			1777	1449
			1776	1449
			1775	1449
			1774	1449
			1773	1448
			1772	1448
			1771	1448
			1770	1447
			1769	1447
			1768	1447
			1767	1447
			1766	1447
			1766	1446
			1765	1446
			1764	1446
			1763	1446
			1762	1446
			1761	1445
			1760	1445
			1759	1445
			1758	1445
			1758	1444
			1757	1444
			1756	1444
			1755	1444
			1754	1443
			1753	1443
			1752	1443
			1751	1443
			1750	1442
			1749	1442
			1748	1442
			1747	1441
			1746	1441
			1745	1441
			1744	1441
			1743	1440
			1742	1440
			1741	1440
			1740	1439
			1739	1439
			1738	1439
			1737	1439
			1737	1438
			1736	1438
			1735	1438
			1734	1438
			1734	1437
			1733	1437
			1732	1437
			1731	1437
			1731	1436
			1730	1436
			1729	1436
			1728	1436
			1728	1435
			1727	1435
			1726	1435
			1725	1435
			1725	1434
			1724	1434
			1723	1434
			1722	1434
			1722	1433
			1721	1433
			1720	1433
			1719	1432
			1718	1432
			1717	1432
			1716	1431
			1715	1431
			1714	1431
			1714	1430
			1713	1430
			1712	1430
			1711	1429
			1710	1429
			1709	1429
			1708	1428
			1707	1428
			1706	1427
			1705	1427
			1704	1426
			1703	1426
			1702	1426
			1701	1425
			1700	1425
			1699	1425
			1698	1424
			1697	1424
			1696	1423
			1695	1423
			1694	1422
			1693	1422
			1692	1422
			1692	1421
			1691	1421
			1690	1421
			1690	1420
			1689	1420
			1688	1420
			1687	1419
			1686	1419
			1685	1418
			1684	1418
			1683	1417
			1682	1417
			1681	1417
			1680	1416
			1679	1416
			1679	1415
			1678	1415
			1677	1414
			1676	1414
			1675	1414
			1674	1413
			1673	1412
			1672	1412
			1671	1411
			1670	1411
			1669	1410
			1668	1410
			1667	1409
			1666	1409
			1665	1408
			1664	1408
			1663	1407
			1662	1407
			1661	1406
			1660	1406
			1659	1405
			1658	1404
			1657	1404
			1656	1403
			1655	1403
			1654	1402
			1653	1402
			1652	1401
			1651	1401
			1650	1400
			1649	1399
			1648	1399
			1647	1398
			1646	1398
			1645	1397
			1644	1396
			1643	1395
			1642	1395
			1641	1394
			1640	1394
			1639	1393
			1638	1392
			1637	1392
			1636	1391
			1635	1391
			1635	1390
			1634	1390
			1633	1389
			1632	1389
			1631	1388
			1631	1387
			1630	1387
			1629	1386
			1628	1386
			1627	1385
			1626	1384
			1625	1383
			1624	1383
			1623	1382
			1622	1381
			1621	1381
			1620	1380
			1619	1379
			1618	1379
			1617	1378
			1616	1377
			1615	1376
			1614	1375
			1613	1375
			1612	1374
			1611	1373
			1610	1372
			1609	1372
			1608	1371
			1607	1370
			1606	1370
			1606	1369
			1605	1368
			1604	1368
			1603	1367
			1602	1366
			1601	1365
			1600	1364
			1599	1364
			1598	1363
			1597	1362
			1596	1361
			1595	1360
			1594	1359
			1593	1358
			1592	1357
			1591	1357
			1591	1356
			1590	1356
			1589	1355
			1588	1354
			1587	1353
			1586	1352
			1585	1351
			1584	1351
			1584	1350
			1583	1349
			1582	1349
			1581	1348
			1581	1347
			1580	1346
			1579	1346
			1578	1345
			1578	1344
			1577	1343
			1576	1343
			1575	1342
			1575	1341
			1574	1340
			1573	1340
			1573	1339
			1572	1338
			1571	1338
			1570	1337
			1570	1336
			1569	1335
			1568	1335
			1567	1334
			1567	1333
			1566	1332
			1565	1331
			1564	1330
			1563	1329
			1562	1328
			1561	1327
			1560	1326
			1560	1325
			1559	1324
			1558	1323
			1557	1322
			1556	1321
			1555	1320
			1554	1319
			1553	1318
			1553	1317
			1552	1316
			1551	1316
			1551	1315
			1550	1314
			1549	1313
			1548	1312
			1547	1311
			1546	1310
			1546	1309
			1545	1308
			1544	1307
			1544	1306
			1543	1306
			1542	1305
			1542	1304
			1541	1303
			1540	1302
			1540	1301
			1539	1300
			1538	1299
			1538	1298
			1537	1298
			1536	1297
			1536	1296
			1535	1295
			1534	1294
			1534	1293
			1533	1292
			1532	1291
			1532	1290
			1531	1289
			1530	1289
			1530	1288
			1529	1287
			1528	1286
			1528	1285
			1527	1284
			1526	1283
			1526	1282
			1525	1281
			1524	1280
			1524	1279
			1523	1278
			1523	1277
			1522	1276
			1521	1275
			1521	1274
			1520	1274
			1519	1273
			1519	1272
			1518	1271
			1518	1270
			1517	1269
			1516	1268
			1516	1267
			1515	1266
			1514	1265
			1514	1264
			1513	1263
			1513	1262
			1512	1261
			1511	1260
			1511	1259
			1510	1258
			1510	1257
			1509	1256
			1508	1255
			1508	1254
			1507	1253
			1507	1252
			1506	1251
			1506	1250
			1505	1249
			1504	1248
			1504	1247
			1503	1246
			1503	1245
			1502	1244
			1501	1243
			1501	1242
			1500	1241
			1500	1240
			1499	1239
			1499	1238
			1498	1237
			1498	1236
			1497	1235
			1497	1234
			1496	1233
			1496	1232
			1495	1231
			1495	1230
			1494	1230
			1494	1229
			1494	1228
			1493	1227
			1493	1226
			1492	1225
			1492	1224
			1491	1223
			1491	1222
			1490	1221
			1490	1220
			1489	1219
			1489	1218
			1488	1217
			1487	1216
			1487	1215
			1487	1214
			1486	1214
			1486	1213
			1486	1212
			1485	1211
			1485	1210
			1484	1209
			1484	1208
			1483	1207
			1483	1206
			1482	1205
			1482	1204
			1481	1203
			1481	1202
			1481	1201
			1480	1200
			1480	1199
			1479	1198
			1479	1197
			1478	1196
			1478	1195
			1477	1194
			1477	1193
			1477	1192
			1476	1191
			1476	1190
			1476	1189
			1475	1189
			1475	1188
			1475	1187
			1474	1186
			1474	1185
			1473	1184
			1473	1183
			1473	1182
			1472	1181
			1472	1180
			1471	1179
			1471	1178
			1471	1177
			1471	1176
			1470	1175
			1470	1174
			1470	1173
			1470	1172
			1470	1171
			1469	1170
			1469	1169
			1469	1168
			1469	1167
			1469	1166
			1468	1165
			1468	1164
			1468	1163
			1468	1162
			1468	1161
			1468	1160
			1467	1159
			1467	1158
			1467	1157
			1467	1156
			1467	1155
			1466	1154
			1466	1153
			1466	1152
			1466	1151
			1466	1150
			1465	1149
			1465	1148
			1465	1147
			1465	1146
			1465	1145
			1465	1144
			1464	1143
			1464	1142
			1464	1141
			1464	1140
			1464	1139
			1464	1138
			1464	1137
			1463	1136
			1463	1135
			1463	1134
			1463	1133
			1463	1132
			1463	1131
			1462	1130
			1462	1129
			1462	1128
			1462	1127
			1462	1126
			1462	1125
			1462	1124
			1461	1123
			1461	1122
			1461	1121
			1461	1120
			1461	1119
			1461	1118
			1461	1117
			1461	1116
			1460	1115
			1460	1114
			1460	1113
			1460	1112
			1460	1111
			1460	1110
			1460	1109
			1460	1108
			1459	1107
			1459	1106
			1459	1105
			1459	1104
			1459	1103
			1459	1102
			1459	1101
			1459	1100
			1459	1099
			1458	1098
			1458	1097
			1458	1096
			1458	1095
			1458	1094
			1458	1093
			1458	1092
			1458	1091
			1458	1090
			1458	1089
			1457	1088
			1457	1087
			1457	1086
			1457	1085
			1457	1084
			1457	1083
			1457	1082
			1457	1081
			1457	1080
			1457	1079
			1457	1078
			1457	1077
			1456	1076
			1456	1075
			1456	1074
			1456	1073
			1456	1072
			1456	1071
			1456	1070
			1456	1069
			1456	1068
			1456	1067
			1456	1066
			1456	1065
			1456	1064
			1456	1063
			1456	1062
			1455	1061
			1455	1060
			1455	1059
			1455	1058
			1455	1057
			1455	1056
			1455	1055
			1455	1054
			1455	1053
			1455	1052
			1455	1051
			1455	1050
			1455	1049
			1455	1048
			1455	1047
			1455	1046
			1455	1045
			1455	1044
			1455	1043
			1455	1042
			1455	1041
			1455	1040
			1455	1039
			1455	1038
			1455	1037
			1454	1036
			1454	1035
			1454	1034
			1454	1033
			1454	1032
			1454	1031
			1454	1030
			1454	1029
			1454	1028
			1454	1027
			1454	1026
			1454	1025
			1454	1024
			1454	1023
			1454	1022
			1454	1021
			1454	1020
			1454	1019
			1454	1018
			1454	1017
			1454	1016
			1454	1015
			1454	1014
			1454	1013
			1454	1012
			1454	1011
			1454	1010
			1454	1009
			1455	1008
			1455	1007
			1455	1006
			1455	1005
			1455	1004
			1455	1003
			1455	1002
			1455	1001
			1455	1000
			1455	999
			1455	998
			1455	997
			1455	996
			1455	995
			1455	994
			1455	993
			1455	992
			1455	991
			1455	990
			1455	989
			1455	988
			1455	987
			1455	986
			1455	985
			1455	984
			1456	983
			1456	982
			1456	981
			1456	980
			1456	979
			1456	978
			1456	977
			1456	976
			1456	975
			1456	974
			1456	973
			1456	972
			1456	971
			1456	970
			1457	969
			1457	968
			1457	967
			1457	966
			1457	965
			1457	964
			1457	963
			1457	962
			1457	961
			1457	960
			1457	959
			1458	958
			1458	957
			1458	956
			1458	955
			1458	954
			1458	953
			1458	952
			1458	951
			1458	950
			1458	949
			1459	948
			1459	947
			1459	946
			1459	945
			1459	944
			1459	943
			1459	942
			1459	941
			1460	941
			1460	940
			1460	939
			1460	938
			1460	937
			1460	936
			1460	935
			1460	934
			1461	933
			1461	932
			1461	931
			1461	930
			1461	929
			1461	928
			1462	927
			1462	926
			1462	925
			1462	924
			1462	923
			1462	922
			1463	921
			1463	920
			1463	919
			1463	918
			1463	917
			1463	916
			1464	915
			1464	914
			1464	913
			1464	912
			1464	911
			1464	910
			1465	909
			1465	908
			1465	907
			1465	906
			1465	905
			1466	904
			1466	903
			1466	902
			1466	901
			1466	900
			1467	899
			1467	898
			1467	897
			1467	896
			1467	895
			1468	894
			1468	893
			1468	892
			1468	891
			1468	890
			1469	889
			1469	888
			1469	887
			1469	886
			1470	885
			1470	884
			1470	883
			1470	882
			1471	881
			1471	880
			1471	879
			1471	878
			1471	877
			1472	876
			1472	875
			1472	874
			1473	873
			1473	872
			1473	871
			1473	870
			1474	869
			1474	868
			1474	867
			1474	866
			1475	865
			1475	864
			1475	863
			1475	862
			1476	861
			1476	860
			1476	859
			1477	858
			1477	857
			1477	856
			1477	855
			1478	854
			1478	853
			1478	852
			1479	851
			1479	850
			1479	849
			1480	848
			1480	847
			1480	846
			1480	845
			1481	844
			1481	843
			1481	842
			1482	841
			1482	840
			1482	839
			1483	838
			1483	837
			1483	836
			1484	835
			1484	834
			1485	833
			1485	832
			1485	831
			1485	830
			1486	829
			1486	828
			1486	827
			1487	826
			1487	825
			1487	824
			1488	824
			1488	823
			1488	822
			1489	821
			1489	820
			1489	819
			1490	818
			1490	817
			1491	816
			1491	815
			1491	814
			1492	813
			1492	812
			1492	811
			1493	810
			1493	809
			1494	808
			1494	807
			1494	806
			1495	805
			1495	804
			1496	803
			1496	802
			1496	801
			1497	800
			1497	799
			1498	798
			1498	797
			1498	796
			1499	795
			1499	794
			1500	793
			1500	792
			1500	791
			1501	790
			1501	789
			1502	788
			1502	787
			1503	786
			1503	785
			1503	784
			1504	783
			1504	782
			1505	781
			1505	780
			1506	779
			1506	778
			1507	777
			1507	776
			1507	775
			1508	775
			1508	774
			1508	773
			1509	773
			1509	772
			1509	771
			1510	771
			1510	770
			1510	769
			1511	769
			1511	768
			1511	767
			1512	766
			1512	765
			1513	764
			1514	763
			1514	762
			1514	761
			1515	760
			1516	759
			1516	758
			1517	757
			1517	756
			1518	755
			1518	754
			1519	753
			1519	752
			1520	751
			1520	750
			1521	749
			1521	748
			1522	747
			1522	746
			1523	745
			1523	744
			1524	743
			1524	742
			1525	741
			1526	740
			1526	739
			1527	738
			1527	737
			1528	736
			1528	735
			1529	734
			1529	733
			1530	732
			1531	731
			1531	730
			1532	729
			1532	728
			1533	728
			1533	727
			1533	726
			1534	726
			1534	725
			1535	724
			1536	723
			1536	722
			1537	721
			1537	720
			1538	719
			1538	718
			1539	717
			1540	716
			1541	715
			1541	714
			1542	713
			1542	712
			1543	711
			1544	710
			1544	709
			1545	708
			1546	707
			1546	706
			1547	705
			1547	704
			1548	703
			1549	702
			1549	701
			1550	700
			1551	699
			1551	698
			1552	697
			1553	696
			1553	695
			1554	694
			1555	693
			1555	692
			1556	691
			1557	690
			1558	689
			1559	688
			1560	687
			1561	686
			1562	685
			1563	684
			1564	683
			1565	682
			1566	681
			1567	681
			1568	680
			1569	679
			1570	678
			1571	677
			1572	676
			1573	676
			1574	675
			1574	674
			1575	674
			1576	673
			1577	672
			1578	672
			1578	671
			1579	670
			1580	669
			1581	669
			1582	668
			1582	667
			1583	667
			1584	666
			1585	665
			1586	665
			1587	664
			1587	663
			1588	663
			1589	662
			1590	661
			1591	661
			1591	660
			1592	659
			1593	659
			1594	658
			1595	657
			1596	656
			1597	655
			1598	655
			1599	654
			1600	653
			1601	652
			1602	651
			1603	651
			1604	650
			1605	649
			1606	648
			1607	648
			1608	647
			1609	646
			1610	645
			1611	645
			1612	644
			1613	643
			1614	642
			1615	642
			1616	641
			1617	640
			1618	640
			1619	639
			1620	638
			1621	637
			1622	637
			1623	636
			1624	635
			1625	635
			1626	634
			1627	633
			1628	632
			1629	632
			1630	631
			1631	630
			1632	630
			1633	629
			1634	628
			1635	628
			1636	627
			1637	626
			1638	626
			1638	625
			1639	624
			1640	624
			1641	623
			1642	622
			1643	622
			1644	621
			1645	620
			1646	620
			1647	619
			1648	618
			1649	618
			1650	617
			1651	616
			1652	616
			1653	615
			1654	615
			1655	614
			1656	613
			1657	613
			1658	612
			1659	611
			1660	611
			1661	610
			1662	610
			1663	609
			1664	608
			1665	608
			1666	607
			1667	607
			1668	606
			1669	606
			1670	605
			1671	605
			1672	604
			1673	603
			1674	603
			1675	603
			1675	602
			1676	602
			1677	601
			1678	601
			1679	600
			1680	600
			1681	599
			1682	599
			1683	598
			1684	597
			1685	597
			1686	596
			1687	595
			1688	595
			1689	595
			1690	594
			1691	594
			1692	593
			1693	593
			1694	592
			1695	592
			1695	591
			1696	591
			1697	591
			1698	590
			1699	589
			1700	589
			1701	588
			1702	588
			1703	588
			1704	587
			1705	587
			1706	586
			1707	585
			1708	585
			1709	585
			1710	584
			1711	584
			1712	583
			1713	583
			1714	582
			1715	582
			1716	581
			1717	581
			1718	580
			1719	580
			1720	579
			1721	579
			1722	579
			1723	578
			1724	578
			1725	577
			1726	577
			1727	577
			1728	576
			1729	576
			1730	575
			1731	575
			1732	575
			1733	574
			1734	574
			1735	573
			1736	573
			1737	572
			1738	572
			1739	572
			1739	571
			1740	571
			1741	571
			1742	570
			1743	570
			1744	569
			1745	569
			1746	569
			1747	569
			1748	568
			1749	568
			1750	567
			1751	567
			1752	566
			1753	566
			1754	566
			1755	565
			1756	565
			1757	565
			1758	564
			1759	564
			1760	564
			1761	563
			1762	563
			1763	563
			1764	562
			1765	562
			1766	562
			1767	561
			1768	561
			1769	561
			1770	560
			1771	560
			1772	560
			1773	559
			1774	559
			1775	559
			1776	559
			1776	558
			1777	558
			1778	558
			1779	558
			1780	557
			1781	557
			1782	557
			1783	556
			1784	556
			1785	556
			1786	556
			1787	555
			1788	555
			1789	555
			1790	555
			1791	554
			1792	554
			1793	554
			1794	553
			1795	553
			1796	553
			1797	553
			1798	552
			1799	552
			1800	552
			1801	552
			1802	552
			1802	551
			1803	551
			1804	551
			1805	551
			1806	550
			1807	550
			1808	550
			1809	550
			1810	550
			1811	549
			1812	549
			1813	549
			1814	549
			1815	549
			1815	548
			1816	548
			1817	548
			1818	548
			1819	548
			1820	548
			1821	547
			1822	547
			1823	547
			1824	547
			1825	547
			1826	546
			1827	546
			1828	546
			1829	546
			1830	546
			1831	545
			1832	545
			1833	545
			1834	545
			1835	545
			1836	545
			1837	544
			1838	544
			1839	544
			1840	544
			1841	544
			1842	544
			1843	544
			1844	543
			1845	543
			1846	543
			1847	543
			1848	543
			1849	543
			1850	543
			1851	542
			1852	542
			1853	542
			1854	542
			1855	542
			1856	542
			1857	542
			1858	542
			1859	542
			1860	541
			1861	541
			1862	541
			1863	541
			1864	541
			1865	541
			1866	541
			1867	541
			1868	541
			1869	540
			1870	540
			1871	540
			1872	540
			1873	540
			1874	540
			1875	540
			1876	540
			1877	540
			1878	540
			1879	540
			1880	540
			1881	540
			1882	540
			1883	539
			1884	539
			1885	539
			1886	539
			1887	539
			1888	539
			1889	539
			1890	539
			1891	539
			1892	539
			1893	539
			1894	539
			1895	539
			1896	539
			1897	539
			1898	539
			1899	539
			1900	539
			1901	539
			1902	539
			1903	539
			1904	539
			1905	539
			1906	539
			1907	539
			1908	539
			1909	539
			1910	539
			1911	539
			1912	539
			1913	539
			1914	539
			1915	539
			1916	539
			1917	539
			1918	539
			1919	539
			1920	539
			1921	539
			1922	539
			1923	539
			1924	539
			1925	539
			1926	539
			1927	539
			1928	539
			1929	539
			1930	539
			1931	539
			1932	539
			1933	539
			1934	539
			1935	539
			1936	539
			1937	539
			1938	539
			1939	540
			1940	540
			1941	540
			1942	540
			1943	540
			1944	540
			1945	540
			1946	540
			1947	540
			1948	540
			1949	540
			1950	540
			1951	540
			1952	540
			1952	541
			1953	541
			1954	541
			1955	541
			1956	541
			1957	541
			1958	541
			1959	541
			1960	541
			1961	541
			1962	541
			1963	542
			1964	542
			1965	542
			1966	542
			1967	542
			1968	542
			1969	542
			1970	542
			1971	543
			1972	543
			1973	543
			1974	543
			1975	543
			1976	543
			1977	543
			1978	543
			1979	544
			1980	544
			1981	544
			1982	544
			1983	544
			1984	544
			1985	544
			1986	545
			1987	545
			1988	545
			1989	545
			1990	545
			1991	545
			1992	545
			1992	546
			1993	546
			1994	546
			1995	546
			1996	546
			1997	546
			1998	546
			1999	547
			2000	547
			2001	547
			2002	547
			2003	547
			2004	548
			2005	548
			2006	548
			2007	548
			2008	548
			2009	548
			2010	549
			2011	549
			2012	549
			2013	549
			2014	550
			2015	550
			2016	550
			2017	550
			2018	550
			2019	550
			2020	551
			2021	551
			2022	551
			2023	551
			2024	552
			2025	552
			2026	552
			2027	552
			2028	553
			2029	553
			2030	553
			2031	553
			2032	554
			2033	554
			2034	554
			2035	554
			2036	555
			2037	555
			2038	555
			2039	555
			2040	555
			2041	556
			2042	556
			2043	556
			2044	556
			2045	557
			2046	557
			2047	557
			2048	557
			2049	558
			2050	558
			2051	558
			2052	559
			2053	559
			2054	559
			2055	559
			2056	560
			2057	560
			2058	560
			2059	561
			2060	561
			2061	561
			2062	562
			2063	562
			2064	562
			2065	562
			2066	563
			2067	563
			2068	563
			2069	564
			2070	564
			2071	564
			2072	565
			2073	565
			2074	565
			2075	566
			2076	566
			2077	566
			2078	567
			2079	567
			2080	567
			2081	567
			2082	568
			2083	568
			2084	568
			2085	569
			2086	569
			2087	569
			2088	570
			2089	570
			2090	570
			2091	571
			2092	571
			2093	572
			2094	572
			2095	572
			2096	573
			2097	573
			2098	573
			2099	574
			2100	575
			2101	575
			2102	575
			2103	576
			2104	576
			2105	576
			2106	577
			2107	577
			2108	578
			2109	578
			2110	578
			2111	579
			2112	579
			2113	580
			2114	580
			2115	580
			2116	581
			2117	581
			2118	582
			2119	582
			2120	583
			2121	583
			2122	584
			2123	584
			2124	584
			2125	585
			2126	585
			2127	586
			2128	586
			2129	586
			2129	587
			2130	587
			2131	588
			2132	588
			2133	589
			2134	589
			2135	590
			2136	590
			2137	590
			2138	591
			2139	591
			2140	592
			2141	592
			2142	593
			2143	593
			2144	593
			2144	594
			2145	594
			2146	595
			2147	595
			2148	596
			2149	596
			2150	597
			2151	597
			2152	598
			2153	598
			2154	598
			2155	599
			2156	600
			2157	600
			2158	601
			2159	601
			2160	602
			2161	602
			2162	603
			2163	603
			2164	604
			2165	604
			2165	605
			2166	605
			2167	606
			2168	606
			2169	606
			2169	607
			2170	607
			2171	608
			2172	608
			2173	609
			2174	609
			2175	610
			2176	610
			2177	611
			2178	611
			2179	612
			2180	612
			2180	613
			2181	614
			2182	614
			2183	615
			2184	615
			2185	616
			2186	616
			2187	617
			2188	617
			2188	618
			2189	618
			2190	619
			2191	619
			2192	620
			2193	620
			2194	621
			2195	621
			2196	622
			2196	623
			2197	623
			2198	624
			2199	624
			2200	625
			2201	625
			2202	626
			2203	626
			2203	627
			2204	628
			2205	628
			2206	629
			2207	629
			2208	630
			2209	630
			2209	631
			2210	631
			2211	632
			2212	633
			2213	633
			2214	634
			2215	634
			2215	635
			2216	635
			2217	636
			2218	637
			2219	637
			2220	638
			2221	639
			2222	640
			2223	640
			2224	641
			2225	642
			2226	642
			2227	643
			2228	644
			2229	645
			2230	645
			2231	646
			2232	647
			2233	648
			2234	648
			2235	649
			2236	650
			2237	650
			2238	651
			2239	652
			2240	653
			2241	653
			2242	654
			2243	655
			2244	656
			2245	656
			2246	657
			2247	658
			2248	659
			2249	659
			2250	660
			2251	661
			2252	662
			2253	663
			2254	664
			2255	664
			2255	665
			2256	665
			2257	666
			2257	667
			2258	667
			2259	668
			2260	669
			2261	670
			2262	671
			2263	671
			2264	672
			2265	673
			2266	674
			2267	675
			2268	676
			2269	676
			2270	677
			2271	678
			2272	679
			2273	680
			2274	681
			2275	681
			2276	682
			2276	683
			2277	684
			2278	685
			2279	686
			2280	687
			2281	687
			2282	688
			2283	689
			2284	690
			2285	691
			2286	692
			2287	693
			2287	694
			2288	694
			2289	695
			2290	696
			2291	697
			2292	698
			2293	699
			2294	700
			2295	701
			2296	702
			2297	703
			2298	704
			2299	705
			2300	706
			2301	707
			2302	708
			2303	709
			2304	710
			2304	711
			2305	712
			2306	712
			2307	713
			2307	714
			2308	715
			2309	716
			2310	717
			2311	718
			2312	719
			2313	720
			2314	721
			2315	722
			2315	723
			2316	724
			2317	725
			2318	726
			2319	727
			2320	728
			2320	729
			2321	730
			2322	731
			2323	732
			2324	733
			2325	734
			2325	735
			2326	736
			2327	737
			2328	738
			2329	739
			2330	740
			2330	741
			2331	742
			2332	743
			2333	744
			2334	745
			2334	746
			2335	747
			2336	748
			2337	749
			2338	750
			2338	751
			2339	752
			2340	753
			2341	754
			2342	755
			2342	756
			2343	757
			2343	758
			2344	758
			2344	759
			2345	760
			2346	761
			2347	762
			2348	763
			2348	764
			2349	765
			2349	766
			2350	767
			2351	768
			2351	769
			2352	770
			2353	771
			2353	772
			2354	773
			2355	774
			2355	775
			2356	776
			2357	777
			2357	778
			2358	778
			2359	779
			2359	780
			2360	781
			2360	782
			2361	783
			2362	784
			2362	785
			2363	786
			2364	787
			2364	788
			2365	789
			2365	790
			2366	791
			2367	792
			2367	793
			2368	794
			2368	795
			2369	796
			2370	797
			2370	798
			2371	799
			2371	800
			2372	801
			2373	802
			2373	803
			2374	804
			2374	805
			2375	806
			2376	807
			2376	808
			2377	809
			2377	810
			2378	811
			2378	812
			2379	813
			2380	814
			2380	815
			2381	816
			2381	817
			2382	818
			2382	819
			2383	820
			2384	821
			2384	822
			2385	823
			2385	824
			2386	825
			2386	826
			2387	827
			2387	828
			2388	829
			2389	830
			2389	831
			2390	832
			2390	833
			2391	834
			2391	835
			2392	836
			2392	837
			2393	838
			2393	839
			2394	840
			2394	841
			2394	842
			2395	842
			2395	843
			2395	844
			2396	845
			2397	846
			2397	847
			2397	848
			2398	849
			2398	850
			2399	851
			2399	852
			2400	853
			2400	854
			2401	854
			2401	855
			2401	856
			2402	857
			2402	858
			2403	859
			2403	860
			2404	861
			2404	862
			2404	863
			2405	864
			2405	865
			2406	866
			2406	867
			2407	868
			2407	869
			2407	870
			2408	871
			2409	872
			2409	873
			2409	874
			2410	874
			2410	875
			2410	876
			2410	877
			2411	877
			2411	878
			2411	879
			2412	879
			2412	880
			2412	881
			2413	882
			2413	883
			2413	884
			2414	885
			2414	886
			2415	887
			2415	888
			2416	889
			2416	890
			2417	891
			2417	892
			2417	893
			2418	894
			2418	895
			2418	896
			2419	897
			2419	898
			2420	899
			2420	900
			2420	901
			2421	902
			2421	903
			2421	904
			2422	905
			2422	906
			2422	907
			2423	908
			2423	909
			2423	910
			2424	910
			2424	911
			2424	912
			2425	913
			2425	914
			2425	915
			2426	916
			2426	917
			2426	918
			2427	919
			2427	920
			2427	921
			2428	922
			2428	923
			2429	924
			2429	925
			2429	926
			2429	927
			2430	928
			2430	929
			2430	930
			2431	931
			2431	932
			2431	933
			2432	934
			2432	935
			2432	936
			2433	937
			2433	938
			2433	939
			2434	940
			2434	941
			2434	942
			2434	943
			2435	944
			2435	945
			2435	946
			2436	947
			2436	948
			2437	949
			2437	950
			2437	951
			2437	952
			2438	953
			2438	954
			2438	955
			2438	956
			2439	957
			2439	958
			2439	959
			2439	960
			2440	960
			2440	961
			2440	962
			2440	963
			2441	964
			2441	965
			2441	966
			2442	967
			2442	968
			2442	969
			2442	970
			2443	971
			2443	972
			2443	973
			2443	974
			2444	975
			2444	976
			2444	977
			2444	978
			2445	979
			2445	980
			2445	981
			2445	982
			2446	983
			2446	984
			2446	985
			2447	986
			2447	987
			2447	988
			2447	989
			2448	990
			2448	991
			2448	992
			2448	993
			2448	994
			2449	995
			2449	996
			2449	997
			2449	998
			2450	999
			2450	1000
			2450	1001
			2450	1002
			2450	1003
			2451	1004
			2451	1005
			2451	1006
			2451	1007
			2451	1008
			2452	1009
			2452	1010
			2452	1011
			2452	1012
			2453	1013
			2453	1014
			2453	1015
			2453	1016
			2453	1017
			2454	1017
			2454	1018
			2454	1019
			2454	1020
			2454	1021
			2454	1022
			2455	1023
			2455	1024
			2455	1025
			2455	1026
			2456	1027
			2456	1028
			2456	1029
			2456	1030
			2456	1031
			2457	1032
			2457	1033
			2457	1034
			2457	1035
			2457	1036
			2457	1037
			2458	1038
			2458	1039
			2458	1040
			2458	1041
			2458	1042
			2458	1043
			2459	1043
			2459	1044
			2459	1045
			2459	1046
			2459	1047
			2459	1048
			2459	1049
			2458	1050
			2458	1051
			2458	1052
			2458	1053
			2458	1054
			2458	1055
			2457	1056
			2457	1057
			2457	1058
			2457	1059
			2457	1060
			2457	1061
			2457	1062
			2456	1063
			2456	1064
			2456	1065
			2456	1066
			2456	1067
			2456	1068
			2455	1069
			2455	1070
			2455	1071
			2455	1072
			2455	1073
			2454	1074
			2454	1075
			2454	1076
			2454	1077
			2454	1078
			2453	1079
			2453	1080
			2453	1081
			2453	1082
			2453	1083
			2452	1084
			2452	1085
			2452	1086
			2452	1087
			2452	1088
			2451	1089
			2451	1090
			2451	1091
			2451	1092
			2451	1093
			2450	1094
			2450	1095
			2450	1096
			2450	1097
			2449	1098
			2449	1099
			2449	1100
			2449	1101
			2448	1102
			2448	1103
			2448	1104
			2448	1105
			2447	1106
			2447	1107
			2447	1108
			2447	1109
			2446	1110
			2446	1111
			2446	1112
			2446	1113
			2445	1114
			2445	1115
			2445	1116
			2445	1117
			2444	1118
			2444	1119
			2444	1120
			2443	1121
			2443	1122
			2443	1123
			2443	1124
			2442	1125
			2442	1126
			2442	1127
			2442	1128
			2441	1128
			2441	1129
			2441	1130
			2441	1131
			2440	1131
			2440	1132
			2440	1133
			2440	1134
			2439	1134
			2439	1135
			2439	1136
			2439	1137
			2438	1138
			2438	1139
			2438	1140
			2437	1141
			2437	1142
			2437	1143
			2436	1144
			2436	1145
			2436	1146
			2435	1147
			2435	1148
			2435	1149
			2434	1150
			2434	1151
			2434	1152
			2433	1153
			2433	1154
			2433	1155
			2432	1156
			2432	1157
			2432	1158
			2431	1159
			2431	1160
			2430	1161
			2430	1162
			2429	1163
			2429	1164
			2429	1165
			2428	1166
			2428	1167
			2428	1168
			2427	1169
			2427	1170
			2426	1171
			2426	1172
			2426	1173
			2425	1174
			2425	1175
			2425	1176
			2424	1177
			2424	1178
			2423	1179
			2423	1180
			2422	1181
			2422	1182
			2422	1183
			2421	1183
			2421	1184
			2421	1185
			2420	1185
			2420	1186
			2420	1187
			2419	1188
			2419	1189
			2418	1190
			2418	1191
			2418	1192
			2417	1192
			2417	1193
			2417	1194
			2416	1195
			2416	1196
			2415	1197
			2415	1198
			2414	1199
			2414	1200
			2413	1201
			2413	1202
			2412	1203
			2412	1204
			2411	1205
			2411	1206
			2410	1207
			2410	1208
			2409	1209
			2409	1210
			2408	1211
			2408	1212
			2407	1213
			2407	1214
			2406	1215
			2406	1216
			2405	1217
			2405	1218
			2404	1219
			2404	1220
			2403	1221
			2403	1222
			2402	1223
			2401	1224
			2401	1225
			2400	1226
			2400	1227
			2399	1228
			2398	1229
			2398	1230
			2398	1231
			2397	1231
			2397	1232
			2396	1233
			2396	1234
			2395	1235
			2394	1236
			2394	1237
			2393	1238
			2393	1239
			2392	1240
			2392	1241
			2391	1242
			2390	1243
			2390	1244
			2389	1245
			2388	1246
			2387	1247
			2387	1248
			2387	1249
			2386	1249
			2386	1250
			2385	1251
			2384	1252
			2384	1253
			2383	1254
			2383	1255
			2382	1256
			2381	1257
			2380	1258
			2380	1259
			2379	1260
			2379	1261
			2378	1262
			2377	1263
			2377	1264
			2376	1265
			2375	1266
			2374	1267
			2373	1268
			2373	1269
			2372	1270
			2371	1271
			2370	1272
			2370	1273
			2369	1274
			2369	1275
			2368	1276
			2367	1276
			2367	1277
			2366	1278
			2366	1279
			2365	1279
			2365	1280
			2364	1281
			2363	1282
			2363	1283
			2362	1283
			2362	1284
			2361	1285
			2360	1286
			2359	1287
			2358	1288
			2358	1289
			2357	1290
			2356	1291
			2355	1292
			2355	1293
			2354	1293
			2353	1294
			2352	1295
			2352	1296
			2351	1297
			2350	1298
			2349	1299
			2349	1300
			2348	1301
			2347	1301
			2346	1302
			2346	1303
			2345	1304
			2344	1305
			2343	1306
			2343	1307
			2342	1308
			2341	1309
			2340	1309
			2339	1310
			2339	1311
			2338	1312
			2337	1313
			2336	1314
			2335	1315
			2334	1316
			2333	1317
			2332	1318
			2331	1319
			2330	1320
			2329	1321
			2328	1322
			2327	1323
			2326	1324
			2326	1325
			2325	1325
			2324	1326
			2324	1327
			2323	1327
			2323	1328
			2322	1328
			2321	1329
			2321	1330
			2320	1330
			2320	1331
			2319	1331
			2318	1332
			2318	1333
			2317	1333
			2316	1334
			2315	1335
			2314	1336
			2313	1337
			2312	1338
			2311	1339
			2310	1339
			2310	1340
			2309	1341
			2308	1341
			2307	1342
			2307	1343
			2306	1344
			2305	1344
			2304	1345
			2304	1346
			2303	1346
			2302	1347
			2301	1348
			2300	1348
			2300	1349
			2299	1350
			2298	1350
			2297	1351
			2296	1352
			2295	1353
			2294	1354
			2293	1355
			2292	1356
			2291	1356
			2290	1357
			2289	1358
			2288	1359
			2287	1360
			2286	1360
			2285	1361
			2284	1362
			2283	1363
			2282	1364
			2281	1364
			2280	1365
			2279	1366
			2278	1367
			2277	1368
			2276	1368
			2275	1369
			2274	1370
			2273	1371
			2272	1371
			2271	1372
			2270	1373
		</Eye>
	</curves.pixel>
	<ruler.points type=matrix rownames=TRUE colnames=FALSE nrow=2 ncol=2 as.numeric=TRUE >
		Ruler point 1	2	1894
		Ruler point 2	104	1894
	</ruler.points>
</shapes>

