<shapes type=list>
	<scaling type=logical names=FALSE length=1 as.numeric=FALSE >NA</scaling>
	<landmarks.pixel type=matrix rownames=TRUE colnames=FALSE nrow=11 ncol=2 as.numeric=TRUE >
		LM1Forehead	2153	488
		LM2UJFront	2854	2032
		LM3UJBack	2047	2168
		LM4LacOrb	1964	1389
		LM5QJoint	1989	2264
		LM6IOPL	1969	2428
		LM7IOPSOP	517	2373
		LM8A2A1	1025	1646
		LM9A1A3	957	1017
		LM10TopMuscR	823	891
		LM11TopMuscL	273	731
	</landmarks.pixel>
	<curves.control type=list>
		<Profile type=matrix rownames=FALSE colnames=FALSE nrow=7 ncol=2 as.numeric=TRUE >
			2153	488
			2630	815
			2871	1188
			3216	1739
			3124	1911
			2952	2215
			2854	2032
		</Profile>
		<Eye type=matrix rownames=FALSE colnames=FALSE nrow=13 ncol=2 as.numeric=TRUE >
			1964	1389
			1734	1521
			1487	1412
			1252	1309
			1212	1039
			1206	746
			1401	568
			1734	442
			1981	631
			2205	798
			2176	1056
			2125	1303
			1964	1389
		</Eye>
	</curves.control>
	<curves.pixel type=list>
		<Profile type=matrix rownames=FALSE colnames=FALSE nrow=1970 ncol=2 as.numeric=TRUE >
			2153	488
			2154	489
			2155	489
			2156	490
			2157	491
			2158	492
			2159	492
			2160	493
			2161	494
			2162	494
			2163	495
			2164	495
			2165	496
			2166	497
			2167	497
			2168	498
			2169	499
			2170	500
			2171	500
			2172	501
			2173	502
			2174	503
			2175	503
			2176	504
			2177	504
			2178	505
			2178	506
			2179	506
			2180	507
			2181	507
			2182	508
			2183	509
			2184	510
			2185	510
			2186	511
			2187	512
			2188	512
			2189	513
			2190	514
			2191	514
			2192	515
			2193	516
			2194	516
			2195	517
			2196	518
			2197	518
			2198	519
			2199	520
			2200	520
			2200	521
			2201	522
			2202	522
			2203	523
			2204	524
			2205	524
			2206	525
			2207	526
			2208	526
			2209	527
			2210	528
			2211	529
			2212	529
			2213	530
			2214	531
			2215	531
			2216	532
			2217	533
			2218	533
			2219	534
			2219	535
			2220	535
			2221	536
			2222	537
			2223	537
			2224	538
			2225	539
			2226	539
			2227	540
			2228	541
			2229	541
			2230	542
			2231	543
			2232	543
			2233	544
			2234	545
			2235	546
			2236	547
			2237	547
			2237	548
			2238	548
			2239	549
			2240	550
			2241	551
			2242	551
			2243	552
			2244	552
			2245	553
			2246	554
			2247	555
			2248	555
			2249	556
			2250	557
			2251	558
			2252	558
			2253	559
			2254	560
			2255	560
			2256	561
			2257	562
			2258	562
			2259	563
			2260	564
			2261	565
			2262	565
			2263	566
			2264	567
			2265	568
			2266	569
			2267	569
			2267	570
			2268	570
			2269	571
			2270	571
			2270	572
			2271	572
			2272	573
			2273	574
			2274	575
			2275	575
			2276	576
			2277	577
			2278	577
			2278	578
			2279	578
			2280	579
			2281	580
			2282	580
			2282	581
			2283	581
			2284	582
			2285	583
			2286	583
			2287	584
			2287	585
			2288	585
			2289	586
			2290	586
			2291	587
			2291	588
			2292	588
			2293	589
			2294	589
			2295	590
			2295	591
			2296	591
			2297	592
			2298	593
			2299	593
			2299	594
			2300	594
			2301	595
			2302	596
			2303	596
			2304	597
			2305	598
			2306	599
			2307	600
			2308	600
			2309	601
			2310	602
			2311	602
			2312	603
			2313	604
			2314	605
			2315	605
			2316	606
			2317	607
			2318	608
			2319	608
			2320	609
			2320	610
			2321	611
			2322	611
			2323	612
			2324	613
			2325	614
			2326	614
			2327	615
			2328	616
			2329	616
			2330	617
			2331	618
			2332	619
			2333	619
			2334	620
			2335	621
			2336	622
			2337	622
			2338	623
			2339	624
			2339	625
			2340	625
			2341	626
			2342	627
			2343	628
			2344	628
			2345	629
			2346	630
			2347	631
			2348	631
			2349	632
			2350	633
			2351	634
			2352	634
			2353	635
			2354	636
			2355	637
			2356	638
			2357	638
			2357	639
			2358	639
			2359	640
			2360	641
			2361	642
			2362	643
			2363	643
			2364	644
			2365	645
			2366	646
			2367	647
			2368	647
			2369	648
			2370	649
			2371	650
			2372	651
			2373	651
			2374	652
			2375	653
			2376	654
			2377	654
			2378	655
			2379	656
			2380	657
			2381	657
			2382	658
			2382	659
			2383	660
			2384	661
			2385	661
			2386	662
			2387	663
			2388	664
			2389	664
			2390	665
			2391	666
			2392	667
			2393	668
			2394	668
			2395	669
			2396	670
			2397	671
			2398	671
			2399	672
			2400	673
			2400	674
			2401	675
			2402	675
			2403	676
			2404	677
			2405	678
			2406	678
			2407	679
			2408	680
			2409	681
			2410	682
			2411	682
			2412	683
			2413	684
			2414	685
			2415	686
			2416	687
			2417	688
			2418	688
			2419	689
			2420	690
			2421	691
			2422	692
			2423	692
			2424	693
			2424	694
			2425	694
			2426	695
			2427	696
			2428	696
			2428	697
			2429	698
			2430	698
			2431	699
			2432	700
			2433	701
			2434	702
			2435	703
			2436	704
			2437	704
			2438	705
			2439	706
			2440	707
			2441	708
			2442	708
			2443	709
			2444	710
			2444	711
			2445	712
			2446	712
			2447	713
			2448	714
			2449	715
			2450	716
			2451	717
			2452	717
			2453	718
			2454	719
			2455	720
			2456	721
			2457	721
			2458	722
			2459	723
			2459	724
			2460	725
			2461	725
			2462	726
			2463	727
			2464	728
			2465	729
			2466	730
			2467	730
			2468	731
			2469	732
			2470	733
			2471	734
			2472	734
			2472	735
			2473	736
			2474	737
			2475	738
			2476	738
			2477	739
			2478	740
			2479	741
			2480	742
			2481	743
			2482	743
			2483	744
			2483	745
			2484	746
			2485	747
			2486	747
			2487	748
			2488	749
			2489	750
			2490	751
			2491	752
			2492	752
			2493	753
			2494	754
			2494	755
			2495	756
			2496	756
			2497	757
			2498	758
			2499	759
			2500	760
			2501	761
			2502	761
			2503	762
			2503	763
			2504	764
			2505	765
			2506	765
			2507	766
			2508	767
			2509	768
			2510	769
			2511	770
			2512	770
			2512	771
			2513	772
			2514	773
			2515	774
			2516	774
			2517	775
			2518	776
			2519	777
			2520	778
			2520	779
			2521	779
			2522	780
			2523	781
			2524	782
			2525	783
			2526	783
			2527	784
			2528	785
			2528	786
			2529	787
			2530	788
			2531	788
			2532	789
			2533	790
			2534	791
			2535	792
			2535	793
			2536	793
			2537	794
			2538	795
			2539	796
			2540	797
			2541	797
			2542	798
			2542	799
			2543	800
			2544	801
			2545	802
			2546	802
			2547	803
			2548	804
			2549	805
			2549	806
			2550	807
			2551	807
			2552	808
			2553	809
			2554	810
			2555	811
			2556	812
			2557	813
			2558	814
			2559	815
			2560	816
			2561	817
			2562	818
			2563	818
			2563	819
			2564	820
			2565	820
			2565	821
			2566	821
			2566	822
			2567	823
			2568	823
			2568	824
			2569	824
			2569	825
			2570	826
			2571	826
			2571	827
			2572	827
			2573	828
			2573	829
			2574	829
			2574	830
			2575	830
			2576	831
			2576	832
			2577	832
			2577	833
			2578	833
			2579	834
			2579	835
			2580	835
			2580	836
			2581	836
			2582	837
			2582	838
			2583	838
			2583	839
			2584	839
			2585	840
			2585	841
			2586	841
			2586	842
			2587	842
			2588	843
			2588	844
			2589	844
			2589	845
			2590	845
			2591	846
			2591	847
			2592	847
			2593	848
			2594	849
			2595	850
			2596	851
			2597	852
			2598	853
			2599	854
			2600	855
			2601	856
			2602	857
			2602	858
			2603	859
			2604	859
			2605	860
			2606	861
			2607	862
			2608	863
			2608	864
			2609	865
			2610	865
			2611	866
			2612	867
			2613	868
			2613	869
			2614	870
			2615	871
			2616	871
			2617	872
			2618	873
			2619	874
			2619	875
			2620	876
			2621	877
			2622	878
			2623	878
			2624	879
			2624	880
			2625	881
			2626	882
			2627	883
			2628	884
			2629	884
			2629	885
			2630	886
			2631	887
			2632	888
			2633	889
			2634	890
			2634	891
			2635	891
			2636	892
			2637	893
			2638	894
			2639	895
			2639	896
			2640	897
			2641	898
			2642	898
			2643	899
			2643	900
			2644	901
			2645	902
			2646	903
			2647	904
			2648	904
			2648	905
			2649	906
			2650	907
			2651	908
			2652	909
			2652	910
			2653	911
			2654	911
			2655	912
			2656	913
			2656	914
			2657	915
			2658	916
			2659	917
			2660	918
			2661	918
			2661	919
			2662	920
			2663	921
			2664	922
			2665	923
			2665	924
			2666	925
			2667	925
			2668	926
			2669	927
			2669	928
			2670	929
			2671	930
			2672	931
			2673	932
			2674	933
			2675	934
			2676	935
			2677	936
			2678	937
			2678	938
			2679	938
			2679	939
			2680	940
			2681	941
			2682	942
			2683	943
			2684	944
			2685	945
			2685	946
			2686	946
			2687	947
			2687	948
			2688	949
			2689	949
			2689	950
			2690	951
			2691	952
			2691	953
			2692	953
			2693	954
			2693	955
			2694	956
			2695	956
			2695	957
			2696	958
			2697	959
			2698	960
			2699	961
			2700	962
			2700	963
			2701	964
			2702	965
			2703	966
			2704	967
			2705	968
			2706	969
			2707	970
			2707	971
			2708	971
			2708	972
			2709	973
			2710	973
			2710	974
			2711	975
			2712	976
			2713	977
			2714	978
			2714	979
			2715	980
			2716	981
			2717	982
			2718	983
			2719	984
			2719	985
			2720	986
			2721	987
			2722	988
			2723	989
			2723	990
			2724	991
			2725	992
			2726	993
			2727	994
			2728	995
			2729	996
			2729	997
			2730	997
			2731	998
			2731	999
			2732	1000
			2733	1001
			2734	1002
			2735	1003
			2735	1004
			2736	1005
			2737	1006
			2738	1007
			2739	1008
			2740	1009
			2741	1010
			2741	1011
			2742	1012
			2743	1013
			2744	1014
			2745	1015
			2745	1016
			2746	1017
			2747	1018
			2748	1019
			2749	1020
			2749	1021
			2750	1022
			2751	1023
			2752	1024
			2753	1025
			2753	1026
			2754	1027
			2755	1028
			2756	1029
			2757	1030
			2757	1031
			2758	1032
			2759	1033
			2760	1034
			2761	1035
			2761	1036
			2762	1037
			2763	1038
			2764	1039
			2765	1040
			2765	1041
			2766	1042
			2767	1043
			2768	1044
			2769	1045
			2769	1046
			2770	1047
			2771	1048
			2772	1049
			2772	1050
			2773	1051
			2774	1052
			2775	1053
			2776	1054
			2776	1055
			2777	1056
			2778	1057
			2779	1058
			2779	1059
			2780	1060
			2781	1061
			2782	1062
			2783	1063
			2783	1064
			2784	1065
			2785	1066
			2786	1067
			2786	1068
			2787	1069
			2788	1070
			2789	1071
			2789	1072
			2790	1073
			2791	1074
			2792	1075
			2792	1076
			2793	1077
			2794	1078
			2795	1079
			2795	1080
			2796	1081
			2797	1082
			2798	1083
			2798	1084
			2799	1085
			2800	1086
			2801	1087
			2801	1088
			2802	1089
			2803	1090
			2804	1091
			2804	1092
			2805	1093
			2806	1094
			2807	1095
			2807	1096
			2808	1097
			2809	1098
			2810	1099
			2810	1100
			2811	1101
			2812	1102
			2813	1103
			2813	1104
			2814	1105
			2815	1106
			2815	1107
			2816	1108
			2817	1109
			2818	1110
			2818	1111
			2819	1112
			2820	1113
			2821	1114
			2821	1115
			2822	1116
			2823	1117
			2823	1118
			2824	1119
			2825	1120
			2826	1121
			2826	1122
			2827	1123
			2828	1124
			2828	1125
			2829	1126
			2830	1127
			2831	1128
			2831	1129
			2832	1130
			2833	1131
			2833	1132
			2834	1133
			2835	1134
			2836	1135
			2836	1136
			2837	1137
			2838	1138
			2838	1139
			2839	1140
			2840	1141
			2840	1142
			2841	1143
			2842	1144
			2843	1145
			2843	1146
			2844	1147
			2845	1148
			2845	1149
			2846	1150
			2847	1151
			2847	1152
			2848	1153
			2849	1154
			2849	1155
			2850	1156
			2850	1157
			2851	1157
			2851	1158
			2852	1159
			2852	1160
			2853	1161
			2854	1162
			2855	1163
			2855	1164
			2856	1165
			2856	1166
			2857	1166
			2857	1167
			2858	1168
			2858	1169
			2859	1169
			2859	1170
			2860	1171
			2861	1172
			2861	1173
			2862	1174
			2862	1175
			2863	1176
			2864	1177
			2865	1178
			2865	1179
			2866	1180
			2867	1181
			2867	1182
			2868	1183
			2869	1184
			2869	1185
			2870	1186
			2870	1187
			2871	1187
			2871	1188
			2872	1189
			2872	1190
			2873	1191
			2874	1192
			2874	1193
			2875	1194
			2875	1195
			2876	1196
			2876	1197
			2877	1197
			2877	1198
			2878	1199
			2878	1200
			2879	1201
			2880	1202
			2880	1203
			2881	1204
			2882	1205
			2882	1206
			2883	1207
			2883	1208
			2884	1209
			2885	1210
			2885	1211
			2886	1212
			2886	1213
			2887	1214
			2888	1215
			2888	1216
			2889	1217
			2889	1218
			2890	1219
			2891	1219
			2891	1220
			2892	1221
			2892	1222
			2893	1223
			2893	1224
			2894	1225
			2895	1226
			2895	1227
			2896	1228
			2896	1229
			2897	1230
			2898	1231
			2898	1232
			2899	1233
			2899	1234
			2900	1235
			2900	1236
			2901	1237
			2902	1237
			2902	1238
			2903	1239
			2903	1240
			2904	1241
			2904	1242
			2905	1243
			2906	1244
			2906	1245
			2907	1246
			2907	1247
			2908	1248
			2908	1249
			2909	1250
			2910	1251
			2910	1252
			2911	1252
			2911	1253
			2912	1254
			2912	1255
			2913	1256
			2913	1257
			2914	1258
			2915	1259
			2915	1260
			2916	1261
			2916	1262
			2917	1263
			2917	1264
			2918	1265
			2919	1266
			2920	1267
			2920	1268
			2920	1269
			2921	1269
			2921	1270
			2922	1271
			2922	1272
			2923	1273
			2924	1274
			2924	1275
			2925	1276
			2925	1277
			2926	1277
			2926	1278
			2927	1279
			2927	1280
			2927	1281
			2928	1281
			2928	1282
			2929	1283
			2929	1284
			2930	1284
			2930	1285
			2931	1286
			2931	1287
			2932	1288
			2933	1289
			2933	1290
			2934	1291
			2934	1292
			2935	1293
			2935	1294
			2936	1295
			2936	1296
			2937	1297
			2938	1298
			2938	1299
			2939	1300
			2940	1301
			2940	1302
			2941	1303
			2941	1304
			2942	1305
			2943	1306
			2943	1307
			2943	1308
			2944	1309
			2945	1310
			2945	1311
			2946	1312
			2947	1313
			2947	1314
			2948	1315
			2948	1316
			2949	1317
			2949	1318
			2950	1319
			2950	1320
			2951	1321
			2952	1322
			2952	1323
			2953	1324
			2953	1325
			2954	1326
			2954	1327
			2955	1327
			2955	1328
			2956	1329
			2956	1330
			2957	1331
			2958	1332
			2958	1333
			2959	1334
			2959	1335
			2960	1336
			2960	1337
			2961	1338
			2961	1339
			2962	1340
			2962	1341
			2963	1342
			2963	1343
			2964	1343
			2964	1344
			2965	1345
			2966	1346
			2966	1347
			2967	1348
			2967	1349
			2968	1350
			2968	1351
			2969	1352
			2969	1353
			2970	1354
			2970	1355
			2971	1356
			2971	1357
			2972	1357
			2972	1358
			2973	1359
			2973	1360
			2974	1361
			2974	1362
			2975	1363
			2975	1364
			2976	1365
			2976	1366
			2977	1367
			2977	1368
			2978	1369
			2979	1369
			2979	1370
			2980	1371
			2980	1372
			2981	1373
			2981	1374
			2982	1375
			2982	1376
			2983	1377
			2983	1378
			2984	1379
			2984	1380
			2985	1380
			2985	1381
			2986	1382
			2986	1383
			2987	1384
			2987	1385
			2988	1386
			2988	1387
			2989	1388
			2989	1389
			2990	1390
			2990	1391
			2991	1392
			2991	1393
			2992	1394
			2992	1395
			2993	1396
			2994	1397
			2994	1398
			2994	1399
			2995	1399
			2995	1400
			2996	1401
			2996	1402
			2997	1403
			2997	1404
			2998	1405
			2998	1406
			2999	1407
			2999	1408
			3000	1409
			3000	1410
			3001	1411
			3002	1412
			3002	1413
			3003	1414
			3003	1415
			3004	1416
			3004	1417
			3005	1418
			3005	1419
			3006	1420
			3006	1421
			3007	1421
			3007	1422
			3007	1423
			3008	1424
			3008	1425
			3009	1425
			3009	1426
			3009	1427
			3010	1428
			3011	1429
			3011	1430
			3012	1431
			3012	1432
			3013	1433
			3013	1434
			3014	1435
			3014	1436
			3015	1437
			3015	1438
			3016	1439
			3017	1440
			3017	1441
			3017	1442
			3018	1442
			3018	1443
			3018	1444
			3019	1444
			3019	1445
			3019	1446
			3020	1446
			3020	1447
			3020	1448
			3021	1448
			3021	1449
			3021	1450
			3022	1450
			3022	1451
			3022	1452
			3023	1452
			3023	1453
			3023	1454
			3024	1454
			3024	1455
			3024	1456
			3025	1456
			3025	1457
			3025	1458
			3026	1458
			3026	1459
			3026	1460
			3027	1460
			3027	1461
			3027	1462
			3028	1462
			3028	1463
			3028	1464
			3029	1464
			3029	1465
			3029	1466
			3030	1466
			3030	1467
			3030	1468
			3031	1468
			3031	1469
			3032	1470
			3032	1471
			3033	1472
			3033	1473
			3033	1474
			3034	1475
			3035	1476
			3035	1477
			3035	1478
			3036	1479
			3036	1480
			3037	1481
			3037	1482
			3038	1483
			3038	1484
			3039	1484
			3039	1485
			3040	1486
			3040	1487
			3040	1488
			3041	1489
			3041	1490
			3042	1491
			3042	1492
			3043	1493
			3043	1494
			3044	1495
			3044	1496
			3045	1497
			3045	1498
			3046	1499
			3046	1500
			3047	1501
			3047	1502
			3048	1503
			3048	1504
			3048	1505
			3049	1505
			3049	1506
			3049	1507
			3050	1508
			3051	1509
			3051	1510
			3051	1511
			3052	1512
			3052	1513
			3053	1514
			3053	1515
			3054	1516
			3054	1517
			3054	1518
			3055	1519
			3056	1520
			3056	1521
			3057	1522
			3057	1523
			3058	1524
			3058	1525
			3059	1526
			3059	1527
			3059	1528
			3060	1529
			3060	1530
			3061	1531
			3061	1532
			3062	1533
			3062	1534
			3062	1535
			3063	1536
			3063	1537
			3064	1538
			3064	1539
			3065	1540
			3065	1541
			3065	1542
			3066	1542
			3066	1543
			3067	1544
			3067	1545
			3068	1546
			3068	1547
			3068	1548
			3069	1549
			3069	1550
			3070	1551
			3070	1552
			3070	1553
			3071	1554
			3071	1555
			3072	1555
			3072	1556
			3072	1557
			3073	1558
			3073	1559
			3074	1560
			3074	1561
			3074	1562
			3075	1563
			3075	1564
			3076	1565
			3076	1566
			3077	1567
			3077	1568
			3077	1569
			3078	1570
			3078	1571
			3079	1572
			3079	1573
			3080	1574
			3080	1575
			3080	1576
			3081	1577
			3081	1578
			3082	1579
			3082	1580
			3082	1581
			3083	1582
			3083	1583
			3084	1584
			3084	1585
			3085	1586
			3085	1587
			3085	1588
			3086	1588
			3086	1589
			3086	1590
			3087	1591
			3087	1592
			3087	1593
			3088	1594
			3088	1595
			3089	1596
			3089	1597
			3089	1598
			3090	1599
			3090	1600
			3091	1601
			3091	1602
			3091	1603
			3092	1604
			3092	1605
			3092	1606
			3093	1607
			3093	1608
			3094	1608
			3094	1609
			3094	1610
			3095	1611
			3095	1612
			3095	1613
			3096	1614
			3096	1615
			3096	1616
			3097	1617
			3097	1618
			3097	1619
			3098	1619
			3098	1620
			3098	1621
			3099	1622
			3099	1623
			3099	1624
			3100	1625
			3100	1626
			3100	1627
			3101	1628
			3101	1629
			3102	1630
			3102	1631
			3102	1632
			3103	1633
			3103	1634
			3104	1635
			3104	1636
			3104	1637
			3104	1638
			3105	1638
			3105	1639
			3105	1640
			3106	1641
			3106	1642
			3106	1643
			3107	1644
			3107	1645
			3107	1646
			3108	1647
			3108	1648
			3108	1649
			3109	1650
			3109	1651
			3110	1652
			3110	1653
			3110	1654
			3110	1655
			3111	1656
			3111	1657
			3111	1658
			3112	1659
			3112	1660
			3112	1661
			3113	1662
			3113	1663
			3113	1664
			3114	1665
			3114	1666
			3114	1667
			3115	1668
			3115	1669
			3115	1670
			3116	1671
			3116	1672
			3116	1673
			3117	1674
			3117	1675
			3117	1676
			3118	1677
			3118	1678
			3118	1679
			3118	1680
			3119	1681
			3119	1682
			3119	1683
			3120	1684
			3120	1685
			3120	1686
			3120	1687
			3121	1687
			3121	1688
			3121	1689
			3122	1690
			3122	1691
			3122	1692
			3122	1693
			3123	1694
			3123	1695
			3123	1696
			3123	1697
			3124	1698
			3124	1699
			3124	1700
			3125	1701
			3125	1702
			3125	1703
			3125	1704
			3126	1705
			3126	1706
			3126	1707
			3126	1708
			3127	1708
			3127	1709
			3127	1710
			3127	1711
			3128	1712
			3128	1713
			3128	1714
			3128	1715
			3128	1716
			3129	1717
			3129	1718
			3129	1719
			3130	1720
			3130	1721
			3130	1722
			3130	1723
			3130	1724
			3131	1725
			3131	1726
			3131	1727
			3131	1728
			3132	1729
			3132	1730
			3132	1731
			3132	1732
			3132	1733
			3133	1734
			3133	1735
			3133	1736
			3133	1737
			3134	1738
			3134	1739
			3134	1740
			3134	1741
			3134	1742
			3135	1743
			3135	1744
			3135	1745
			3135	1746
			3135	1747
			3136	1748
			3136	1749
			3136	1750
			3136	1751
			3136	1752
			3136	1753
			3137	1754
			3137	1755
			3137	1756
			3137	1757
			3137	1758
			3138	1759
			3138	1760
			3138	1761
			3138	1762
			3138	1763
			3138	1764
			3139	1764
			3139	1765
			3139	1766
			3139	1767
			3139	1768
			3139	1769
			3139	1770
			3139	1771
			3140	1772
			3140	1773
			3140	1774
			3140	1775
			3140	1776
			3140	1777
			3140	1778
			3141	1779
			3141	1780
			3141	1781
			3141	1782
			3141	1783
			3141	1784
			3141	1785
			3141	1786
			3141	1787
			3142	1788
			3142	1789
			3142	1790
			3142	1791
			3142	1792
			3142	1793
			3142	1794
			3142	1795
			3142	1796
			3142	1797
			3142	1798
			3143	1799
			3143	1800
			3143	1801
			3143	1802
			3143	1803
			3143	1804
			3143	1805
			3143	1806
			3143	1807
			3143	1808
			3143	1809
			3143	1810
			3143	1811
			3143	1812
			3143	1813
			3143	1814
			3143	1815
			3143	1816
			3143	1817
			3143	1818
			3143	1819
			3143	1820
			3143	1821
			3143	1822
			3143	1823
			3143	1824
			3143	1825
			3143	1826
			3143	1827
			3143	1828
			3143	1829
			3143	1830
			3143	1831
			3143	1832
			3143	1833
			3143	1834
			3143	1835
			3143	1836
			3143	1837
			3143	1838
			3143	1839
			3143	1840
			3143	1841
			3143	1842
			3143	1843
			3142	1844
			3142	1845
			3142	1846
			3142	1847
			3142	1848
			3142	1849
			3142	1850
			3142	1851
			3142	1852
			3141	1853
			3141	1854
			3141	1855
			3141	1856
			3141	1857
			3141	1858
			3141	1859
			3140	1860
			3140	1861
			3140	1862
			3140	1863
			3140	1864
			3140	1865
			3139	1866
			3139	1867
			3139	1868
			3139	1869
			3139	1870
			3139	1871
			3138	1871
			3138	1872
			3138	1873
			3138	1874
			3137	1875
			3137	1876
			3137	1877
			3137	1878
			3137	1879
			3136	1880
			3136	1881
			3136	1882
			3135	1883
			3135	1884
			3135	1885
			3134	1886
			3134	1887
			3134	1888
			3133	1889
			3133	1890
			3133	1891
			3132	1892
			3132	1893
			3132	1894
			3131	1895
			3131	1896
			3131	1897
			3130	1898
			3130	1899
			3129	1900
			3129	1901
			3128	1902
			3128	1903
			3127	1904
			3127	1905
			3127	1906
			3126	1907
			3126	1908
			3125	1909
			3125	1910
			3124	1911
			3123	1912
			3123	1913
			3122	1914
			3122	1915
			3121	1916
			3120	1917
			3120	1918
			3119	1919
			3119	1920
			3118	1921
			3118	1922
			3117	1923
			3117	1924
			3116	1925
			3115	1926
			3115	1927
			3114	1928
			3114	1929
			3113	1930
			3113	1931
			3112	1932
			3111	1933
			3111	1934
			3110	1935
			3109	1936
			3109	1937
			3108	1938
			3108	1939
			3107	1940
			3107	1941
			3106	1941
			3106	1942
			3105	1943
			3105	1944
			3104	1944
			3104	1945
			3103	1946
			3103	1947
			3103	1948
			3102	1948
			3102	1949
			3101	1950
			3101	1951
			3100	1951
			3100	1952
			3099	1953
			3099	1954
			3098	1954
			3098	1955
			3097	1956
			3097	1957
			3096	1957
			3096	1958
			3095	1959
			3095	1960
			3094	1961
			3094	1962
			3093	1963
			3092	1964
			3092	1965
			3091	1965
			3091	1966
			3090	1967
			3090	1968
			3089	1969
			3089	1970
			3088	1971
			3087	1971
			3087	1972
			3086	1973
			3086	1974
			3085	1975
			3085	1976
			3084	1976
			3084	1977
			3083	1978
			3082	1979
			3082	1980
			3081	1981
			3080	1982
			3080	1983
			3079	1984
			3078	1985
			3078	1986
			3077	1987
			3076	1988
			3076	1989
			3075	1990
			3074	1991
			3074	1992
			3073	1993
			3072	1994
			3072	1995
			3071	1995
			3070	1996
			3070	1997
			3069	1998
			3069	1999
			3068	2000
			3067	2001
			3067	2002
			3066	2003
			3065	2004
			3064	2005
			3063	2006
			3062	2007
			3062	2008
			3061	2009
			3060	2010
			3059	2011
			3059	2012
			3058	2013
			3057	2014
			3056	2015
			3056	2016
			3055	2017
			3054	2018
			3053	2019
			3053	2020
			3052	2021
			3051	2022
			3050	2023
			3050	2024
			3049	2025
			3048	2026
			3047	2027
			3047	2028
			3046	2029
			3045	2030
			3044	2031
			3043	2032
			3042	2033
			3041	2034
			3040	2035
			3040	2036
			3039	2036
			3039	2037
			3038	2038
			3037	2039
			3036	2040
			3035	2041
			3034	2042
			3033	2043
			3033	2044
			3032	2045
			3031	2046
			3030	2047
			3029	2048
			3028	2049
			3027	2050
			3026	2051
			3025	2052
			3024	2053
			3023	2054
			3022	2055
			3021	2056
			3020	2057
			3020	2058
			3019	2058
			3018	2059
			3017	2060
			3016	2061
			3015	2062
			3014	2063
			3013	2064
			3012	2064
			3012	2065
			3011	2066
			3010	2067
			3009	2067
			3008	2068
			3007	2069
			3006	2070
			3005	2070
			3005	2071
			3004	2072
			3003	2073
			3002	2073
			3001	2074
			3000	2075
			2999	2075
			2998	2076
			2998	2077
			2997	2077
			2996	2078
			2995	2079
			2994	2079
			2993	2080
			2992	2081
			2991	2082
			2990	2082
			2989	2083
			2988	2084
			2987	2084
			2986	2085
			2985	2086
			2984	2086
			2983	2087
			2982	2087
			2981	2088
			2980	2089
			2979	2089
			2978	2090
			2977	2090
			2976	2091
			2975	2091
			2974	2092
			2973	2092
			2972	2093
			2971	2093
			2970	2094
			2969	2094
			2968	2094
			2967	2095
			2966	2095
			2965	2096
			2964	2096
			2963	2096
			2962	2097
			2961	2097
			2960	2097
			2959	2098
			2958	2098
			2957	2098
			2956	2098
			2955	2099
			2954	2099
			2953	2099
			2952	2099
			2951	2100
			2950	2100
			2949	2100
			2948	2100
			2947	2100
			2946	2100
			2945	2100
			2944	2100
			2944	2101
			2943	2101
			2942	2101
			2941	2101
			2940	2101
			2939	2101
			2938	2101
			2937	2101
			2936	2101
			2935	2101
			2934	2101
			2933	2101
			2932	2100
			2931	2100
			2930	2100
			2929	2100
			2928	2100
			2927	2100
			2926	2100
			2925	2099
			2924	2099
			2923	2099
			2922	2099
			2921	2098
			2920	2098
			2919	2098
			2918	2098
			2918	2097
			2917	2097
			2916	2097
			2915	2097
			2915	2096
			2914	2096
			2913	2096
			2912	2095
			2911	2095
			2910	2094
			2909	2094
			2908	2093
			2907	2093
			2906	2092
			2905	2092
			2905	2091
			2904	2091
			2903	2090
			2902	2090
			2901	2089
			2900	2089
			2899	2088
			2898	2087
			2897	2087
			2896	2086
			2896	2085
			2895	2085
			2894	2084
			2893	2083
			2892	2082
			2891	2082
			2890	2081
			2890	2080
			2889	2079
			2888	2079
			2887	2078
			2886	2077
			2885	2076
			2884	2075
			2884	2074
			2883	2073
			2882	2073
			2881	2072
			2880	2071
			2879	2070
			2878	2069
			2878	2068
			2877	2067
			2876	2066
			2875	2065
			2874	2064
			2874	2063
			2873	2062
			2872	2061
			2871	2060
			2871	2059
			2870	2059
			2870	2058
			2869	2057
			2868	2056
			2868	2055
			2867	2054
			2867	2053
			2866	2052
			2865	2051
			2864	2050
			2864	2049
			2863	2048
			2863	2047
			2862	2047
			2862	2046
			2862	2045
			2861	2045
			2861	2044
			2860	2043
			2860	2042
			2859	2041
			2858	2040
			2858	2039
			2857	2038
			2857	2037
			2856	2036
			2856	2035
			2855	2035
			2855	2034
			2854	2033
			2854	2032
		</Profile>
		<Eye type=matrix rownames=FALSE colnames=FALSE nrow=2853 ncol=2 as.numeric=TRUE >
			1964	1389
			1963	1390
			1962	1390
			1961	1391
			1960	1391
			1959	1392
			1958	1393
			1957	1393
			1956	1393
			1956	1394
			1955	1394
			1954	1394
			1954	1395
			1953	1395
			1952	1396
			1951	1396
			1950	1397
			1949	1397
			1948	1398
			1947	1398
			1947	1399
			1946	1399
			1945	1400
			1944	1400
			1943	1400
			1943	1401
			1942	1401
			1941	1402
			1940	1402
			1939	1402
			1939	1403
			1938	1403
			1937	1404
			1936	1404
			1935	1404
			1935	1405
			1934	1405
			1933	1406
			1932	1406
			1931	1406
			1931	1407
			1930	1407
			1929	1408
			1928	1408
			1927	1408
			1927	1409
			1926	1409
			1925	1410
			1924	1410
			1923	1411
			1922	1411
			1921	1412
			1920	1412
			1919	1412
			1918	1413
			1917	1413
			1916	1414
			1915	1414
			1914	1415
			1913	1415
			1912	1416
			1911	1416
			1910	1416
			1909	1417
			1908	1417
			1907	1418
			1906	1418
			1906	1419
			1905	1419
			1904	1419
			1903	1420
			1902	1420
			1901	1421
			1900	1421
			1899	1421
			1898	1422
			1897	1422
			1896	1423
			1895	1423
			1894	1423
			1893	1424
			1892	1424
			1891	1425
			1890	1425
			1889	1425
			1888	1426
			1887	1426
			1886	1427
			1885	1427
			1884	1427
			1883	1428
			1882	1428
			1881	1429
			1880	1429
			1879	1429
			1878	1430
			1877	1430
			1876	1430
			1875	1431
			1874	1431
			1873	1431
			1873	1432
			1872	1432
			1871	1432
			1870	1433
			1869	1433
			1868	1433
			1867	1434
			1866	1434
			1865	1434
			1864	1435
			1863	1435
			1862	1435
			1861	1436
			1860	1436
			1859	1436
			1858	1437
			1857	1437
			1856	1437
			1855	1438
			1854	1438
			1853	1438
			1852	1439
			1851	1439
			1850	1439
			1849	1440
			1848	1440
			1847	1440
			1846	1441
			1845	1441
			1844	1441
			1843	1441
			1842	1442
			1841	1442
			1840	1442
			1839	1443
			1838	1443
			1837	1443
			1836	1444
			1835	1444
			1834	1444
			1833	1444
			1832	1445
			1831	1445
			1830	1445
			1829	1445
			1828	1446
			1827	1446
			1826	1446
			1825	1446
			1824	1447
			1823	1447
			1822	1447
			1821	1447
			1820	1448
			1819	1448
			1818	1448
			1817	1448
			1816	1449
			1815	1449
			1814	1449
			1813	1449
			1812	1450
			1811	1450
			1810	1450
			1809	1450
			1808	1450
			1807	1451
			1806	1451
			1805	1451
			1804	1451
			1803	1452
			1802	1452
			1801	1452
			1800	1452
			1799	1452
			1798	1453
			1797	1453
			1796	1453
			1795	1453
			1794	1453
			1793	1453
			1792	1454
			1791	1454
			1790	1454
			1789	1454
			1788	1454
			1787	1454
			1786	1455
			1785	1455
			1784	1455
			1783	1455
			1782	1455
			1781	1455
			1780	1456
			1779	1456
			1778	1456
			1777	1456
			1776	1456
			1775	1456
			1774	1457
			1773	1457
			1772	1457
			1771	1457
			1770	1457
			1769	1457
			1768	1457
			1767	1457
			1767	1458
			1766	1458
			1765	1458
			1764	1458
			1763	1458
			1762	1458
			1761	1458
			1760	1458
			1759	1458
			1758	1458
			1757	1459
			1756	1459
			1755	1459
			1754	1459
			1753	1459
			1752	1459
			1751	1459
			1750	1459
			1749	1459
			1748	1459
			1747	1460
			1746	1460
			1745	1460
			1744	1460
			1743	1460
			1742	1460
			1741	1460
			1740	1460
			1739	1460
			1738	1460
			1737	1460
			1736	1460
			1735	1460
			1734	1461
			1733	1461
			1732	1461
			1731	1461
			1730	1461
			1729	1461
			1728	1461
			1727	1461
			1726	1461
			1725	1461
			1724	1461
			1723	1461
			1722	1461
			1721	1461
			1720	1461
			1719	1461
			1718	1461
			1717	1461
			1716	1461
			1715	1461
			1714	1461
			1713	1461
			1712	1461
			1711	1461
			1710	1461
			1709	1461
			1708	1461
			1707	1461
			1706	1461
			1705	1461
			1704	1461
			1703	1461
			1702	1461
			1701	1461
			1700	1461
			1699	1461
			1698	1461
			1697	1461
			1696	1461
			1695	1461
			1694	1461
			1693	1461
			1692	1461
			1691	1461
			1690	1461
			1689	1461
			1688	1461
			1687	1461
			1686	1461
			1685	1461
			1684	1461
			1683	1461
			1682	1461
			1681	1461
			1680	1461
			1679	1461
			1679	1460
			1678	1460
			1677	1460
			1676	1460
			1675	1460
			1674	1460
			1673	1460
			1672	1460
			1671	1460
			1670	1460
			1669	1460
			1668	1460
			1667	1460
			1666	1460
			1665	1459
			1664	1459
			1663	1459
			1662	1459
			1661	1459
			1660	1459
			1659	1459
			1658	1459
			1657	1459
			1656	1459
			1655	1458
			1654	1458
			1653	1458
			1652	1458
			1651	1458
			1650	1458
			1649	1458
			1648	1458
			1647	1458
			1646	1457
			1645	1457
			1644	1457
			1643	1457
			1642	1457
			1641	1457
			1640	1457
			1639	1456
			1638	1456
			1637	1456
			1636	1456
			1635	1456
			1634	1456
			1633	1456
			1632	1455
			1631	1455
			1630	1455
			1629	1455
			1628	1455
			1627	1455
			1626	1454
			1625	1454
			1624	1454
			1623	1454
			1622	1454
			1621	1454
			1620	1453
			1619	1453
			1618	1453
			1617	1453
			1616	1453
			1615	1453
			1614	1452
			1613	1452
			1612	1452
			1611	1452
			1610	1452
			1609	1451
			1608	1451
			1607	1451
			1606	1451
			1605	1451
			1604	1450
			1603	1450
			1602	1450
			1601	1450
			1600	1449
			1599	1449
			1598	1449
			1597	1449
			1596	1449
			1595	1448
			1594	1448
			1593	1448
			1592	1448
			1591	1447
			1590	1447
			1589	1447
			1588	1447
			1587	1446
			1586	1446
			1585	1446
			1584	1446
			1583	1445
			1582	1445
			1581	1445
			1580	1445
			1579	1444
			1578	1444
			1577	1444
			1576	1444
			1575	1443
			1574	1443
			1573	1443
			1572	1442
			1571	1442
			1570	1442
			1569	1442
			1568	1441
			1567	1441
			1566	1441
			1565	1440
			1564	1440
			1563	1440
			1562	1440
			1561	1439
			1560	1439
			1559	1439
			1558	1438
			1557	1438
			1556	1438
			1555	1437
			1554	1437
			1553	1437
			1552	1437
			1551	1436
			1550	1436
			1549	1436
			1548	1435
			1547	1435
			1546	1435
			1545	1434
			1544	1434
			1543	1434
			1542	1433
			1541	1433
			1540	1433
			1539	1432
			1538	1432
			1537	1432
			1536	1431
			1535	1431
			1534	1430
			1533	1430
			1532	1430
			1531	1429
			1530	1429
			1529	1429
			1528	1428
			1527	1428
			1526	1428
			1525	1427
			1524	1427
			1523	1426
			1522	1426
			1521	1426
			1520	1426
			1520	1425
			1519	1425
			1518	1425
			1517	1424
			1516	1424
			1515	1424
			1514	1423
			1513	1423
			1512	1422
			1511	1422
			1510	1422
			1509	1421
			1508	1421
			1507	1420
			1506	1420
			1505	1420
			1504	1419
			1503	1419
			1502	1419
			1501	1418
			1500	1417
			1499	1417
			1498	1417
			1497	1416
			1496	1416
			1495	1415
			1494	1415
			1493	1415
			1492	1414
			1491	1414
			1490	1413
			1489	1413
			1488	1412
			1487	1412
			1486	1412
			1485	1411
			1484	1411
			1484	1410
			1483	1410
			1482	1410
			1481	1409
			1480	1409
			1479	1409
			1478	1408
			1477	1407
			1476	1407
			1475	1406
			1474	1406
			1473	1405
			1472	1405
			1471	1405
			1470	1404
			1469	1404
			1468	1403
			1467	1403
			1466	1402
			1465	1402
			1464	1401
			1463	1401
			1462	1400
			1461	1400
			1460	1399
			1459	1399
			1458	1398
			1457	1398
			1456	1397
			1455	1397
			1454	1396
			1453	1396
			1452	1395
			1451	1395
			1450	1394
			1449	1394
			1448	1393
			1447	1392
			1446	1392
			1445	1391
			1444	1391
			1443	1390
			1442	1390
			1441	1389
			1440	1389
			1439	1388
			1438	1388
			1437	1387
			1436	1386
			1435	1386
			1434	1385
			1433	1385
			1432	1384
			1431	1383
			1430	1383
			1429	1382
			1428	1382
			1428	1381
			1427	1381
			1426	1380
			1425	1380
			1424	1379
			1423	1379
			1422	1378
			1421	1377
			1420	1377
			1419	1376
			1418	1376
			1417	1375
			1416	1374
			1415	1374
			1414	1373
			1413	1373
			1412	1372
			1412	1371
			1411	1371
			1410	1370
			1409	1370
			1408	1369
			1407	1368
			1406	1368
			1405	1367
			1404	1366
			1403	1366
			1402	1365
			1401	1364
			1400	1363
			1399	1363
			1398	1362
			1397	1361
			1396	1361
			1395	1360
			1394	1359
			1393	1359
			1393	1358
			1392	1358
			1391	1357
			1390	1357
			1390	1356
			1389	1356
			1388	1355
			1387	1354
			1386	1353
			1385	1353
			1384	1352
			1383	1351
			1382	1351
			1381	1350
			1381	1349
			1380	1348
			1379	1348
			1378	1347
			1377	1346
			1376	1346
			1375	1345
			1374	1344
			1373	1343
			1372	1342
			1371	1341
			1370	1340
			1369	1339
			1368	1339
			1367	1338
			1366	1337
			1365	1337
			1365	1336
			1364	1336
			1363	1335
			1362	1334
			1361	1333
			1360	1332
			1359	1331
			1358	1330
			1357	1330
			1357	1329
			1356	1328
			1355	1328
			1354	1327
			1354	1326
			1353	1326
			1352	1325
			1352	1324
			1351	1324
			1350	1323
			1350	1322
			1349	1322
			1348	1321
			1347	1320
			1346	1319
			1345	1318
			1344	1317
			1343	1316
			1342	1315
			1341	1315
			1341	1314
			1340	1313
			1339	1312
			1338	1311
			1337	1311
			1337	1310
			1336	1309
			1335	1308
			1334	1307
			1334	1306
			1333	1306
			1332	1305
			1331	1304
			1330	1303
			1330	1302
			1329	1301
			1328	1301
			1327	1300
			1327	1299
			1326	1298
			1325	1297
			1324	1296
			1324	1295
			1323	1295
			1322	1294
			1321	1293
			1321	1292
			1320	1291
			1319	1290
			1318	1289
			1317	1288
			1316	1287
			1315	1286
			1314	1285
			1313	1284
			1313	1283
			1312	1282
			1311	1281
			1310	1280
			1310	1279
			1309	1278
			1308	1277
			1307	1276
			1307	1275
			1306	1274
			1305	1273
			1304	1272
			1304	1271
			1303	1270
			1302	1269
			1302	1268
			1301	1267
			1300	1266
			1299	1265
			1299	1264
			1298	1263
			1297	1263
			1297	1262
			1296	1261
			1295	1260
			1295	1259
			1294	1258
			1293	1257
			1293	1256
			1292	1255
			1291	1254
			1291	1253
			1290	1252
			1289	1251
			1289	1250
			1288	1249
			1287	1248
			1287	1247
			1286	1246
			1285	1245
			1285	1244
			1284	1243
			1283	1242
			1283	1241
			1282	1240
			1281	1239
			1281	1238
			1280	1237
			1280	1236
			1279	1235
			1278	1234
			1278	1233
			1277	1232
			1277	1231
			1276	1230
			1276	1229
			1275	1228
			1274	1227
			1274	1226
			1273	1225
			1273	1224
			1272	1223
			1272	1222
			1271	1222
			1271	1221
			1271	1220
			1270	1219
			1270	1218
			1269	1218
			1269	1217
			1268	1216
			1268	1215
			1267	1214
			1267	1213
			1266	1212
			1266	1211
			1265	1210
			1265	1209
			1264	1208
			1264	1207
			1263	1206
			1262	1205
			1262	1204
			1262	1203
			1261	1203
			1261	1202
			1261	1201
			1260	1200
			1260	1199
			1259	1198
			1259	1197
			1258	1196
			1258	1195
			1257	1194
			1257	1193
			1256	1192
			1256	1191
			1255	1190
			1255	1189
			1254	1188
			1254	1187
			1253	1186
			1253	1185
			1253	1184
			1252	1183
			1252	1182
			1251	1181
			1251	1180
			1250	1179
			1250	1178
			1250	1177
			1249	1176
			1249	1175
			1248	1174
			1248	1173
			1247	1172
			1247	1171
			1247	1170
			1246	1169
			1246	1168
			1245	1167
			1245	1166
			1245	1165
			1244	1164
			1244	1163
			1243	1162
			1243	1161
			1243	1160
			1242	1159
			1242	1158
			1242	1157
			1241	1156
			1241	1155
			1241	1154
			1240	1154
			1240	1153
			1240	1152
			1239	1151
			1239	1150
			1239	1149
			1238	1148
			1238	1147
			1238	1146
			1237	1145
			1237	1144
			1237	1143
			1237	1142
			1236	1142
			1236	1141
			1236	1140
			1235	1139
			1235	1138
			1235	1137
			1234	1136
			1234	1135
			1234	1134
			1233	1133
			1233	1132
			1233	1131
			1233	1130
			1232	1129
			1232	1128
			1232	1127
			1231	1126
			1231	1125
			1231	1124
			1230	1123
			1230	1122
			1230	1121
			1229	1120
			1229	1119
			1229	1118
			1229	1117
			1228	1116
			1228	1115
			1228	1114
			1227	1113
			1227	1112
			1227	1111
			1227	1110
			1226	1109
			1226	1108
			1226	1107
			1225	1106
			1225	1105
			1225	1104
			1225	1103
			1225	1102
			1224	1101
			1224	1100
			1224	1099
			1223	1098
			1223	1097
			1223	1096
			1223	1095
			1223	1094
			1222	1093
			1222	1092
			1222	1091
			1222	1090
			1221	1089
			1221	1088
			1221	1087
			1221	1086
			1220	1085
			1220	1084
			1220	1083
			1220	1082
			1220	1081
			1219	1080
			1219	1079
			1219	1078
			1219	1077
			1219	1076
			1218	1075
			1218	1074
			1218	1073
			1218	1072
			1218	1071
			1217	1070
			1217	1069
			1217	1068
			1217	1067
			1217	1066
			1216	1065
			1216	1064
			1216	1063
			1216	1062
			1216	1061
			1215	1060
			1215	1059
			1215	1058
			1215	1057
			1215	1056
			1215	1055
			1214	1054
			1214	1053
			1214	1052
			1214	1051
			1214	1050
			1214	1049
			1213	1048
			1213	1047
			1213	1046
			1213	1045
			1213	1044
			1213	1043
			1212	1042
			1212	1041
			1212	1040
			1212	1039
			1212	1038
			1212	1037
			1212	1036
			1212	1035
			1212	1034
			1212	1033
			1212	1032
			1212	1031
			1212	1030
			1212	1029
			1212	1028
			1212	1027
			1212	1026
			1212	1025
			1212	1024
			1212	1023
			1212	1022
			1212	1021
			1212	1020
			1212	1019
			1212	1018
			1212	1017
			1212	1016
			1212	1015
			1212	1014
			1212	1013
			1212	1012
			1212	1011
			1212	1010
			1212	1009
			1212	1008
			1212	1007
			1212	1006
			1212	1005
			1212	1004
			1212	1003
			1212	1002
			1212	1001
			1212	1000
			1212	999
			1212	998
			1212	997
			1212	996
			1212	995
			1212	994
			1212	993
			1212	992
			1212	991
			1212	990
			1212	989
			1213	988
			1213	987
			1213	986
			1213	985
			1213	984
			1213	983
			1213	982
			1213	981
			1213	980
			1213	979
			1213	978
			1213	977
			1213	976
			1213	975
			1213	974
			1213	973
			1213	972
			1213	971
			1213	970
			1214	969
			1214	968
			1214	967
			1214	966
			1214	965
			1214	964
			1214	963
			1214	962
			1214	961
			1214	960
			1214	959
			1214	958
			1214	957
			1215	956
			1215	955
			1215	954
			1215	953
			1215	952
			1215	951
			1215	950
			1215	949
			1215	948
			1215	947
			1215	946
			1216	945
			1216	944
			1216	943
			1216	942
			1216	941
			1216	940
			1216	939
			1216	938
			1216	937
			1216	936
			1217	935
			1217	934
			1217	933
			1217	932
			1217	931
			1217	930
			1217	929
			1217	928
			1218	927
			1218	926
			1218	925
			1218	924
			1218	923
			1218	922
			1218	921
			1219	920
			1219	919
			1219	918
			1219	917
			1219	916
			1219	915
			1219	914
			1219	913
			1220	912
			1220	911
			1220	910
			1220	909
			1220	908
			1220	907
			1221	906
			1221	905
			1221	904
			1221	903
			1221	902
			1221	901
			1221	900
			1222	899
			1222	898
			1222	897
			1222	896
			1222	895
			1222	894
			1223	894
			1223	893
			1223	892
			1223	891
			1223	890
			1223	889
			1224	888
			1224	887
			1224	886
			1224	885
			1224	884
			1225	883
			1225	882
			1225	881
			1225	880
			1225	879
			1226	878
			1226	877
			1226	876
			1226	875
			1226	874
			1227	873
			1227	872
			1227	871
			1227	870
			1227	869
			1228	869
			1228	868
			1228	867
			1228	866
			1228	865
			1229	864
			1229	863
			1229	862
			1229	861
			1230	860
			1230	859
			1230	858
			1230	857
			1230	856
			1231	855
			1231	854
			1231	853
			1231	852
			1232	851
			1232	850
			1232	849
			1232	848
			1233	847
			1233	846
			1233	845
			1233	844
			1234	843
			1234	842
			1234	841
			1235	840
			1235	839
			1235	838
			1235	837
			1236	836
			1236	835
			1236	834
			1237	833
			1237	832
			1237	831
			1237	830
			1238	829
			1238	828
			1238	827
			1238	826
			1239	825
			1239	824
			1239	823
			1240	822
			1240	821
			1240	820
			1241	819
			1241	818
			1241	817
			1241	816
			1242	815
			1242	814
			1242	813
			1243	812
			1243	811
			1243	810
			1244	809
			1244	808
			1244	807
			1245	807
			1245	806
			1245	805
			1246	804
			1246	803
			1246	802
			1247	801
			1247	800
			1247	799
			1248	798
			1248	797
			1248	796
			1249	795
			1249	794
			1249	793
			1250	792
			1250	791
			1250	790
			1251	789
			1251	788
			1252	787
			1252	786
			1252	785
			1253	784
			1253	783
			1253	782
			1254	781
			1254	780
			1254	779
			1255	779
			1255	778
			1255	777
			1256	776
			1256	775
			1256	774
			1257	774
			1257	773
			1257	772
			1258	771
			1258	770
			1259	769
			1259	768
			1259	767
			1260	766
			1260	765
			1261	764
			1261	763
			1261	762
			1262	761
			1262	760
			1263	759
			1263	758
			1264	757
			1264	756
			1265	755
			1265	754
			1266	753
			1266	752
			1267	751
			1267	750
			1267	749
			1268	748
			1268	747
			1269	746
			1269	745
			1270	744
			1270	743
			1271	742
			1271	741
			1272	740
			1272	739
			1272	738
			1273	737
			1273	736
			1274	735
			1274	734
			1275	733
			1275	732
			1276	731
			1277	730
			1277	729
			1277	728
			1278	728
			1278	727
			1279	726
			1279	725
			1280	724
			1280	723
			1281	722
			1281	721
			1282	720
			1282	719
			1283	718
			1284	717
			1284	716
			1285	715
			1285	714
			1286	713
			1286	712
			1287	711
			1287	710
			1288	709
			1288	708
			1289	707
			1289	706
			1290	705
			1291	704
			1291	703
			1292	702
			1292	701
			1293	700
			1293	699
			1294	699
			1294	698
			1295	697
			1296	696
			1296	695
			1297	694
			1297	693
			1298	692
			1298	691
			1299	690
			1300	689
			1300	688
			1301	687
			1301	686
			1302	685
			1303	684
			1303	683
			1304	683
			1304	682
			1305	681
			1306	680
			1306	679
			1307	678
			1307	677
			1308	676
			1309	675
			1309	674
			1310	673
			1310	672
			1311	671
			1312	671
			1312	670
			1313	669
			1314	668
			1314	667
			1315	666
			1315	665
			1316	664
			1317	663
			1317	662
			1318	661
			1319	661
			1319	660
			1320	659
			1321	658
			1321	657
			1322	656
			1323	655
			1323	654
			1324	653
			1325	652
			1326	651
			1327	650
			1327	649
			1328	648
			1328	647
			1329	647
			1329	646
			1330	645
			1331	644
			1332	643
			1332	642
			1333	641
			1334	640
			1335	639
			1336	638
			1336	637
			1337	636
			1338	635
			1338	634
			1339	634
			1340	633
			1341	632
			1341	631
			1342	630
			1343	629
			1344	628
			1344	627
			1345	626
			1346	625
			1347	625
			1347	624
			1348	623
			1349	622
			1350	621
			1350	620
			1351	619
			1352	618
			1353	617
			1354	616
			1355	615
			1356	614
			1357	613
			1358	612
			1358	611
			1359	610
			1360	610
			1360	609
			1361	608
			1362	607
			1363	606
			1364	605
			1365	604
			1365	603
			1366	602
			1367	602
			1368	601
			1368	600
			1369	599
			1370	599
			1370	598
			1371	597
			1372	597
			1372	596
			1373	595
			1374	594
			1375	594
			1375	593
			1376	592
			1377	591
			1378	590
			1379	589
			1380	588
			1381	587
			1382	586
			1383	586
			1383	585
			1384	584
			1385	583
			1386	582
			1387	581
			1388	580
			1389	580
			1390	579
			1390	578
			1391	577
			1392	576
			1393	575
			1394	574
			1395	574
			1396	573
			1397	572
			1398	571
			1399	570
			1400	569
			1400	568
			1401	568
			1402	568
			1403	567
			1404	567
			1405	567
			1406	566
			1407	566
			1408	566
			1409	565
			1410	565
			1410	564
			1411	564
			1412	564
			1413	563
			1414	563
			1415	563
			1416	562
			1417	562
			1418	562
			1419	561
			1420	561
			1421	561
			1422	560
			1423	560
			1424	560
			1425	559
			1426	559
			1427	559
			1428	558
			1429	558
			1430	557
			1431	557
			1432	557
			1433	557
			1434	556
			1435	556
			1436	555
			1437	555
			1438	555
			1439	555
			1440	554
			1441	554
			1442	554
			1443	553
			1444	553
			1445	553
			1446	552
			1447	552
			1448	552
			1449	551
			1450	551
			1451	551
			1452	551
			1453	550
			1454	550
			1455	549
			1456	549
			1457	549
			1458	549
			1458	548
			1459	548
			1460	548
			1461	548
			1462	547
			1463	547
			1464	547
			1465	547
			1466	546
			1467	546
			1468	546
			1469	545
			1470	545
			1471	545
			1472	544
			1473	544
			1474	544
			1475	544
			1476	543
			1477	543
			1478	543
			1479	542
			1480	542
			1481	542
			1482	542
			1483	541
			1484	541
			1485	541
			1486	541
			1487	540
			1488	540
			1489	540
			1490	540
			1491	539
			1492	539
			1493	539
			1494	539
			1495	538
			1496	538
			1497	538
			1498	538
			1499	537
			1500	537
			1501	537
			1502	537
			1503	536
			1504	536
			1505	536
			1506	536
			1506	535
			1507	535
			1508	535
			1509	535
			1510	535
			1511	534
			1512	534
			1513	534
			1514	534
			1515	533
			1516	533
			1517	533
			1518	533
			1519	533
			1520	532
			1521	532
			1522	532
			1523	532
			1524	532
			1525	531
			1526	531
			1527	531
			1528	531
			1529	531
			1530	530
			1531	530
			1532	530
			1533	530
			1534	530
			1535	529
			1536	529
			1537	529
			1538	529
			1539	529
			1540	528
			1541	528
			1542	528
			1543	528
			1544	528
			1545	527
			1546	527
			1547	527
			1548	527
			1549	527
			1550	527
			1551	526
			1552	526
			1553	526
			1554	526
			1555	526
			1556	526
			1557	525
			1558	525
			1559	525
			1560	525
			1561	525
			1562	525
			1563	525
			1564	524
			1565	524
			1566	524
			1567	524
			1568	524
			1569	524
			1570	524
			1571	523
			1572	523
			1573	523
			1574	523
			1575	523
			1576	523
			1577	523
			1578	523
			1579	522
			1580	522
			1581	522
			1582	522
			1583	522
			1584	522
			1585	522
			1586	522
			1587	521
			1588	521
			1589	521
			1590	521
			1591	521
			1592	521
			1593	521
			1594	521
			1595	521
			1596	520
			1597	520
			1598	520
			1599	520
			1600	520
			1601	520
			1602	520
			1603	520
			1604	520
			1605	520
			1606	520
			1607	519
			1608	519
			1609	519
			1610	519
			1611	519
			1612	519
			1613	519
			1614	519
			1615	519
			1616	519
			1617	519
			1618	519
			1619	519
			1620	519
			1621	519
			1622	518
			1623	518
			1624	518
			1625	518
			1626	518
			1627	518
			1628	518
			1629	518
			1630	518
			1631	518
			1632	518
			1633	518
			1634	518
			1635	518
			1636	518
			1637	518
			1638	518
			1639	518
			1640	518
			1641	518
			1642	518
			1643	518
			1644	518
			1645	518
			1646	518
			1647	518
			1648	518
			1649	518
			1650	518
			1651	518
			1652	518
			1653	518
			1654	518
			1655	518
			1656	518
			1657	518
			1658	518
			1659	518
			1660	518
			1661	518
			1662	518
			1663	518
			1664	518
			1665	518
			1666	518
			1667	518
			1668	518
			1669	518
			1670	518
			1671	518
			1672	518
			1673	518
			1674	518
			1675	518
			1676	518
			1677	518
			1678	518
			1679	518
			1680	518
			1681	518
			1682	518
			1683	518
			1684	518
			1685	518
			1686	519
			1687	519
			1688	519
			1689	519
			1690	519
			1691	519
			1692	519
			1693	519
			1694	519
			1695	519
			1696	519
			1697	519
			1698	519
			1699	519
			1700	520
			1701	520
			1702	520
			1703	520
			1704	520
			1705	520
			1706	520
			1707	520
			1708	520
			1709	520
			1710	520
			1711	521
			1712	521
			1713	521
			1714	521
			1715	521
			1716	521
			1717	521
			1718	521
			1719	521
			1720	522
			1721	522
			1722	522
			1723	522
			1724	522
			1725	522
			1726	522
			1727	522
			1728	523
			1729	523
			1730	523
			1731	523
			1732	523
			1733	523
			1734	523
			1735	524
			1736	524
			1737	524
			1738	524
			1739	524
			1740	524
			1740	525
			1741	525
			1742	525
			1743	525
			1744	525
			1745	525
			1746	526
			1747	526
			1748	526
			1749	526
			1750	526
			1751	526
			1752	527
			1753	527
			1754	527
			1755	527
			1756	527
			1757	528
			1758	528
			1759	528
			1760	528
			1761	528
			1762	529
			1763	529
			1764	529
			1765	529
			1766	529
			1767	530
			1768	530
			1769	530
			1770	530
			1771	531
			1772	531
			1773	531
			1774	531
			1775	531
			1776	532
			1777	532
			1778	532
			1779	532
			1780	533
			1781	533
			1782	533
			1783	533
			1784	534
			1785	534
			1786	534
			1787	534
			1788	535
			1789	535
			1790	535
			1791	535
			1792	536
			1793	536
			1794	536
			1795	537
			1796	537
			1797	537
			1798	537
			1799	538
			1800	538
			1801	538
			1802	538
			1803	539
			1804	539
			1805	539
			1806	540
			1807	540
			1808	540
			1809	541
			1810	541
			1811	541
			1812	542
			1813	542
			1814	542
			1815	543
			1816	543
			1817	543
			1818	544
			1819	544
			1820	544
			1821	545
			1822	545
			1823	545
			1824	546
			1825	546
			1826	546
			1827	547
			1828	547
			1829	547
			1830	548
			1831	548
			1832	548
			1833	549
			1834	549
			1835	550
			1836	550
			1837	550
			1838	551
			1839	551
			1840	551
			1841	552
			1842	552
			1843	553
			1844	553
			1845	553
			1846	554
			1847	554
			1848	554
			1849	555
			1850	555
			1851	556
			1852	556
			1853	556
			1854	557
			1855	557
			1856	558
			1857	558
			1858	559
			1859	559
			1860	559
			1861	560
			1862	560
			1863	561
			1864	561
			1865	561
			1865	562
			1866	562
			1867	563
			1868	563
			1869	564
			1870	564
			1871	565
			1872	565
			1873	565
			1874	566
			1875	566
			1876	567
			1877	567
			1878	568
			1879	568
			1880	569
			1881	569
			1882	570
			1883	570
			1884	570
			1885	571
			1886	571
			1887	572
			1888	572
			1889	573
			1890	573
			1891	574
			1892	574
			1892	575
			1893	575
			1894	576
			1895	576
			1896	577
			1897	577
			1898	578
			1899	578
			1900	579
			1901	579
			1902	580
			1903	580
			1904	581
			1905	581
			1906	582
			1907	582
			1908	583
			1909	583
			1910	584
			1911	584
			1911	585
			1912	586
			1913	586
			1914	587
			1915	587
			1916	588
			1917	588
			1918	589
			1919	589
			1920	590
			1921	590
			1922	591
			1923	592
			1924	592
			1925	593
			1926	593
			1927	594
			1928	595
			1929	595
			1930	596
			1931	597
			1932	597
			1933	598
			1934	598
			1935	599
			1936	599
			1936	600
			1937	600
			1938	601
			1939	601
			1940	602
			1941	603
			1942	604
			1943	604
			1944	605
			1945	605
			1946	606
			1947	607
			1948	607
			1949	608
			1950	609
			1951	609
			1952	610
			1953	611
			1954	611
			1955	612
			1956	613
			1957	613
			1958	614
			1958	615
			1959	615
			1960	616
			1961	617
			1962	617
			1963	618
			1964	619
			1965	619
			1966	620
			1967	621
			1968	621
			1969	622
			1970	623
			1971	623
			1972	624
			1973	625
			1974	625
			1975	626
			1975	627
			1976	628
			1977	628
			1978	629
			1979	630
			1980	630
			1981	631
			1982	632
			1983	632
			1984	633
			1984	634
			1985	634
			1986	635
			1987	635
			1988	636
			1989	637
			1990	638
			1991	639
			1992	640
			1993	640
			1994	641
			1995	642
			1996	643
			1997	643
			1998	644
			1999	645
			2000	646
			2001	647
			2002	647
			2003	648
			2004	649
			2005	650
			2006	650
			2007	651
			2008	652
			2009	653
			2010	654
			2011	654
			2011	655
			2012	656
			2013	657
			2014	658
			2015	658
			2016	659
			2017	660
			2018	661
			2019	661
			2020	662
			2021	663
			2022	664
			2023	665
			2024	666
			2025	667
			2026	668
			2027	669
			2028	669
			2028	670
			2029	670
			2030	671
			2030	672
			2031	672
			2032	673
			2033	674
			2034	675
			2035	676
			2036	677
			2037	678
			2038	678
			2038	679
			2039	680
			2040	681
			2041	681
			2041	682
			2042	683
			2043	683
			2043	684
			2044	685
			2045	686
			2046	686
			2046	687
			2047	688
			2048	688
			2049	689
			2049	690
			2050	690
			2051	691
			2051	692
			2052	693
			2053	693
			2053	694
			2054	695
			2055	696
			2056	696
			2056	697
			2057	698
			2058	698
			2058	699
			2059	700
			2060	701
			2061	702
			2062	703
			2063	704
			2064	705
			2065	706
			2066	707
			2066	708
			2067	709
			2068	710
			2069	711
			2070	711
			2070	712
			2071	713
			2072	714
			2073	715
			2073	716
			2074	717
			2075	718
			2076	719
			2077	719
			2077	720
			2078	721
			2079	722
			2080	723
			2080	724
			2081	725
			2082	726
			2083	727
			2084	728
			2085	729
			2085	730
			2086	731
			2087	732
			2088	733
			2089	734
			2089	735
			2090	736
			2090	737
			2091	737
			2092	738
			2092	739
			2093	740
			2094	741
			2095	742
			2095	743
			2096	744
			2097	745
			2098	746
			2098	747
			2099	748
			2100	749
			2100	750
			2101	751
			2102	752
			2102	753
			2103	754
			2104	755
			2104	756
			2105	757
			2106	758
			2106	759
			2107	760
			2108	760
			2108	761
			2109	762
			2110	763
			2110	764
			2111	765
			2112	766
			2112	767
			2113	768
			2114	769
			2114	770
			2115	771
			2115	772
			2116	773
			2117	774
			2117	775
			2118	776
			2119	777
			2119	778
			2120	779
			2120	780
			2121	781
			2121	782
			2122	783
			2123	784
			2123	785
			2124	786
			2124	787
			2125	788
			2126	789
			2126	790
			2127	791
			2127	792
			2128	793
			2128	794
			2129	795
			2129	796
			2130	797
			2131	798
			2131	799
			2132	800
			2132	801
			2133	802
			2133	803
			2134	804
			2134	805
			2135	806
			2135	807
			2136	808
			2136	809
			2137	810
			2137	811
			2138	812
			2138	813
			2139	814
			2139	815
			2140	816
			2140	817
			2140	818
			2141	819
			2141	820
			2142	821
			2142	822
			2143	823
			2143	824
			2144	825
			2144	826
			2145	827
			2145	828
			2145	829
			2146	830
			2146	831
			2147	832
			2147	833
			2148	834
			2148	835
			2148	836
			2149	837
			2149	838
			2150	839
			2150	840
			2150	841
			2151	842
			2151	843
			2151	844
			2152	845
			2152	846
			2153	847
			2153	848
			2153	849
			2154	850
			2154	851
			2155	852
			2155	853
			2155	854
			2156	855
			2156	856
			2156	857
			2157	858
			2157	859
			2157	860
			2158	861
			2158	862
			2158	863
			2159	864
			2159	865
			2159	866
			2160	867
			2160	868
			2160	869
			2161	870
			2161	871
			2161	872
			2162	873
			2162	874
			2162	875
			2163	876
			2163	877
			2163	878
			2163	879
			2164	880
			2164	881
			2164	882
			2164	883
			2165	884
			2165	885
			2165	886
			2165	887
			2166	888
			2166	889
			2166	890
			2166	891
			2167	892
			2167	893
			2167	894
			2168	895
			2168	896
			2168	897
			2168	898
			2168	899
			2169	900
			2169	901
			2169	902
			2169	903
			2169	904
			2170	904
			2170	905
			2170	906
			2170	907
			2170	908
			2171	909
			2171	910
			2171	911
			2171	912
			2171	913
			2172	914
			2172	915
			2172	916
			2172	917
			2172	918
			2172	919
			2173	919
			2173	920
			2173	921
			2173	922
			2173	923
			2173	924
			2174	925
			2174	926
			2174	927
			2174	928
			2174	929
			2174	930
			2174	931
			2175	932
			2175	933
			2175	934
			2175	935
			2175	936
			2175	937
			2175	938
			2175	939
			2176	939
			2176	940
			2176	941
			2176	942
			2176	943
			2176	944
			2176	945
			2176	946
			2177	947
			2177	948
			2177	949
			2177	950
			2177	951
			2177	952
			2177	953
			2177	954
			2177	955
			2177	956
			2178	957
			2178	958
			2178	959
			2178	960
			2178	961
			2178	962
			2178	963
			2178	964
			2178	965
			2178	966
			2178	967
			2178	968
			2178	969
			2178	970
			2179	971
			2179	972
			2179	973
			2179	974
			2179	975
			2179	976
			2179	977
			2179	978
			2179	979
			2179	980
			2179	981
			2179	982
			2179	983
			2179	984
			2179	985
			2179	986
			2179	987
			2179	988
			2179	989
			2179	990
			2179	991
			2179	992
			2179	993
			2179	994
			2179	995
			2179	996
			2179	997
			2179	998
			2179	999
			2179	1000
			2179	1001
			2179	1002
			2179	1003
			2179	1004
			2179	1005
			2179	1006
			2179	1007
			2179	1008
			2179	1009
			2179	1010
			2179	1011
			2179	1012
			2179	1013
			2179	1014
			2179	1015
			2179	1016
			2179	1017
			2179	1018
			2179	1019
			2179	1020
			2179	1021
			2179	1022
			2179	1023
			2179	1024
			2179	1025
			2179	1026
			2178	1027
			2178	1028
			2178	1029
			2178	1030
			2178	1031
			2178	1032
			2178	1033
			2178	1034
			2178	1035
			2178	1036
			2178	1037
			2178	1038
			2178	1039
			2178	1040
			2178	1041
			2177	1041
			2177	1042
			2177	1043
			2177	1044
			2177	1045
			2177	1046
			2177	1047
			2177	1048
			2177	1049
			2177	1050
			2177	1051
			2176	1052
			2176	1053
			2176	1054
			2176	1055
			2176	1056
			2176	1057
			2176	1058
			2175	1059
			2175	1060
			2175	1061
			2175	1062
			2175	1063
			2174	1063
			2174	1064
			2174	1065
			2174	1066
			2174	1067
			2173	1068
			2173	1069
			2173	1070
			2173	1071
			2173	1072
			2172	1073
			2172	1074
			2172	1075
			2172	1076
			2171	1077
			2171	1078
			2171	1079
			2171	1080
			2170	1081
			2170	1082
			2170	1083
			2170	1084
			2169	1085
			2169	1086
			2169	1087
			2169	1088
			2169	1089
			2168	1090
			2168	1091
			2168	1092
			2168	1093
			2167	1094
			2167	1095
			2167	1096
			2166	1097
			2166	1098
			2166	1099
			2166	1100
			2165	1101
			2165	1102
			2165	1103
			2165	1104
			2164	1105
			2164	1106
			2164	1107
			2164	1108
			2163	1109
			2163	1110
			2163	1111
			2163	1112
			2162	1113
			2162	1114
			2161	1115
			2161	1116
			2161	1117
			2161	1118
			2160	1119
			2160	1120
			2160	1121
			2160	1122
			2159	1123
			2159	1124
			2159	1125
			2158	1126
			2158	1127
			2158	1128
			2157	1129
			2157	1130
			2157	1131
			2157	1132
			2156	1133
			2156	1134
			2155	1135
			2155	1136
			2155	1137
			2155	1138
			2154	1138
			2154	1139
			2154	1140
			2154	1141
			2153	1142
			2153	1143
			2153	1144
			2152	1145
			2152	1146
			2152	1147
			2151	1148
			2151	1149
			2151	1150
			2150	1151
			2150	1152
			2150	1153
			2149	1154
			2149	1155
			2148	1156
			2148	1157
			2148	1158
			2147	1159
			2147	1160
			2147	1161
			2146	1162
			2146	1163
			2146	1164
			2145	1165
			2145	1166
			2145	1167
			2144	1168
			2144	1169
			2143	1170
			2143	1171
			2143	1172
			2142	1173
			2142	1174
			2141	1175
			2141	1176
			2141	1177
			2140	1178
			2140	1179
			2139	1180
			2139	1181
			2139	1182
			2138	1183
			2138	1184
			2137	1185
			2137	1186
			2137	1187
			2136	1188
			2136	1189
			2135	1190
			2135	1191
			2135	1192
			2134	1193
			2134	1194
			2133	1194
			2133	1195
			2133	1196
			2132	1197
			2132	1198
			2131	1199
			2131	1200
			2131	1201
			2130	1202
			2130	1203
			2129	1204
			2129	1205
			2128	1206
			2128	1207
			2127	1208
			2127	1209
			2127	1210
			2126	1210
			2126	1211
			2126	1212
			2125	1212
			2125	1213
			2125	1214
			2124	1214
			2124	1215
			2123	1216
			2123	1217
			2123	1218
			2122	1219
			2122	1220
			2121	1220
			2121	1221
			2121	1222
			2120	1223
			2119	1224
			2119	1225
			2119	1226
			2118	1227
			2118	1228
			2117	1229
			2116	1230
			2116	1231
			2115	1232
			2115	1233
			2114	1234
			2114	1235
			2113	1236
			2113	1237
			2112	1238
			2112	1239
			2111	1239
			2111	1240
			2111	1241
			2110	1241
			2110	1242
			2109	1243
			2109	1244
			2108	1245
			2108	1246
			2107	1247
			2107	1248
			2106	1249
			2106	1250
			2105	1250
			2105	1251
			2104	1252
			2104	1253
			2103	1254
			2102	1255
			2102	1256
			2101	1256
			2101	1257
			2100	1258
			2100	1259
			2099	1260
			2099	1261
			2098	1262
			2097	1263
			2097	1264
			2096	1265
			2095	1266
			2095	1267
			2094	1268
			2093	1269
			2093	1270
			2092	1271
			2091	1272
			2091	1273
			2090	1274
			2089	1275
			2089	1276
			2088	1277
			2087	1278
			2087	1279
			2086	1280
			2085	1281
			2085	1282
			2084	1283
			2083	1284
			2083	1285
			2082	1286
			2081	1286
			2081	1287
			2080	1288
			2079	1289
			2078	1290
			2078	1291
			2077	1292
			2076	1293
			2076	1294
			2075	1295
			2074	1296
			2074	1297
			2073	1297
			2072	1298
			2071	1299
			2071	1300
			2070	1301
			2069	1302
			2069	1303
			2068	1304
			2067	1305
			2066	1305
			2066	1306
			2065	1307
			2064	1308
			2063	1309
			2063	1310
			2062	1311
			2061	1311
			2060	1312
			2060	1313
			2059	1314
			2058	1315
			2057	1316
			2057	1317
			2056	1317
			2055	1318
			2054	1319
			2054	1320
			2053	1321
			2052	1321
			2051	1322
			2051	1323
			2050	1324
			2049	1325
			2048	1326
			2047	1326
			2047	1327
			2046	1328
			2045	1329
			2044	1330
			2043	1330
			2043	1331
			2042	1332
			2041	1333
			2040	1333
			2039	1334
			2039	1335
			2038	1336
			2037	1336
			2036	1337
			2035	1338
			2035	1339
			2034	1339
			2033	1340
			2032	1341
			2031	1342
			2030	1343
			2029	1344
			2028	1345
			2027	1346
			2026	1347
			2025	1348
			2024	1348
			2023	1349
			2022	1350
			2021	1351
			2020	1352
			2019	1353
			2018	1353
			2017	1354
			2016	1355
			2015	1356
			2014	1356
			2014	1357
			2013	1357
			2012	1358
			2011	1359
			2010	1360
			2009	1360
			2008	1361
			2007	1362
			2006	1362
			2006	1363
			2005	1363
			2004	1364
			2003	1364
			2003	1365
			2002	1366
			2001	1366
			2000	1367
			1999	1367
			1999	1368
			1998	1368
			1997	1369
			1996	1369
			1996	1370
			1995	1370
			1994	1371
			1993	1371
			1992	1372
			1992	1373
			1991	1373
			1990	1374
			1989	1374
			1988	1375
			1987	1376
			1986	1376
			1985	1377
			1984	1377
			1983	1378
			1982	1379
			1981	1379
			1980	1380
			1979	1380
			1978	1381
			1977	1382
			1976	1382
			1975	1383
			1974	1383
			1973	1384
			1972	1384
			1971	1385
			1970	1386
			1969	1386
			1968	1387
			1967	1387
			1966	1388
			1965	1388
			1964	1389
		</Eye>
	</curves.pixel>
	<ruler.points type=matrix rownames=TRUE colnames=FALSE nrow=2 ncol=2 as.numeric=TRUE >
		Ruler point 1	2	1894
		Ruler point 2	104	1894
	</ruler.points>
</shapes>

