<shapes type=list>
	<scaling type=logical names=FALSE length=1 as.numeric=FALSE >NA</scaling>
	<landmarks.pixel type=matrix rownames=TRUE colnames=FALSE nrow=11 ncol=2 as.numeric=TRUE >
		LM1Forehead	1631	594
		LM2UJFront	2038	1547
		LM3UJBack	1553	1639
		LM4LacOrb	1619	1187
		LM5QJoint	1500	1683
		LM6IOPL	1476	1786
		LM7IOPSOP	559	1731
		LM8A2A1	877	1353
		LM9A1A3	841	1023
		LM10TopMuscR	742	822
		LM11TopMuscL	376	709
	</landmarks.pixel>
	<curves.control type=list>
		<Profile type=matrix rownames=FALSE colnames=FALSE nrow=7 ncol=2 as.numeric=TRUE >
			1631	594
			1853	789
			1992	936
			2200	1235
			2213	1422
			2143	1651
			2038	1547
		</Profile>
		<Eye type=matrix rownames=FALSE colnames=FALSE nrow=13 ncol=2 as.numeric=TRUE >
			1619	1187
			1494	1293
			1309	1271
			1150	1271
			1018	1116
			962	943
			1014	814
			1095	641
			1265	593
			1483	549
			1612	693
			1826	914
			1619	1187
		</Eye>
	</curves.control>
	<curves.pixel type=list>
		<Profile type=matrix rownames=FALSE colnames=FALSE nrow=1171 ncol=2 as.numeric=TRUE >
			1631	594
			1632	595
			1633	596
			1634	597
			1635	598
			1636	598
			1637	599
			1638	600
			1639	601
			1640	602
			1641	603
			1642	604
			1643	605
			1644	606
			1645	606
			1646	607
			1647	608
			1648	609
			1649	610
			1650	611
			1651	612
			1652	613
			1653	613
			1654	614
			1655	615
			1656	616
			1657	617
			1658	618
			1659	619
			1660	620
			1661	620
			1662	621
			1663	622
			1664	623
			1665	624
			1666	625
			1667	626
			1668	627
			1669	627
			1670	628
			1671	629
			1672	630
			1673	631
			1674	632
			1675	633
			1676	634
			1677	634
			1678	635
			1679	636
			1680	637
			1681	638
			1682	639
			1683	640
			1684	641
			1685	642
			1686	643
			1687	643
			1688	644
			1688	645
			1689	645
			1690	646
			1690	647
			1691	647
			1692	648
			1693	649
			1694	650
			1695	651
			1696	652
			1697	653
			1698	653
			1699	654
			1699	655
			1700	655
			1701	656
			1702	657
			1703	658
			1704	658
			1704	659
			1705	660
			1706	661
			1707	661
			1708	662
			1708	663
			1709	664
			1710	664
			1711	665
			1712	666
			1713	667
			1714	668
			1715	669
			1716	670
			1717	671
			1718	672
			1719	672
			1720	673
			1721	674
			1722	675
			1723	676
			1724	677
			1725	678
			1726	679
			1727	679
			1728	680
			1729	681
			1730	682
			1731	683
			1732	684
			1733	685
			1734	686
			1735	687
			1736	688
			1737	689
			1738	690
			1739	690
			1740	691
			1740	692
			1741	693
			1742	693
			1743	694
			1744	695
			1745	696
			1746	697
			1747	698
			1748	699
			1749	700
			1750	701
			1751	702
			1752	702
			1753	703
			1754	704
			1755	705
			1756	706
			1757	707
			1758	708
			1759	709
			1760	709
			1761	710
			1762	711
			1763	712
			1764	713
			1765	714
			1766	715
			1767	716
			1767	717
			1768	717
			1769	718
			1770	719
			1771	720
			1772	721
			1773	722
			1774	723
			1775	724
			1776	724
			1777	725
			1778	726
			1779	727
			1780	728
			1781	729
			1782	730
			1783	731
			1784	731
			1785	732
			1785	733
			1786	734
			1787	735
			1788	736
			1789	737
			1790	738
			1791	738
			1792	739
			1793	740
			1794	741
			1795	742
			1796	743
			1797	744
			1798	744
			1799	745
			1799	746
			1800	747
			1801	748
			1802	749
			1803	750
			1804	750
			1805	751
			1806	752
			1807	753
			1808	754
			1809	755
			1810	756
			1811	757
			1812	758
			1813	759
			1814	760
			1815	761
			1816	762
			1817	763
			1818	763
			1819	764
			1819	765
			1820	766
			1821	766
			1822	767
			1823	768
			1823	769
			1824	769
			1825	770
			1826	771
			1826	772
			1827	772
			1828	773
			1829	774
			1830	774
			1830	775
			1831	776
			1832	777
			1833	777
			1833	778
			1834	779
			1835	779
			1836	780
			1836	781
			1837	782
			1838	782
			1839	783
			1839	784
			1840	785
			1841	785
			1842	786
			1842	787
			1843	787
			1844	788
			1845	789
			1845	790
			1846	790
			1847	791
			1848	792
			1849	793
			1850	794
			1851	795
			1852	796
			1853	797
			1854	797
			1855	798
			1856	799
			1856	800
			1857	801
			1858	802
			1859	803
			1860	803
			1861	804
			1862	805
			1863	806
			1863	807
			1864	808
			1865	809
			1866	809
			1867	810
			1868	811
			1869	812
			1870	813
			1871	814
			1872	815
			1873	816
			1874	817
			1875	818
			1876	819
			1877	820
			1878	821
			1879	822
			1880	823
			1881	824
			1882	825
			1883	826
			1884	827
			1885	828
			1886	828
			1886	829
			1887	830
			1888	830
			1889	831
			1889	832
			1890	833
			1891	833
			1892	834
			1892	835
			1893	835
			1894	836
			1894	837
			1895	838
			1896	838
			1897	839
			1897	840
			1898	840
			1899	841
			1900	842
			1900	843
			1901	843
			1902	844
			1902	845
			1903	845
			1904	846
			1905	847
			1905	848
			1906	848
			1907	849
			1907	850
			1908	850
			1909	851
			1910	852
			1910	853
			1911	853
			1912	854
			1912	855
			1913	855
			1914	856
			1915	857
			1916	858
			1917	859
			1918	860
			1918	861
			1919	862
			1920	862
			1921	863
			1922	864
			1923	865
			1924	866
			1924	867
			1925	867
			1926	868
			1927	869
			1928	870
			1928	871
			1929	872
			1930	872
			1931	873
			1932	874
			1933	875
			1933	876
			1934	876
			1935	877
			1936	878
			1937	879
			1938	880
			1938	881
			1939	881
			1940	882
			1941	883
			1942	884
			1942	885
			1943	886
			1944	886
			1945	887
			1946	888
			1946	889
			1947	890
			1948	890
			1949	891
			1950	892
			1950	893
			1951	894
			1952	894
			1953	895
			1954	896
			1954	897
			1955	898
			1956	899
			1957	899
			1958	900
			1958	901
			1959	902
			1960	903
			1961	903
			1961	904
			1962	905
			1963	906
			1964	907
			1965	907
			1965	908
			1966	909
			1967	910
			1968	911
			1969	912
			1970	913
			1971	914
			1972	915
			1973	916
			1974	917
			1975	918
			1976	919
			1977	920
			1977	921
			1978	922
			1979	923
			1980	924
			1981	924
			1982	925
			1983	926
			1984	927
			1985	928
			1986	929
			1986	930
			1987	931
			1988	932
			1989	933
			1990	934
			1991	935
			1992	936
			1993	937
			1993	938
			1994	939
			1995	940
			1996	941
			1996	942
			1997	943
			1997	944
			1998	945
			1999	946
			2000	947
			2000	948
			2001	949
			2002	950
			2002	951
			2003	952
			2004	953
			2004	954
			2005	955
			2006	956
			2006	957
			2007	958
			2008	959
			2008	960
			2009	961
			2010	962
			2010	963
			2011	964
			2012	965
			2012	966
			2013	967
			2014	967
			2014	968
			2015	969
			2016	970
			2016	971
			2017	972
			2017	973
			2018	974
			2019	975
			2019	976
			2020	977
			2021	978
			2021	979
			2022	980
			2023	981
			2023	982
			2024	983
			2024	984
			2025	985
			2026	986
			2026	987
			2027	988
			2028	989
			2029	990
			2029	991
			2030	992
			2031	993
			2032	994
			2032	995
			2033	996
			2033	997
			2034	998
			2034	999
			2035	999
			2035	1000
			2036	1001
			2036	1002
			2037	1003
			2038	1004
			2039	1005
			2039	1006
			2040	1007
			2040	1008
			2041	1009
			2042	1010
			2042	1011
			2043	1012
			2044	1013
			2044	1014
			2045	1015
			2045	1016
			2046	1017
			2047	1018
			2047	1019
			2048	1020
			2048	1021
			2049	1022
			2050	1023
			2050	1024
			2051	1025
			2051	1026
			2052	1026
			2053	1027
			2053	1028
			2054	1029
			2055	1030
			2055	1031
			2056	1032
			2056	1033
			2057	1034
			2057	1035
			2058	1036
			2059	1037
			2059	1038
			2060	1039
			2060	1040
			2061	1041
			2062	1042
			2062	1043
			2063	1044
			2063	1045
			2064	1046
			2065	1046
			2065	1047
			2066	1048
			2066	1049
			2067	1050
			2067	1051
			2068	1052
			2069	1053
			2069	1054
			2070	1055
			2070	1056
			2071	1057
			2071	1058
			2072	1059
			2073	1060
			2073	1061
			2074	1062
			2075	1063
			2075	1064
			2076	1065
			2076	1066
			2077	1066
			2077	1067
			2077	1068
			2078	1069
			2079	1070
			2079	1071
			2080	1072
			2080	1073
			2081	1074
			2082	1075
			2082	1076
			2083	1077
			2084	1078
			2084	1079
			2085	1080
			2085	1081
			2086	1082
			2086	1083
			2087	1084
			2087	1085
			2088	1086
			2089	1087
			2089	1088
			2090	1089
			2091	1090
			2091	1091
			2092	1092
			2092	1093
			2093	1094
			2093	1095
			2094	1096
			2095	1097
			2095	1098
			2096	1099
			2096	1100
			2097	1101
			2097	1102
			2098	1103
			2099	1104
			2099	1105
			2100	1106
			2100	1107
			2101	1108
			2101	1109
			2102	1110
			2102	1111
			2103	1112
			2103	1113
			2104	1114
			2105	1115
			2105	1116
			2106	1117
			2106	1118
			2107	1119
			2107	1120
			2108	1120
			2108	1121
			2109	1122
			2109	1123
			2110	1124
			2110	1125
			2111	1126
			2111	1127
			2112	1128
			2112	1129
			2113	1130
			2113	1131
			2114	1132
			2114	1133
			2115	1134
			2115	1135
			2116	1136
			2116	1137
			2117	1138
			2117	1139
			2118	1140
			2119	1141
			2119	1142
			2120	1143
			2120	1144
			2121	1145
			2122	1146
			2122	1147
			2122	1148
			2123	1149
			2123	1150
			2124	1150
			2124	1151
			2124	1152
			2125	1153
			2125	1154
			2126	1154
			2126	1155
			2127	1156
			2127	1157
			2127	1158
			2128	1158
			2128	1159
			2129	1160
			2129	1161
			2129	1162
			2130	1162
			2130	1163
			2131	1164
			2131	1165
			2131	1166
			2132	1166
			2132	1167
			2133	1168
			2133	1169
			2133	1170
			2134	1170
			2134	1171
			2135	1172
			2135	1173
			2135	1174
			2136	1174
			2136	1175
			2137	1176
			2137	1177
			2137	1178
			2138	1178
			2138	1179
			2138	1180
			2139	1181
			2140	1182
			2140	1183
			2141	1184
			2141	1185
			2141	1186
			2142	1187
			2142	1188
			2143	1189
			2143	1190
			2144	1191
			2144	1192
			2145	1193
			2145	1194
			2146	1195
			2146	1196
			2147	1197
			2147	1198
			2148	1199
			2148	1200
			2148	1201
			2149	1202
			2150	1203
			2150	1204
			2150	1205
			2151	1206
			2151	1207
			2152	1208
			2152	1209
			2153	1210
			2153	1211
			2153	1212
			2154	1213
			2154	1214
			2155	1215
			2155	1216
			2156	1217
			2156	1218
			2157	1219
			2157	1220
			2158	1221
			2158	1222
			2158	1223
			2159	1224
			2159	1225
			2160	1226
			2160	1227
			2161	1228
			2161	1229
			2161	1230
			2162	1231
			2162	1232
			2163	1233
			2163	1234
			2163	1235
			2164	1236
			2164	1237
			2165	1238
			2165	1239
			2165	1240
			2166	1241
			2166	1242
			2167	1243
			2167	1244
			2167	1245
			2168	1245
			2168	1246
			2169	1247
			2169	1248
			2169	1249
			2170	1250
			2170	1251
			2170	1252
			2171	1253
			2171	1254
			2172	1255
			2172	1256
			2172	1257
			2173	1258
			2173	1259
			2173	1260
			2174	1261
			2174	1262
			2175	1263
			2175	1264
			2175	1265
			2176	1266
			2176	1267
			2177	1268
			2177	1269
			2177	1270
			2178	1271
			2178	1272
			2179	1273
			2179	1274
			2179	1275
			2180	1276
			2180	1277
			2180	1278
			2181	1279
			2181	1280
			2181	1281
			2182	1282
			2182	1283
			2182	1284
			2183	1285
			2183	1286
			2183	1287
			2184	1288
			2184	1289
			2184	1290
			2185	1291
			2185	1292
			2185	1293
			2186	1294
			2186	1295
			2187	1296
			2187	1297
			2187	1298
			2187	1299
			2188	1300
			2188	1301
			2188	1302
			2189	1303
			2189	1304
			2189	1305
			2190	1306
			2190	1307
			2190	1308
			2191	1309
			2191	1310
			2191	1311
			2191	1312
			2192	1313
			2192	1314
			2193	1315
			2193	1316
			2193	1317
			2193	1318
			2194	1319
			2194	1320
			2194	1321
			2195	1322
			2195	1323
			2195	1324
			2195	1325
			2196	1326
			2196	1327
			2196	1328
			2196	1329
			2197	1330
			2197	1331
			2197	1332
			2197	1333
			2198	1334
			2198	1335
			2198	1336
			2198	1337
			2199	1338
			2199	1339
			2199	1340
			2199	1341
			2200	1342
			2200	1343
			2200	1344
			2201	1345
			2201	1346
			2201	1347
			2201	1348
			2201	1349
			2202	1349
			2202	1350
			2202	1351
			2202	1352
			2202	1353
			2203	1353
			2203	1354
			2203	1355
			2203	1356
			2203	1357
			2203	1358
			2204	1358
			2204	1359
			2204	1360
			2204	1361
			2204	1362
			2205	1362
			2205	1363
			2205	1364
			2205	1365
			2205	1366
			2205	1367
			2206	1368
			2206	1369
			2206	1370
			2206	1371
			2206	1372
			2207	1373
			2207	1374
			2207	1375
			2207	1376
			2207	1377
			2207	1378
			2208	1379
			2208	1380
			2208	1381
			2208	1382
			2208	1383
			2209	1384
			2209	1385
			2209	1386
			2209	1387
			2209	1388
			2209	1389
			2210	1390
			2210	1391
			2210	1392
			2210	1393
			2210	1394
			2210	1395
			2210	1396
			2210	1397
			2211	1398
			2211	1399
			2211	1400
			2211	1401
			2211	1402
			2211	1403
			2211	1404
			2211	1405
			2212	1406
			2212	1407
			2212	1408
			2212	1409
			2212	1410
			2212	1411
			2212	1412
			2212	1413
			2212	1414
			2212	1415
			2213	1416
			2213	1417
			2213	1418
			2213	1419
			2213	1420
			2213	1421
			2213	1422
			2213	1423
			2212	1424
			2212	1425
			2212	1426
			2211	1427
			2211	1428
			2211	1429
			2211	1430
			2210	1431
			2210	1432
			2210	1433
			2209	1434
			2209	1435
			2209	1436
			2208	1437
			2208	1438
			2208	1439
			2207	1440
			2207	1441
			2207	1442
			2206	1443
			2206	1444
			2206	1445
			2205	1446
			2205	1447
			2204	1448
			2204	1449
			2204	1450
			2204	1451
			2203	1451
			2203	1452
			2203	1453
			2202	1454
			2202	1455
			2202	1456
			2201	1457
			2201	1458
			2201	1459
			2200	1460
			2200	1461
			2200	1462
			2199	1463
			2199	1464
			2199	1465
			2198	1465
			2198	1466
			2198	1467
			2197	1468
			2197	1469
			2197	1470
			2196	1471
			2196	1472
			2195	1473
			2195	1474
			2194	1475
			2194	1476
			2194	1477
			2193	1478
			2193	1479
			2192	1480
			2192	1481
			2192	1482
			2191	1483
			2191	1484
			2190	1485
			2190	1486
			2190	1487
			2189	1488
			2189	1489
			2188	1490
			2188	1491
			2187	1492
			2187	1493
			2187	1494
			2186	1495
			2185	1496
			2185	1497
			2185	1498
			2184	1499
			2184	1500
			2183	1501
			2183	1502
			2182	1503
			2182	1504
			2181	1505
			2181	1506
			2180	1507
			2180	1508
			2180	1509
			2179	1509
			2179	1510
			2178	1511
			2178	1512
			2177	1513
			2177	1514
			2176	1515
			2176	1516
			2175	1517
			2174	1518
			2174	1519
			2173	1520
			2173	1521
			2172	1522
			2172	1523
			2171	1524
			2171	1525
			2170	1526
			2170	1527
			2169	1527
			2169	1528
			2168	1529
			2167	1530
			2167	1531
			2166	1532
			2166	1533
			2165	1533
			2165	1534
			2164	1535
			2164	1536
			2163	1537
			2163	1538
			2162	1538
			2161	1539
			2161	1540
			2160	1541
			2159	1542
			2158	1543
			2158	1544
			2157	1545
			2156	1546
			2156	1547
			2155	1547
			2154	1548
			2154	1549
			2153	1550
			2152	1551
			2152	1552
			2151	1552
			2150	1553
			2150	1554
			2149	1555
			2148	1555
			2148	1556
			2147	1557
			2146	1557
			2146	1558
			2145	1559
			2144	1560
			2143	1560
			2143	1561
			2142	1561
			2141	1562
			2141	1563
			2140	1563
			2139	1564
			2138	1565
			2137	1566
			2136	1566
			2135	1567
			2134	1568
			2133	1569
			2132	1569
			2131	1570
			2130	1571
			2129	1571
			2128	1572
			2127	1573
			2126	1573
			2125	1573
			2125	1574
			2124	1574
			2123	1574
			2122	1575
			2121	1575
			2120	1576
			2119	1576
			2118	1576
			2117	1577
			2116	1577
			2115	1577
			2114	1578
			2113	1578
			2112	1578
			2111	1578
			2110	1579
			2109	1579
			2108	1579
			2107	1579
			2106	1579
			2105	1579
			2104	1579
			2103	1579
			2102	1579
			2101	1579
			2100	1579
			2099	1579
			2098	1579
			2097	1579
			2096	1579
			2095	1579
			2094	1579
			2093	1579
			2092	1579
			2091	1579
			2090	1578
			2089	1578
			2088	1578
			2087	1578
			2086	1578
			2085	1577
			2084	1577
			2083	1577
			2082	1576
			2081	1576
			2080	1576
			2079	1575
			2078	1575
			2077	1574
			2076	1574
			2075	1574
			2074	1573
			2073	1573
			2072	1572
			2071	1572
			2070	1571
			2069	1571
			2068	1570
			2067	1570
			2066	1569
			2065	1569
			2064	1568
			2063	1567
			2062	1567
			2061	1566
			2060	1566
			2060	1565
			2059	1564
			2058	1564
			2057	1563
			2056	1562
			2055	1562
			2054	1561
			2053	1560
			2052	1560
			2051	1559
			2050	1558
			2049	1557
			2048	1557
			2047	1556
			2047	1555
			2046	1554
			2045	1553
			2044	1552
			2043	1552
			2042	1551
			2041	1550
			2040	1549
			2039	1548
			2038	1547
		</Profile>
		<Eye type=matrix rownames=FALSE colnames=FALSE nrow=2111 ncol=2 as.numeric=TRUE >
			1619	1187
			1618	1188
			1617	1189
			1616	1190
			1615	1190
			1614	1191
			1613	1192
			1612	1192
			1612	1193
			1611	1194
			1610	1194
			1609	1195
			1608	1196
			1607	1197
			1606	1198
			1605	1198
			1604	1199
			1603	1200
			1602	1201
			1601	1201
			1600	1202
			1599	1203
			1598	1204
			1597	1204
			1596	1205
			1595	1206
			1594	1207
			1593	1207
			1592	1208
			1591	1209
			1590	1209
			1589	1210
			1588	1211
			1587	1212
			1586	1212
			1585	1213
			1584	1214
			1583	1214
			1582	1215
			1581	1216
			1580	1216
			1579	1217
			1578	1218
			1577	1218
			1576	1219
			1575	1219
			1574	1220
			1573	1220
			1572	1221
			1571	1222
			1570	1222
			1569	1223
			1568	1223
			1568	1224
			1567	1224
			1566	1225
			1565	1225
			1564	1226
			1563	1226
			1562	1227
			1561	1227
			1560	1228
			1559	1228
			1558	1229
			1557	1229
			1557	1230
			1556	1230
			1555	1231
			1554	1231
			1553	1232
			1552	1232
			1551	1233
			1550	1233
			1549	1234
			1548	1234
			1547	1235
			1546	1235
			1545	1236
			1544	1236
			1543	1237
			1542	1238
			1541	1238
			1540	1238
			1540	1239
			1539	1239
			1538	1239
			1538	1240
			1537	1240
			1536	1240
			1535	1241
			1534	1241
			1533	1242
			1532	1242
			1531	1243
			1530	1243
			1529	1243
			1529	1244
			1528	1244
			1527	1244
			1526	1245
			1525	1245
			1524	1245
			1524	1246
			1523	1246
			1522	1246
			1521	1247
			1520	1247
			1519	1247
			1519	1248
			1518	1248
			1517	1248
			1516	1249
			1515	1249
			1514	1249
			1513	1250
			1512	1250
			1511	1251
			1510	1251
			1509	1252
			1508	1252
			1507	1252
			1506	1253
			1505	1253
			1504	1253
			1503	1254
			1502	1254
			1501	1254
			1500	1255
			1499	1255
			1498	1255
			1497	1256
			1496	1256
			1495	1256
			1494	1256
			1494	1257
			1493	1257
			1492	1257
			1491	1257
			1491	1258
			1490	1258
			1489	1258
			1488	1258
			1487	1259
			1486	1259
			1485	1259
			1484	1260
			1483	1260
			1482	1260
			1481	1260
			1480	1261
			1479	1261
			1478	1261
			1477	1262
			1476	1262
			1475	1262
			1474	1262
			1473	1263
			1472	1263
			1471	1263
			1470	1263
			1469	1264
			1468	1264
			1467	1264
			1466	1264
			1465	1265
			1464	1265
			1463	1265
			1462	1265
			1461	1265
			1460	1266
			1459	1266
			1458	1266
			1457	1266
			1456	1266
			1455	1267
			1454	1267
			1453	1267
			1452	1267
			1451	1267
			1450	1268
			1449	1268
			1448	1268
			1447	1268
			1446	1268
			1445	1269
			1444	1269
			1443	1269
			1442	1269
			1441	1269
			1440	1269
			1439	1270
			1438	1270
			1437	1270
			1436	1270
			1435	1270
			1434	1270
			1433	1270
			1432	1271
			1431	1271
			1430	1271
			1429	1271
			1428	1271
			1427	1271
			1426	1271
			1425	1272
			1424	1272
			1423	1272
			1422	1272
			1421	1272
			1420	1272
			1419	1272
			1418	1272
			1417	1272
			1416	1273
			1415	1273
			1414	1273
			1413	1273
			1412	1273
			1411	1273
			1410	1273
			1409	1273
			1408	1273
			1407	1273
			1406	1273
			1405	1274
			1404	1274
			1403	1274
			1402	1274
			1401	1274
			1400	1274
			1399	1274
			1398	1274
			1397	1274
			1396	1274
			1395	1274
			1394	1274
			1393	1274
			1392	1274
			1391	1274
			1390	1274
			1389	1274
			1388	1274
			1387	1274
			1386	1275
			1385	1275
			1384	1275
			1383	1275
			1382	1275
			1381	1275
			1380	1275
			1379	1275
			1378	1275
			1377	1275
			1376	1275
			1375	1275
			1374	1275
			1373	1275
			1372	1275
			1371	1275
			1370	1275
			1369	1275
			1368	1275
			1367	1275
			1366	1275
			1365	1275
			1364	1275
			1363	1275
			1362	1275
			1361	1275
			1360	1275
			1359	1275
			1358	1275
			1357	1275
			1356	1275
			1355	1275
			1354	1275
			1353	1274
			1352	1274
			1351	1274
			1350	1274
			1349	1274
			1348	1274
			1347	1274
			1346	1274
			1345	1274
			1344	1274
			1343	1274
			1342	1274
			1341	1274
			1340	1274
			1339	1274
			1338	1274
			1337	1274
			1336	1274
			1335	1273
			1334	1273
			1333	1273
			1332	1273
			1331	1273
			1330	1273
			1329	1273
			1328	1273
			1327	1273
			1326	1273
			1325	1273
			1324	1273
			1323	1272
			1322	1272
			1321	1272
			1320	1272
			1319	1272
			1318	1272
			1317	1272
			1316	1272
			1315	1272
			1314	1272
			1313	1271
			1312	1271
			1311	1271
			1310	1271
			1309	1271
			1308	1271
			1307	1271
			1306	1271
			1305	1271
			1304	1271
			1303	1271
			1302	1271
			1301	1271
			1300	1271
			1299	1271
			1298	1271
			1297	1271
			1296	1271
			1295	1271
			1294	1271
			1293	1271
			1292	1271
			1291	1270
			1290	1270
			1289	1270
			1288	1270
			1287	1270
			1286	1270
			1285	1270
			1284	1270
			1283	1270
			1282	1270
			1281	1270
			1280	1270
			1279	1270
			1278	1270
			1278	1269
			1277	1269
			1276	1269
			1275	1269
			1274	1269
			1273	1269
			1272	1269
			1271	1269
			1270	1269
			1269	1268
			1268	1268
			1267	1268
			1266	1268
			1265	1268
			1264	1268
			1263	1268
			1262	1268
			1261	1267
			1260	1267
			1259	1267
			1258	1267
			1257	1267
			1256	1266
			1255	1266
			1254	1266
			1253	1266
			1252	1266
			1251	1266
			1250	1266
			1250	1265
			1249	1265
			1248	1265
			1247	1265
			1246	1265
			1245	1264
			1244	1264
			1243	1264
			1242	1264
			1241	1264
			1240	1263
			1239	1263
			1238	1263
			1237	1263
			1236	1262
			1235	1262
			1234	1262
			1233	1262
			1232	1262
			1231	1261
			1230	1261
			1229	1261
			1228	1261
			1227	1260
			1226	1260
			1225	1260
			1224	1259
			1223	1259
			1222	1259
			1221	1259
			1220	1258
			1219	1258
			1218	1258
			1217	1257
			1216	1257
			1215	1257
			1214	1256
			1213	1256
			1212	1256
			1211	1255
			1210	1255
			1209	1255
			1208	1254
			1207	1254
			1206	1254
			1205	1253
			1204	1253
			1203	1253
			1202	1252
			1201	1252
			1200	1252
			1199	1251
			1198	1251
			1197	1250
			1196	1250
			1195	1250
			1194	1249
			1193	1249
			1192	1249
			1191	1248
			1190	1248
			1189	1247
			1188	1247
			1187	1247
			1186	1246
			1185	1246
			1184	1245
			1183	1245
			1182	1245
			1181	1244
			1180	1244
			1179	1243
			1178	1243
			1177	1242
			1176	1242
			1175	1241
			1174	1241
			1173	1241
			1172	1240
			1171	1240
			1171	1239
			1170	1239
			1169	1238
			1168	1238
			1167	1237
			1166	1237
			1165	1236
			1164	1236
			1163	1235
			1162	1235
			1161	1234
			1160	1234
			1159	1233
			1158	1233
			1157	1232
			1156	1232
			1155	1231
			1154	1231
			1153	1230
			1152	1230
			1151	1229
			1150	1229
			1149	1228
			1148	1228
			1147	1227
			1146	1227
			1146	1226
			1145	1225
			1144	1225
			1143	1224
			1142	1224
			1141	1223
			1140	1223
			1139	1222
			1138	1221
			1137	1221
			1136	1220
			1135	1220
			1134	1219
			1133	1219
			1132	1218
			1131	1217
			1130	1217
			1129	1216
			1128	1216
			1127	1215
			1127	1214
			1126	1214
			1125	1213
			1124	1212
			1123	1212
			1122	1211
			1121	1211
			1120	1210
			1119	1209
			1118	1209
			1117	1208
			1116	1207
			1115	1207
			1114	1206
			1113	1205
			1112	1205
			1112	1204
			1111	1203
			1110	1203
			1109	1202
			1108	1201
			1107	1201
			1106	1200
			1105	1199
			1104	1198
			1103	1198
			1102	1197
			1101	1196
			1100	1196
			1099	1195
			1099	1194
			1098	1193
			1097	1193
			1096	1192
			1095	1191
			1094	1191
			1093	1190
			1092	1189
			1091	1188
			1090	1188
			1089	1187
			1088	1186
			1088	1185
			1087	1185
			1086	1184
			1085	1183
			1084	1182
			1083	1181
			1082	1181
			1081	1180
			1080	1179
			1079	1178
			1078	1178
			1077	1177
			1077	1176
			1076	1175
			1075	1174
			1074	1174
			1073	1173
			1072	1172
			1071	1171
			1070	1170
			1069	1169
			1068	1169
			1067	1168
			1067	1167
			1066	1166
			1065	1165
			1064	1164
			1063	1164
			1062	1163
			1061	1162
			1060	1161
			1059	1160
			1058	1159
			1058	1158
			1057	1158
			1056	1157
			1055	1156
			1054	1155
			1053	1154
			1052	1153
			1051	1152
			1050	1151
			1050	1150
			1049	1149
			1048	1149
			1047	1148
			1046	1147
			1045	1146
			1044	1145
			1043	1144
			1042	1143
			1041	1142
			1041	1141
			1040	1140
			1039	1139
			1038	1138
			1037	1137
			1036	1136
			1035	1136
			1034	1135
			1034	1134
			1033	1133
			1032	1132
			1031	1131
			1030	1130
			1029	1129
			1028	1128
			1027	1127
			1027	1126
			1026	1125
			1025	1124
			1024	1123
			1023	1122
			1022	1121
			1021	1120
			1020	1119
			1020	1118
			1019	1117
			1018	1116
			1018	1115
			1017	1114
			1017	1113
			1017	1112
			1016	1111
			1016	1110
			1016	1109
			1015	1108
			1015	1107
			1015	1106
			1014	1105
			1014	1104
			1014	1103
			1014	1102
			1013	1101
			1013	1100
			1013	1099
			1012	1098
			1012	1097
			1012	1096
			1012	1095
			1011	1094
			1011	1093
			1011	1092
			1010	1091
			1010	1090
			1010	1089
			1010	1088
			1009	1087
			1009	1086
			1009	1085
			1009	1084
			1008	1083
			1008	1082
			1008	1081
			1007	1080
			1007	1079
			1007	1078
			1007	1077
			1006	1076
			1006	1075
			1006	1074
			1006	1073
			1005	1073
			1005	1072
			1005	1071
			1005	1070
			1005	1069
			1004	1068
			1004	1067
			1004	1066
			1004	1065
			1003	1064
			1003	1063
			1003	1062
			1003	1061
			1002	1060
			1002	1059
			1002	1058
			1002	1057
			1002	1056
			1001	1055
			1001	1054
			1001	1053
			1001	1052
			1000	1051
			1000	1050
			1000	1049
			1000	1048
			1000	1047
			999	1046
			999	1045
			999	1044
			999	1043
			999	1042
			998	1041
			998	1040
			998	1039
			998	1038
			998	1037
			997	1036
			997	1035
			997	1034
			997	1033
			997	1032
			997	1031
			996	1031
			996	1030
			996	1029
			996	1028
			996	1027
			996	1026
			995	1025
			995	1024
			995	1023
			995	1022
			995	1021
			995	1020
			995	1019
			994	1018
			994	1017
			994	1016
			994	1015
			994	1014
			994	1013
			994	1012
			993	1011
			993	1010
			993	1009
			993	1008
			993	1007
			993	1006
			993	1005
			993	1004
			992	1003
			992	1002
			992	1001
			992	1000
			992	999
			992	998
			992	997
			992	996
			991	995
			991	994
			991	993
			991	992
			991	991
			991	990
			991	989
			991	988
			991	987
			991	986
			990	985
			990	984
			990	983
			990	982
			990	981
			990	980
			990	979
			990	978
			990	977
			990	976
			990	975
			990	974
			990	973
			990	972
			990	971
			990	970
			989	969
			989	968
			989	967
			989	966
			989	965
			989	964
			989	963
			989	962
			989	961
			989	960
			989	959
			989	958
			989	957
			989	956
			989	955
			989	954
			989	953
			989	952
			989	951
			989	950
			989	949
			989	948
			989	947
			989	946
			989	945
			989	944
			989	943
			989	942
			989	941
			989	940
			989	939
			989	938
			989	937
			989	936
			989	935
			989	934
			989	933
			989	932
			989	931
			989	930
			989	929
			989	928
			990	927
			990	926
			990	925
			990	924
			990	923
			990	922
			990	921
			990	920
			990	919
			990	918
			990	917
			990	916
			990	915
			990	914
			991	913
			991	912
			991	911
			991	910
			991	909
			991	908
			991	907
			991	906
			991	905
			991	904
			992	903
			992	902
			992	901
			992	900
			992	899
			992	898
			992	897
			992	896
			993	895
			993	894
			993	893
			993	892
			993	891
			993	890
			993	889
			994	888
			994	887
			994	886
			994	885
			994	884
			994	883
			995	883
			995	882
			995	881
			995	880
			995	879
			995	878
			996	877
			996	876
			996	875
			996	874
			996	873
			997	872
			997	871
			997	870
			997	869
			997	868
			998	867
			998	866
			998	865
			998	864
			999	863
			999	862
			999	861
			999	860
			1000	859
			1000	858
			1000	857
			1000	856
			1001	855
			1001	854
			1001	853
			1001	852
			1002	851
			1002	850
			1002	849
			1002	848
			1003	847
			1003	846
			1003	845
			1003	844
			1004	843
			1004	842
			1004	841
			1005	840
			1005	839
			1006	838
			1006	837
			1006	836
			1006	835
			1007	834
			1007	833
			1007	832
			1008	831
			1008	830
			1008	829
			1009	828
			1009	827
			1009	826
			1010	825
			1010	824
			1011	823
			1011	822
			1011	821
			1012	820
			1012	819
			1012	818
			1013	817
			1013	816
			1013	815
			1014	814
			1014	813
			1015	812
			1015	811
			1016	810
			1016	809
			1017	808
			1017	807
			1018	807
			1018	806
			1018	805
			1019	804
			1019	803
			1020	802
			1020	801
			1021	800
			1021	799
			1022	798
			1022	797
			1023	797
			1023	796
			1023	795
			1024	794
			1024	793
			1025	792
			1025	791
			1026	790
			1027	789
			1027	788
			1028	787
			1028	786
			1029	785
			1029	784
			1030	783
			1031	782
			1031	781
			1032	780
			1032	779
			1032	778
			1033	778
			1033	777
			1033	776
			1034	776
			1034	775
			1035	775
			1035	774
			1035	773
			1036	773
			1036	772
			1037	771
			1037	770
			1038	769
			1038	768
			1039	767
			1040	766
			1040	765
			1041	764
			1041	763
			1042	762
			1043	761
			1043	760
			1044	759
			1045	758
			1045	757
			1046	756
			1047	755
			1047	754
			1048	753
			1049	752
			1049	751
			1050	750
			1051	749
			1051	748
			1052	747
			1053	746
			1053	745
			1054	744
			1054	743
			1055	742
			1056	741
			1056	740
			1057	739
			1058	738
			1058	737
			1059	737
			1060	736
			1061	735
			1061	734
			1062	733
			1063	732
			1063	731
			1064	730
			1065	729
			1065	728
			1066	727
			1067	726
			1067	725
			1068	725
			1069	724
			1070	723
			1070	722
			1071	721
			1072	720
			1072	719
			1073	718
			1074	717
			1075	717
			1075	716
			1076	715
			1077	714
			1077	713
			1078	712
			1079	711
			1080	711
			1080	710
			1081	709
			1082	708
			1083	707
			1083	706
			1084	705
			1085	705
			1086	704
			1086	703
			1087	702
			1088	701
			1089	700
			1090	699
			1091	698
			1092	697
			1093	696
			1094	695
			1095	694
			1096	693
			1097	692
			1097	691
			1098	690
			1099	689
			1100	688
			1101	687
			1102	686
			1103	685
			1104	684
			1105	684
			1106	683
			1107	682
			1108	681
			1109	680
			1110	679
			1111	678
			1112	677
			1113	676
			1114	675
			1115	675
			1116	674
			1117	673
			1118	672
			1119	671
			1120	670
			1121	669
			1122	668
			1123	668
			1124	667
			1125	666
			1126	665
			1127	664
			1128	663
			1129	663
			1130	662
			1131	661
			1132	660
			1133	659
			1134	658
			1135	658
			1136	657
			1137	656
			1138	655
			1139	654
			1140	654
			1141	653
			1142	652
			1143	651
			1144	651
			1145	650
			1146	649
			1147	649
			1147	648
			1148	648
			1149	648
			1149	647
			1150	647
			1151	646
			1152	645
			1153	644
			1154	644
			1155	643
			1156	643
			1156	642
			1157	642
			1158	641
			1159	641
			1160	640
			1161	639
			1162	639
			1163	638
			1164	637
			1165	637
			1166	636
			1167	636
			1168	635
			1169	634
			1170	634
			1171	633
			1172	633
			1173	632
			1174	631
			1175	631
			1176	630
			1177	630
			1178	629
			1179	629
			1180	628
			1181	627
			1182	627
			1183	626
			1184	626
			1185	625
			1186	625
			1187	624
			1188	624
			1189	623
			1190	623
			1191	622
			1192	622
			1193	621
			1194	621
			1195	620
			1196	619
			1197	619
			1198	618
			1199	618
			1200	617
			1201	617
			1202	616
			1203	616
			1204	615
			1205	615
			1206	615
			1207	614
			1208	614
			1209	613
			1210	613
			1211	612
			1212	612
			1213	611
			1214	611
			1215	611
			1216	610
			1217	610
			1218	609
			1219	609
			1220	609
			1221	608
			1222	608
			1223	607
			1224	607
			1225	607
			1226	606
			1227	606
			1228	606
			1228	605
			1229	605
			1230	604
			1231	604
			1232	604
			1233	603
			1234	603
			1235	603
			1236	602
			1237	602
			1238	602
			1239	601
			1240	601
			1241	601
			1242	600
			1243	600
			1244	600
			1245	599
			1246	599
			1247	599
			1248	598
			1249	598
			1250	598
			1251	597
			1252	597
			1253	597
			1254	596
			1255	596
			1256	596
			1257	595
			1258	595
			1259	595
			1260	594
			1261	594
			1262	594
			1263	594
			1264	593
			1265	593
			1266	593
			1267	593
			1268	592
			1269	592
			1270	592
			1271	592
			1272	592
			1273	591
			1274	591
			1275	591
			1276	591
			1277	591
			1278	591
			1279	590
			1280	590
			1281	590
			1282	590
			1283	590
			1284	589
			1285	589
			1286	589
			1287	589
			1288	589
			1289	589
			1290	589
			1291	588
			1292	588
			1293	588
			1294	588
			1295	588
			1296	588
			1297	587
			1298	587
			1299	587
			1300	587
			1301	587
			1302	587
			1303	587
			1304	587
			1305	586
			1306	586
			1307	586
			1308	586
			1309	586
			1310	586
			1311	586
			1312	586
			1313	586
			1314	585
			1315	585
			1316	585
			1317	585
			1318	585
			1319	585
			1320	585
			1321	585
			1322	585
			1323	584
			1324	584
			1325	584
			1326	584
			1327	584
			1328	584
			1329	584
			1330	584
			1331	584
			1332	584
			1333	584
			1334	584
			1335	584
			1336	584
			1337	583
			1338	583
			1339	583
			1340	583
			1341	583
			1342	583
			1343	583
			1344	583
			1345	583
			1346	583
			1347	583
			1348	583
			1349	583
			1350	583
			1351	583
			1352	583
			1353	583
			1354	583
			1355	583
			1356	583
			1357	583
			1358	583
			1359	583
			1360	583
			1361	583
			1362	583
			1363	583
			1364	583
			1365	583
			1366	583
			1367	583
			1368	583
			1369	583
			1370	583
			1371	583
			1372	583
			1373	583
			1374	583
			1375	583
			1376	583
			1377	583
			1378	583
			1379	583
			1380	583
			1381	583
			1382	583
			1383	583
			1384	583
			1385	583
			1386	583
			1387	583
			1388	584
			1389	584
			1390	584
			1391	584
			1392	584
			1393	584
			1394	584
			1395	584
			1396	584
			1397	584
			1398	584
			1399	584
			1400	584
			1401	585
			1402	585
			1403	585
			1404	585
			1405	585
			1406	585
			1407	585
			1408	585
			1409	586
			1410	586
			1411	586
			1412	586
			1413	586
			1414	586
			1415	586
			1416	586
			1417	587
			1418	587
			1419	587
			1420	587
			1421	587
			1422	587
			1423	587
			1424	588
			1425	588
			1426	588
			1427	588
			1428	588
			1429	588
			1430	589
			1431	589
			1432	589
			1433	589
			1434	589
			1434	590
			1435	590
			1436	590
			1437	590
			1438	590
			1439	591
			1440	591
			1441	591
			1442	591
			1443	591
			1443	592
			1444	592
			1445	592
			1446	592
			1447	592
			1448	593
			1449	593
			1450	593
			1451	593
			1452	594
			1453	594
			1454	594
			1455	594
			1456	595
			1457	595
			1458	595
			1459	595
			1460	596
			1461	596
			1462	596
			1463	597
			1464	597
			1465	597
			1466	597
			1466	598
			1467	598
			1468	598
			1469	599
			1470	599
			1471	599
			1472	600
			1473	600
			1474	600
			1475	600
			1475	601
			1476	601
			1477	601
			1478	601
			1479	602
			1480	602
			1481	603
			1482	603
			1483	603
			1484	604
			1485	604
			1486	604
			1487	605
			1488	605
			1489	605
			1490	606
			1491	606
			1491	607
			1492	607
			1493	607
			1494	608
			1495	608
			1496	609
			1497	609
			1498	609
			1499	610
			1500	610
			1501	611
			1502	611
			1503	611
			1504	612
			1505	613
			1506	613
			1507	613
			1508	614
			1509	614
			1510	615
			1511	615
			1512	616
			1513	616
			1514	617
			1515	617
			1516	618
			1517	618
			1518	619
			1519	619
			1520	620
			1521	620
			1522	621
			1523	621
			1523	622
			1524	622
			1525	623
			1526	623
			1527	624
			1528	624
			1529	625
			1530	625
			1531	626
			1532	626
			1533	627
			1534	628
			1535	629
			1536	629
			1537	629
			1537	630
			1538	630
			1539	631
			1540	631
			1541	632
			1542	633
			1543	633
			1544	634
			1545	635
			1546	635
			1547	636
			1548	637
			1549	637
			1550	638
			1551	638
			1551	639
			1552	640
			1553	640
			1554	641
			1555	642
			1556	642
			1557	643
			1558	644
			1559	644
			1560	645
			1560	646
			1561	646
			1562	647
			1563	648
			1564	648
			1565	649
			1566	650
			1567	650
			1567	651
			1568	652
			1569	652
			1570	653
			1571	654
			1572	654
			1573	655
			1574	656
			1574	657
			1575	657
			1576	658
			1577	659
			1578	659
			1579	660
			1580	661
			1580	662
			1581	662
			1582	663
			1583	664
			1584	665
			1585	665
			1585	666
			1586	667
			1587	668
			1588	669
			1589	669
			1590	670
			1590	671
			1591	672
			1592	672
			1593	673
			1594	674
			1595	675
			1595	676
			1596	676
			1597	677
			1598	678
			1599	679
			1599	680
			1600	681
			1601	681
			1602	682
			1603	683
			1604	684
			1604	685
			1605	686
			1606	686
			1607	687
			1608	688
			1608	689
			1609	690
			1610	691
			1611	692
			1612	693
			1613	694
			1614	695
			1615	696
			1616	697
			1617	698
			1618	699
			1619	700
			1620	701
			1621	702
			1622	703
			1622	704
			1623	705
			1624	706
			1625	707
			1626	708
			1627	709
			1628	710
			1629	711
			1629	712
			1630	713
			1631	714
			1632	715
			1633	716
			1634	717
			1635	718
			1635	719
			1636	720
			1637	721
			1638	722
			1639	723
			1640	724
			1640	725
			1641	726
			1642	727
			1643	728
			1644	729
			1644	730
			1645	731
			1646	732
			1647	733
			1647	734
			1648	735
			1649	736
			1650	737
			1650	738
			1651	739
			1652	740
			1653	741
			1653	742
			1654	743
			1655	744
			1656	745
			1656	746
			1657	747
			1658	748
			1659	749
			1659	750
			1660	751
			1661	752
			1661	753
			1662	754
			1663	755
			1663	756
			1664	757
			1665	758
			1665	759
			1666	760
			1667	761
			1667	762
			1668	763
			1669	764
			1669	765
			1670	766
			1671	767
			1671	768
			1672	769
			1673	770
			1673	771
			1674	772
			1674	773
			1675	774
			1676	775
			1676	776
			1677	777
			1677	778
			1678	779
			1679	780
			1679	781
			1680	782
			1680	783
			1681	784
			1681	785
			1682	786
			1683	787
			1683	788
			1684	789
			1684	790
			1685	791
			1685	792
			1686	793
			1686	794
			1687	795
			1687	796
			1688	797
			1688	798
			1689	799
			1689	800
			1690	801
			1690	802
			1691	803
			1691	804
			1692	805
			1692	806
			1693	807
			1693	808
			1694	809
			1694	810
			1695	811
			1695	812
			1696	813
			1696	814
			1697	815
			1697	816
			1697	817
			1698	818
			1698	819
			1699	820
			1699	821
			1699	822
			1700	823
			1700	824
			1701	825
			1701	826
			1701	827
			1702	828
			1702	829
			1702	830
			1703	831
			1703	832
			1704	833
			1704	834
			1704	835
			1704	836
			1705	836
			1705	837
			1705	838
			1706	839
			1706	840
			1706	841
			1707	842
			1707	843
			1707	844
			1708	845
			1708	846
			1708	847
			1708	848
			1709	849
			1709	850
			1709	851
			1710	852
			1710	853
			1710	854
			1710	855
			1711	855
			1711	856
			1711	857
			1711	858
			1712	859
			1712	860
			1712	861
			1712	862
			1713	863
			1713	864
			1713	865
			1713	866
			1713	867
			1714	868
			1714	869
			1714	870
			1714	871
			1715	872
			1715	873
			1715	874
			1715	875
			1715	876
			1716	877
			1716	878
			1716	879
			1716	880
			1716	881
			1717	882
			1717	883
			1717	884
			1717	885
			1717	886
			1717	887
			1718	888
			1718	889
			1718	890
			1718	891
			1718	892
			1718	893
			1718	894
			1719	895
			1719	896
			1719	897
			1719	898
			1719	899
			1719	900
			1719	901
			1719	902
			1719	903
			1720	904
			1720	905
			1720	906
			1720	907
			1720	908
			1720	909
			1720	910
			1720	911
			1720	912
			1720	913
			1720	914
			1720	915
			1720	916
			1720	917
			1720	918
			1721	919
			1721	920
			1721	921
			1721	922
			1721	923
			1721	924
			1721	925
			1721	926
			1721	927
			1721	928
			1721	929
			1721	930
			1721	931
			1721	932
			1721	933
			1721	934
			1721	935
			1721	936
			1721	937
			1721	938
			1721	939
			1721	940
			1721	941
			1721	942
			1721	943
			1720	944
			1720	945
			1720	946
			1720	947
			1720	948
			1720	949
			1720	950
			1720	951
			1720	952
			1720	953
			1720	954
			1720	955
			1720	956
			1720	957
			1720	958
			1719	959
			1719	960
			1719	961
			1719	962
			1719	963
			1719	964
			1719	965
			1719	966
			1719	967
			1718	968
			1718	969
			1718	970
			1718	971
			1718	972
			1718	973
			1718	974
			1718	975
			1717	976
			1717	977
			1717	978
			1717	979
			1717	980
			1717	981
			1716	982
			1716	983
			1716	984
			1716	985
			1716	986
			1716	987
			1715	988
			1715	989
			1715	990
			1715	991
			1714	992
			1714	993
			1714	994
			1714	995
			1714	996
			1713	997
			1713	998
			1713	999
			1713	1000
			1713	1001
			1712	1002
			1712	1003
			1712	1004
			1712	1005
			1711	1006
			1711	1007
			1711	1008
			1711	1009
			1710	1010
			1710	1011
			1710	1012
			1710	1013
			1709	1014
			1709	1015
			1709	1016
			1709	1017
			1708	1018
			1708	1019
			1708	1020
			1708	1021
			1707	1022
			1707	1023
			1707	1024
			1706	1025
			1706	1026
			1706	1027
			1705	1028
			1705	1029
			1705	1030
			1704	1031
			1704	1032
			1704	1033
			1703	1034
			1703	1035
			1703	1036
			1702	1037
			1702	1038
			1702	1039
			1701	1040
			1701	1041
			1700	1042
			1700	1043
			1700	1044
			1699	1045
			1699	1046
			1699	1047
			1698	1048
			1698	1049
			1697	1050
			1697	1051
			1697	1052
			1697	1053
			1696	1054
			1696	1055
			1695	1056
			1695	1057
			1695	1058
			1694	1058
			1694	1059
			1694	1060
			1693	1061
			1693	1062
			1692	1063
			1692	1064
			1691	1065
			1691	1066
			1691	1067
			1690	1068
			1690	1069
			1690	1070
			1689	1071
			1688	1072
			1688	1073
			1687	1074
			1687	1075
			1687	1076
			1686	1077
			1686	1078
			1685	1079
			1685	1080
			1685	1081
			1684	1081
			1684	1082
			1684	1083
			1683	1084
			1682	1085
			1682	1086
			1682	1087
			1681	1088
			1681	1089
			1680	1090
			1680	1091
			1679	1092
			1679	1093
			1678	1094
			1677	1095
			1677	1096
			1677	1097
			1676	1097
			1676	1098
			1676	1099
			1675	1099
			1675	1100
			1675	1101
			1674	1101
			1674	1102
			1674	1103
			1673	1103
			1673	1104
			1672	1105
			1672	1106
			1671	1107
			1671	1108
			1670	1109
			1670	1110
			1669	1111
			1669	1112
			1668	1112
			1668	1113
			1667	1114
			1667	1115
			1666	1116
			1666	1117
			1665	1118
			1664	1119
			1664	1120
			1663	1121
			1663	1122
			1662	1123
			1662	1124
			1661	1125
			1660	1126
			1660	1127
			1659	1128
			1659	1129
			1658	1130
			1658	1131
			1657	1132
			1656	1133
			1656	1134
			1655	1135
			1654	1136
			1654	1137
			1653	1138
			1653	1139
			1652	1140
			1651	1141
			1651	1142
			1650	1143
			1649	1144
			1648	1145
			1648	1146
			1648	1147
			1647	1147
			1647	1148
			1646	1149
			1645	1150
			1645	1151
			1644	1152
			1644	1153
			1643	1154
			1642	1154
			1642	1155
			1641	1156
			1641	1157
			1640	1158
			1639	1159
			1638	1160
			1638	1161
			1637	1162
			1636	1163
			1635	1164
			1635	1165
			1634	1166
			1633	1167
			1633	1168
			1632	1169
			1632	1170
			1631	1170
			1631	1171
			1630	1172
			1630	1173
			1629	1174
			1628	1175
			1627	1176
			1626	1177
			1626	1178
			1625	1179
			1624	1180
			1623	1181
			1623	1182
			1622	1183
			1621	1184
			1621	1185
			1620	1186
			1619	1186
			1619	1187
		</Eye>
	</curves.pixel>
	<ruler.points type=matrix rownames=TRUE colnames=FALSE nrow=2 ncol=2 as.numeric=TRUE >
		Ruler point 1	2	1894
		Ruler point 2	104	1894
	</ruler.points>
</shapes>

