<shapes type=list>
	<scaling type=logical names=FALSE length=1 as.numeric=FALSE >NA</scaling>
	<landmarks.pixel type=matrix rownames=TRUE colnames=FALSE nrow=11 ncol=2 as.numeric=TRUE >
		LM1Forehead	2393	283
		LM2UJFront	3107	1720
		LM3UJBack	2259	1899
		LM4LacOrb	2189	1131
		LM5QJoint	2260	2037
		LM6IOPL	2274	2226
		LM7IOPSOP	819	2335
		LM8A2A1	1199	1504
		LM9A1A3	1096	1024
		LM10TopMuscR	933	762
		LM11TopMuscL	377	701
	</landmarks.pixel>
	<curves.control type=list>
		<Profile type=matrix rownames=FALSE colnames=FALSE nrow=7 ncol=2 as.numeric=TRUE >
			2393	283
			2880	608
			3109	963
			3434	1384
			3350	1589
			3241	1842
			3107	1720
		</Profile>
		<Eye type=matrix rownames=FALSE colnames=FALSE nrow=13 ncol=2 as.numeric=TRUE >
			2189	1131
			1972	1324
			1738	1294
			1437	1222
			1353	957
			1281	638
			1485	415
			1816	199
			2141	421
			2315	584
			2315	800
			2309	999
			2189	1131
		</Eye>
	</curves.control>
	<curves.pixel type=list>
		<Profile type=matrix rownames=FALSE colnames=FALSE nrow=1803 ncol=2 as.numeric=TRUE >
			2393	283
			2394	284
			2395	285
			2396	285
			2397	286
			2398	286
			2399	287
			2400	287
			2400	288
			2401	289
			2402	289
			2403	290
			2404	290
			2405	291
			2406	291
			2406	292
			2407	293
			2408	293
			2409	294
			2410	294
			2411	295
			2412	295
			2412	296
			2413	297
			2414	297
			2415	298
			2416	298
			2417	299
			2418	300
			2419	301
			2420	301
			2421	302
			2422	303
			2423	303
			2424	304
			2425	305
			2426	306
			2427	306
			2428	307
			2429	308
			2430	308
			2431	309
			2432	309
			2433	310
			2434	311
			2435	312
			2436	312
			2437	313
			2438	313
			2439	314
			2440	315
			2441	316
			2442	316
			2443	317
			2444	318
			2445	318
			2446	319
			2447	319
			2448	320
			2448	321
			2449	321
			2450	322
			2451	322
			2452	323
			2453	324
			2454	324
			2454	325
			2455	325
			2456	326
			2457	327
			2458	327
			2459	328
			2460	328
			2460	329
			2461	330
			2462	330
			2463	331
			2464	331
			2465	332
			2466	333
			2467	333
			2467	334
			2468	334
			2469	335
			2470	336
			2471	336
			2472	337
			2473	337
			2473	338
			2474	339
			2475	339
			2476	340
			2477	340
			2478	341
			2478	342
			2479	342
			2480	343
			2481	343
			2482	344
			2483	345
			2484	345
			2484	346
			2485	347
			2486	347
			2487	348
			2488	348
			2489	349
			2490	350
			2491	351
			2492	351
			2493	352
			2494	353
			2495	354
			2496	354
			2497	355
			2498	356
			2499	357
			2500	357
			2501	358
			2502	359
			2503	359
			2504	360
			2505	361
			2506	362
			2507	362
			2508	363
			2509	364
			2510	364
			2511	365
			2512	366
			2513	367
			2514	367
			2515	368
			2516	369
			2517	370
			2518	370
			2519	371
			2520	372
			2521	372
			2522	373
			2523	374
			2524	375
			2525	375
			2526	376
			2527	377
			2528	378
			2529	378
			2530	379
			2531	380
			2532	380
			2533	381
			2534	382
			2535	383
			2536	383
			2537	384
			2538	385
			2539	386
			2540	386
			2541	387
			2542	388
			2543	388
			2544	389
			2545	390
			2546	391
			2547	391
			2548	392
			2549	393
			2550	394
			2551	394
			2552	395
			2553	396
			2554	396
			2555	397
			2556	398
			2557	399
			2558	399
			2559	400
			2560	401
			2561	402
			2562	402
			2563	403
			2564	404
			2565	404
			2566	405
			2567	406
			2568	407
			2569	408
			2570	409
			2571	409
			2572	410
			2573	411
			2574	412
			2575	412
			2576	413
			2577	414
			2578	414
			2578	415
			2579	416
			2580	416
			2581	417
			2582	417
			2583	418
			2583	419
			2584	419
			2585	420
			2586	421
			2587	421
			2588	422
			2588	423
			2589	423
			2590	424
			2591	424
			2592	425
			2592	426
			2593	426
			2594	427
			2595	428
			2596	428
			2597	429
			2598	430
			2599	431
			2600	432
			2601	432
			2602	433
			2603	434
			2604	435
			2605	435
			2606	436
			2607	437
			2608	438
			2609	438
			2610	439
			2611	440
			2612	441
			2613	441
			2614	442
			2615	443
			2616	444
			2617	445
			2618	445
			2619	446
			2620	447
			2621	448
			2622	448
			2623	449
			2624	450
			2624	451
			2625	451
			2626	452
			2627	453
			2628	454
			2629	454
			2630	455
			2631	456
			2632	457
			2633	457
			2634	458
			2635	459
			2636	460
			2637	461
			2638	461
			2639	462
			2640	463
			2641	464
			2642	464
			2643	465
			2644	466
			2645	467
			2646	467
			2646	468
			2647	469
			2648	470
			2649	470
			2650	471
			2651	472
			2652	473
			2653	473
			2654	474
			2655	475
			2656	476
			2657	477
			2658	477
			2659	478
			2660	479
			2661	480
			2662	480
			2662	481
			2663	482
			2664	483
			2665	483
			2666	484
			2667	485
			2668	486
			2669	486
			2670	487
			2671	488
			2672	489
			2673	490
			2674	490
			2675	491
			2676	492
			2676	493
			2677	493
			2678	494
			2679	495
			2680	496
			2681	496
			2682	497
			2683	498
			2684	499
			2685	499
			2686	500
			2687	501
			2688	502
			2688	503
			2689	503
			2690	504
			2691	505
			2692	506
			2693	506
			2694	507
			2695	508
			2696	509
			2697	509
			2698	510
			2698	511
			2699	512
			2700	512
			2701	513
			2702	514
			2703	515
			2704	516
			2705	516
			2706	517
			2707	518
			2708	519
			2709	520
			2710	521
			2711	522
			2712	522
			2712	523
			2713	523
			2714	524
			2715	525
			2716	526
			2717	527
			2718	527
			2719	528
			2719	529
			2720	529
			2721	530
			2722	531
			2723	532
			2724	533
			2725	534
			2726	534
			2727	535
			2728	536
			2729	537
			2730	538
			2731	538
			2731	539
			2732	540
			2733	541
			2734	542
			2735	542
			2736	543
			2737	544
			2738	545
			2739	546
			2740	546
			2741	547
			2742	548
			2742	549
			2743	550
			2744	550
			2745	551
			2746	552
			2747	553
			2748	554
			2749	554
			2750	555
			2751	556
			2751	557
			2752	558
			2753	558
			2754	559
			2755	560
			2756	561
			2757	562
			2758	562
			2759	563
			2760	564
			2760	565
			2761	566
			2762	566
			2763	567
			2764	568
			2765	569
			2766	570
			2767	570
			2768	571
			2769	572
			2769	573
			2770	574
			2771	574
			2772	575
			2773	576
			2774	577
			2775	578
			2776	578
			2776	579
			2777	580
			2778	581
			2779	582
			2780	582
			2781	583
			2782	584
			2783	585
			2783	586
			2784	586
			2785	587
			2786	588
			2787	589
			2788	590
			2789	590
			2790	591
			2790	592
			2791	593
			2792	594
			2793	594
			2794	595
			2795	596
			2796	597
			2797	598
			2798	599
			2799	600
			2800	601
			2801	602
			2802	603
			2803	604
			2804	605
			2805	606
			2806	607
			2807	607
			2807	608
			2808	608
			2809	609
			2809	610
			2810	610
			2810	611
			2811	611
			2812	612
			2813	613
			2814	614
			2815	615
			2816	616
			2817	617
			2818	617
			2818	618
			2819	619
			2820	620
			2821	621
			2822	622
			2823	623
			2824	623
			2825	624
			2826	625
			2826	626
			2827	627
			2828	628
			2829	628
			2830	629
			2831	630
			2832	631
			2832	632
			2833	633
			2834	633
			2835	634
			2836	635
			2837	636
			2838	637
			2839	638
			2840	639
			2841	640
			2842	641
			2843	642
			2844	643
			2845	644
			2846	645
			2847	646
			2848	647
			2849	648
			2850	649
			2851	650
			2852	651
			2853	652
			2854	653
			2855	654
			2856	655
			2857	656
			2858	657
			2859	657
			2859	658
			2860	659
			2861	660
			2862	661
			2863	662
			2864	663
			2865	664
			2866	665
			2867	666
			2868	667
			2869	668
			2870	669
			2871	670
			2872	671
			2873	672
			2874	673
			2875	674
			2876	675
			2877	676
			2878	677
			2879	678
			2879	679
			2880	679
			2881	680
			2882	681
			2882	682
			2883	682
			2884	683
			2885	684
			2885	685
			2886	685
			2887	686
			2887	687
			2888	688
			2889	688
			2890	689
			2890	690
			2891	691
			2892	691
			2893	692
			2893	693
			2894	694
			2895	694
			2895	695
			2896	696
			2897	697
			2898	697
			2898	698
			2899	699
			2900	700
			2901	701
			2902	702
			2903	703
			2904	704
			2905	705
			2905	706
			2906	707
			2907	708
			2908	708
			2909	709
			2910	710
			2911	711
			2911	712
			2912	713
			2913	714
			2914	715
			2915	716
			2916	717
			2917	718
			2918	719
			2919	720
			2920	721
			2920	722
			2921	722
			2922	723
			2922	724
			2923	724
			2923	725
			2924	726
			2925	726
			2925	727
			2926	728
			2927	729
			2928	730
			2929	731
			2930	732
			2930	733
			2931	733
			2932	734
			2933	735
			2933	736
			2934	737
			2935	737
			2935	738
			2936	739
			2937	740
			2938	741
			2939	742
			2940	743
			2941	744
			2941	745
			2942	746
			2943	747
			2944	748
			2945	749
			2946	750
			2947	751
			2947	752
			2948	753
			2949	753
			2950	754
			2951	755
			2952	756
			2952	757
			2953	758
			2954	759
			2955	760
			2956	761
			2957	762
			2957	763
			2958	764
			2959	765
			2960	766
			2961	767
			2962	768
			2962	769
			2963	770
			2964	771
			2965	772
			2966	772
			2966	773
			2967	774
			2968	775
			2969	776
			2970	777
			2971	778
			2971	779
			2972	780
			2973	781
			2974	782
			2975	783
			2975	784
			2976	785
			2977	786
			2978	787
			2979	788
			2979	789
			2980	790
			2981	791
			2982	791
			2983	792
			2983	793
			2984	794
			2985	795
			2986	796
			2987	797
			2987	798
			2988	799
			2989	800
			2990	801
			2991	802
			2991	803
			2992	804
			2993	805
			2994	806
			2995	807
			2995	808
			2996	809
			2997	810
			2998	811
			2998	812
			2999	812
			3000	813
			3001	814
			3002	815
			3002	816
			3003	817
			3004	818
			3005	819
			3005	820
			3006	821
			3007	822
			3008	823
			3008	824
			3009	825
			3010	826
			3011	827
			3012	828
			3012	829
			3013	830
			3014	831
			3015	832
			3015	833
			3016	834
			3017	834
			3018	835
			3018	836
			3019	837
			3020	838
			3021	839
			3021	840
			3022	841
			3023	842
			3024	843
			3024	844
			3025	845
			3026	846
			3027	847
			3027	848
			3028	849
			3029	850
			3030	851
			3030	852
			3031	853
			3032	854
			3033	855
			3033	856
			3034	857
			3035	857
			3035	858
			3036	859
			3037	860
			3038	861
			3038	862
			3039	863
			3040	864
			3041	865
			3041	866
			3042	867
			3043	868
			3043	869
			3044	870
			3045	871
			3046	872
			3046	873
			3047	874
			3048	875
			3048	876
			3049	877
			3050	878
			3051	879
			3051	880
			3052	881
			3053	882
			3054	883
			3055	884
			3055	885
			3056	886
			3057	887
			3058	888
			3058	889
			3059	890
			3060	891
			3060	892
			3061	892
			3061	893
			3062	894
			3063	895
			3063	896
			3064	897
			3065	898
			3066	899
			3066	900
			3067	901
			3068	902
			3069	903
			3069	904
			3070	905
			3071	906
			3071	907
			3072	908
			3073	909
			3073	910
			3074	911
			3075	912
			3076	913
			3076	914
			3077	915
			3078	916
			3078	917
			3079	918
			3080	919
			3080	920
			3081	921
			3082	922
			3083	923
			3083	924
			3084	925
			3085	926
			3085	927
			3086	928
			3087	929
			3087	930
			3088	931
			3089	932
			3089	933
			3090	934
			3091	935
			3091	936
			3092	937
			3093	938
			3093	939
			3094	940
			3095	941
			3096	942
			3096	943
			3097	944
			3098	945
			3098	946
			3099	947
			3100	948
			3100	949
			3101	950
			3102	951
			3102	952
			3102	953
			3103	953
			3103	954
			3103	955
			3104	955
			3104	956
			3105	956
			3105	957
			3105	958
			3106	958
			3106	959
			3107	959
			3107	960
			3107	961
			3108	961
			3108	962
			3109	962
			3109	963
			3110	964
			3111	965
			3111	966
			3112	967
			3113	968
			3113	969
			3114	969
			3115	970
			3115	971
			3116	972
			3117	973
			3117	974
			3118	975
			3119	975
			3119	976
			3120	977
			3120	978
			3121	979
			3122	980
			3122	981
			3123	981
			3124	982
			3124	983
			3125	984
			3126	985
			3126	986
			3127	986
			3128	987
			3128	988
			3129	989
			3129	990
			3130	991
			3131	992
			3132	993
			3133	994
			3134	995
			3134	996
			3135	997
			3136	998
			3137	999
			3137	1000
			3138	1001
			3139	1002
			3140	1003
			3140	1004
			3141	1005
			3142	1006
			3143	1007
			3143	1008
			3144	1009
			3145	1010
			3146	1011
			3146	1012
			3147	1013
			3148	1014
			3148	1015
			3149	1016
			3150	1017
			3151	1018
			3151	1019
			3152	1020
			3153	1021
			3154	1022
			3154	1023
			3155	1024
			3156	1025
			3156	1026
			3157	1027
			3158	1028
			3159	1029
			3159	1030
			3160	1031
			3161	1032
			3161	1033
			3162	1034
			3163	1035
			3164	1036
			3164	1037
			3165	1038
			3166	1039
			3166	1040
			3167	1041
			3168	1042
			3169	1043
			3169	1044
			3170	1045
			3171	1046
			3171	1047
			3172	1048
			3173	1049
			3173	1050
			3174	1051
			3175	1052
			3175	1053
			3176	1054
			3177	1055
			3178	1056
			3178	1057
			3179	1058
			3180	1059
			3180	1060
			3181	1061
			3182	1062
			3182	1063
			3183	1064
			3184	1065
			3184	1066
			3185	1067
			3186	1067
			3186	1068
			3187	1069
			3188	1070
			3188	1071
			3189	1072
			3190	1073
			3190	1074
			3191	1075
			3192	1076
			3192	1077
			3193	1078
			3194	1079
			3194	1080
			3195	1081
			3196	1082
			3196	1083
			3197	1084
			3197	1085
			3198	1086
			3199	1087
			3199	1088
			3200	1089
			3201	1089
			3201	1090
			3202	1091
			3203	1092
			3203	1093
			3204	1094
			3205	1095
			3205	1096
			3206	1097
			3206	1098
			3207	1099
			3208	1100
			3208	1101
			3209	1102
			3210	1103
			3210	1104
			3211	1105
			3211	1106
			3212	1106
			3213	1107
			3213	1108
			3214	1109
			3215	1110
			3215	1111
			3216	1112
			3216	1113
			3217	1114
			3218	1115
			3218	1116
			3219	1117
			3219	1118
			3220	1119
			3221	1120
			3222	1121
			3222	1122
			3223	1123
			3223	1124
			3224	1125
			3225	1126
			3225	1127
			3226	1128
			3226	1129
			3227	1129
			3227	1130
			3228	1131
			3228	1132
			3229	1133
			3230	1134
			3231	1135
			3231	1136
			3232	1137
			3232	1138
			3233	1139
			3234	1140
			3234	1141
			3235	1142
			3235	1143
			3236	1144
			3236	1145
			3237	1146
			3238	1147
			3239	1148
			3239	1149
			3240	1150
			3241	1151
			3241	1152
			3242	1153
			3242	1154
			3243	1155
			3243	1156
			3244	1157
			3245	1158
			3245	1159
			3246	1160
			3247	1161
			3247	1162
			3248	1163
			3248	1164
			3249	1165
			3249	1166
			3250	1167
			3251	1168
			3251	1169
			3252	1170
			3252	1171
			3253	1172
			3253	1173
			3254	1174
			3255	1175
			3256	1176
			3256	1177
			3257	1178
			3257	1179
			3258	1180
			3258	1181
			3259	1182
			3260	1183
			3260	1184
			3261	1185
			3261	1186
			3262	1187
			3263	1188
			3263	1189
			3264	1190
			3264	1191
			3265	1192
			3265	1193
			3266	1194
			3267	1195
			3267	1196
			3268	1197
			3268	1198
			3269	1199
			3269	1200
			3270	1201
			3270	1202
			3271	1203
			3271	1204
			3272	1205
			3273	1206
			3273	1207
			3274	1208
			3274	1209
			3275	1210
			3275	1211
			3276	1211
			3276	1212
			3277	1213
			3277	1214
			3278	1215
			3278	1216
			3279	1217
			3279	1218
			3280	1219
			3280	1220
			3281	1221
			3281	1222
			3282	1223
			3283	1224
			3283	1225
			3284	1226
			3284	1227
			3285	1228
			3285	1229
			3286	1230
			3286	1231
			3287	1232
			3288	1233
			3288	1234
			3288	1235
			3289	1235
			3289	1236
			3289	1237
			3290	1237
			3290	1238
			3290	1239
			3291	1239
			3291	1240
			3291	1241
			3292	1242
			3292	1243
			3293	1244
			3294	1245
			3294	1246
			3294	1247
			3295	1247
			3295	1248
			3296	1249
			3296	1250
			3296	1251
			3297	1251
			3297	1252
			3298	1253
			3298	1254
			3298	1255
			3299	1255
			3299	1256
			3300	1257
			3300	1258
			3300	1259
			3301	1259
			3301	1260
			3302	1261
			3302	1262
			3302	1263
			3303	1263
			3303	1264
			3303	1265
			3304	1266
			3304	1267
			3305	1267
			3305	1268
			3305	1269
			3306	1270
			3306	1271
			3307	1272
			3307	1273
			3308	1274
			3308	1275
			3309	1276
			3309	1277
			3310	1278
			3310	1279
			3310	1280
			3311	1281
			3311	1282
			3312	1283
			3313	1284
			3313	1285
			3313	1286
			3314	1287
			3314	1288
			3315	1289
			3315	1290
			3315	1291
			3316	1292
			3317	1293
			3317	1294
			3317	1295
			3318	1296
			3318	1297
			3319	1298
			3319	1299
			3319	1300
			3320	1301
			3320	1302
			3321	1303
			3321	1304
			3321	1305
			3322	1306
			3322	1307
			3323	1307
			3323	1308
			3323	1309
			3324	1310
			3324	1311
			3325	1312
			3325	1313
			3325	1314
			3326	1315
			3326	1316
			3327	1317
			3327	1318
			3327	1319
			3328	1320
			3328	1321
			3329	1322
			3329	1323
			3329	1324
			3330	1324
			3330	1325
			3330	1326
			3331	1327
			3331	1328
			3331	1329
			3332	1330
			3332	1331
			3332	1332
			3333	1332
			3333	1333
			3333	1334
			3334	1335
			3334	1336
			3334	1337
			3335	1338
			3335	1339
			3336	1340
			3336	1341
			3336	1342
			3337	1343
			3337	1344
			3337	1345
			3338	1346
			3338	1347
			3339	1348
			3339	1349
			3339	1350
			3339	1351
			3340	1352
			3340	1353
			3341	1354
			3341	1355
			3341	1356
			3342	1357
			3342	1358
			3342	1359
			3343	1360
			3343	1361
			3343	1362
			3344	1363
			3344	1364
			3344	1365
			3344	1366
			3345	1367
			3345	1368
			3345	1369
			3346	1370
			3346	1371
			3346	1372
			3347	1372
			3347	1373
			3347	1374
			3347	1375
			3348	1376
			3348	1377
			3348	1378
			3349	1379
			3349	1380
			3349	1381
			3349	1382
			3350	1383
			3350	1384
			3350	1385
			3350	1386
			3351	1386
			3351	1387
			3351	1388
			3351	1389
			3352	1390
			3352	1391
			3352	1392
			3352	1393
			3353	1394
			3353	1395
			3353	1396
			3353	1397
			3354	1397
			3354	1398
			3354	1399
			3354	1400
			3355	1401
			3355	1402
			3355	1403
			3355	1404
			3355	1405
			3356	1406
			3356	1407
			3356	1408
			3357	1409
			3357	1410
			3357	1411
			3357	1412
			3357	1413
			3358	1414
			3358	1415
			3358	1416
			3358	1417
			3358	1418
			3359	1419
			3359	1420
			3359	1421
			3359	1422
			3359	1423
			3360	1424
			3360	1425
			3360	1426
			3360	1427
			3361	1428
			3361	1429
			3361	1430
			3361	1431
			3361	1432
			3361	1433
			3362	1434
			3362	1435
			3362	1436
			3362	1437
			3362	1438
			3362	1439
			3363	1440
			3363	1441
			3363	1442
			3363	1443
			3363	1444
			3363	1445
			3364	1446
			3364	1447
			3364	1448
			3364	1449
			3364	1450
			3364	1451
			3364	1452
			3364	1453
			3365	1454
			3365	1455
			3365	1456
			3365	1457
			3365	1458
			3365	1459
			3365	1460
			3365	1461
			3365	1462
			3366	1462
			3366	1463
			3366	1464
			3366	1465
			3366	1466
			3366	1467
			3366	1468
			3366	1469
			3366	1470
			3366	1471
			3366	1472
			3366	1473
			3366	1474
			3367	1474
			3367	1475
			3367	1476
			3367	1477
			3367	1478
			3367	1479
			3367	1480
			3367	1481
			3367	1482
			3367	1483
			3367	1484
			3367	1485
			3367	1486
			3367	1487
			3367	1488
			3367	1489
			3367	1490
			3367	1491
			3367	1492
			3367	1493
			3367	1494
			3367	1495
			3367	1496
			3367	1497
			3367	1498
			3367	1499
			3367	1500
			3367	1501
			3367	1502
			3367	1503
			3367	1504
			3367	1505
			3367	1506
			3367	1507
			3367	1508
			3367	1509
			3367	1510
			3367	1511
			3367	1512
			3367	1513
			3367	1514
			3367	1515
			3367	1516
			3366	1517
			3366	1518
			3366	1519
			3366	1520
			3366	1521
			3366	1522
			3366	1523
			3366	1524
			3366	1525
			3366	1526
			3366	1527
			3365	1528
			3365	1529
			3365	1530
			3365	1531
			3365	1532
			3365	1533
			3365	1534
			3365	1535
			3364	1536
			3364	1537
			3364	1538
			3364	1539
			3364	1540
			3364	1541
			3363	1542
			3363	1543
			3363	1544
			3363	1545
			3363	1546
			3362	1547
			3362	1548
			3362	1549
			3362	1550
			3362	1551
			3362	1552
			3361	1553
			3361	1554
			3361	1555
			3360	1556
			3360	1557
			3360	1558
			3360	1559
			3360	1560
			3359	1561
			3359	1562
			3359	1563
			3359	1564
			3358	1564
			3358	1565
			3358	1566
			3358	1567
			3357	1568
			3357	1569
			3357	1570
			3356	1571
			3356	1572
			3356	1573
			3356	1574
			3355	1575
			3355	1576
			3354	1577
			3354	1578
			3354	1579
			3354	1580
			3353	1580
			3353	1581
			3353	1582
			3352	1583
			3352	1584
			3351	1585
			3351	1586
			3351	1587
			3351	1588
			3350	1588
			3350	1589
			3349	1590
			3349	1591
			3349	1592
			3348	1593
			3348	1594
			3348	1595
			3347	1596
			3347	1597
			3346	1597
			3346	1598
			3346	1599
			3345	1600
			3345	1601
			3344	1602
			3344	1603
			3344	1604
			3343	1605
			3342	1606
			3342	1607
			3341	1608
			3341	1609
			3340	1610
			3340	1611
			3340	1612
			3339	1613
			3339	1614
			3338	1615
			3338	1616
			3337	1617
			3337	1618
			3336	1619
			3336	1620
			3335	1621
			3335	1622
			3334	1623
			3334	1624
			3334	1625
			3333	1626
			3332	1627
			3332	1628
			3331	1629
			3331	1630
			3330	1631
			3330	1632
			3329	1633
			3329	1634
			3328	1635
			3328	1636
			3327	1637
			3327	1638
			3326	1639
			3326	1640
			3325	1641
			3325	1642
			3324	1643
			3324	1644
			3323	1645
			3323	1646
			3322	1647
			3322	1648
			3321	1649
			3321	1650
			3320	1650
			3320	1651
			3319	1652
			3319	1653
			3318	1654
			3318	1655
			3317	1656
			3317	1657
			3316	1658
			3316	1659
			3315	1659
			3314	1660
			3314	1661
			3313	1662
			3313	1663
			3312	1664
			3312	1665
			3311	1666
			3310	1667
			3310	1668
			3309	1669
			3309	1670
			3308	1671
			3307	1672
			3307	1673
			3306	1674
			3305	1675
			3305	1676
			3304	1677
			3304	1678
			3303	1679
			3302	1680
			3302	1681
			3301	1682
			3300	1683
			3300	1684
			3299	1685
			3298	1686
			3297	1687
			3297	1688
			3296	1689
			3295	1690
			3295	1691
			3294	1692
			3293	1693
			3293	1694
			3292	1694
			3292	1695
			3291	1696
			3290	1697
			3290	1698
			3289	1699
			3288	1700
			3288	1701
			3287	1701
			3286	1702
			3286	1703
			3285	1704
			3284	1705
			3284	1706
			3283	1706
			3282	1707
			3282	1708
			3281	1709
			3280	1709
			3280	1710
			3279	1711
			3278	1712
			3278	1713
			3277	1713
			3276	1714
			3276	1715
			3275	1715
			3274	1716
			3274	1717
			3273	1718
			3272	1718
			3272	1719
			3271	1720
			3270	1720
			3270	1721
			3269	1722
			3268	1722
			3268	1723
			3267	1724
			3266	1724
			3266	1725
			3265	1726
			3264	1726
			3264	1727
			3263	1728
			3262	1728
			3262	1729
			3261	1729
			3260	1730
			3260	1731
			3259	1731
			3258	1732
			3257	1733
			3256	1734
			3255	1735
			3254	1735
			3253	1736
			3252	1737
			3251	1738
			3250	1739
			3249	1739
			3248	1740
			3247	1741
			3246	1741
			3245	1742
			3244	1743
			3243	1743
			3242	1744
			3241	1745
			3240	1745
			3239	1746
			3238	1746
			3237	1747
			3236	1747
			3235	1748
			3234	1749
			3233	1749
			3232	1750
			3231	1750
			3230	1751
			3229	1751
			3228	1751
			3227	1752
			3226	1752
			3225	1753
			3224	1753
			3223	1754
			3222	1754
			3221	1754
			3220	1755
			3219	1755
			3218	1755
			3217	1756
			3216	1756
			3215	1756
			3214	1757
			3213	1757
			3212	1757
			3211	1757
			3210	1758
			3209	1758
			3208	1758
			3207	1758
			3206	1758
			3205	1759
			3204	1759
			3203	1759
			3202	1759
			3201	1759
			3200	1759
			3199	1759
			3198	1759
			3197	1760
			3196	1760
			3195	1760
			3194	1760
			3193	1760
			3192	1760
			3191	1760
			3190	1760
			3189	1760
			3188	1760
			3187	1760
			3186	1759
			3185	1759
			3184	1759
			3183	1759
			3182	1759
			3181	1759
			3180	1759
			3179	1759
			3178	1759
			3177	1758
			3176	1758
			3175	1758
			3174	1758
			3173	1758
			3172	1757
			3171	1757
			3170	1757
			3169	1757
			3168	1756
			3167	1756
			3166	1756
			3165	1756
			3164	1755
			3163	1755
			3162	1755
			3161	1754
			3160	1754
			3159	1753
			3158	1753
			3157	1753
			3156	1752
			3155	1752
			3154	1752
			3153	1751
			3152	1751
			3151	1750
			3150	1750
			3149	1749
			3148	1749
			3147	1748
			3146	1748
			3145	1747
			3144	1747
			3143	1746
			3142	1746
			3141	1745
			3140	1745
			3139	1744
			3138	1743
			3137	1743
			3136	1742
			3135	1741
			3134	1741
			3133	1740
			3132	1740
			3132	1739
			3131	1739
			3130	1738
			3129	1738
			3128	1737
			3127	1736
			3126	1735
			3125	1735
			3124	1734
			3123	1733
			3122	1732
			3121	1732
			3120	1731
			3119	1730
			3118	1729
			3117	1728
			3116	1728
			3115	1727
			3114	1726
			3113	1725
			3112	1724
			3111	1723
			3110	1722
			3109	1721
			3108	1721
			3107	1720
		</Profile>
		<Eye type=matrix rownames=FALSE colnames=FALSE nrow=2907 ncol=2 as.numeric=TRUE >
			2189	1131
			2188	1132
			2187	1132
			2186	1133
			2186	1134
			2185	1135
			2184	1135
			2183	1136
			2182	1137
			2181	1138
			2180	1139
			2179	1140
			2178	1141
			2177	1142
			2176	1143
			2175	1143
			2174	1144
			2173	1145
			2172	1146
			2171	1147
			2170	1148
			2169	1149
			2168	1149
			2167	1150
			2166	1151
			2165	1152
			2164	1153
			2163	1154
			2162	1154
			2161	1155
			2160	1156
			2159	1157
			2158	1158
			2157	1159
			2156	1159
			2155	1160
			2154	1161
			2153	1162
			2152	1163
			2151	1163
			2150	1164
			2149	1165
			2148	1165
			2147	1166
			2146	1167
			2145	1168
			2144	1168
			2144	1169
			2143	1169
			2142	1170
			2141	1171
			2140	1172
			2139	1172
			2138	1173
			2137	1174
			2136	1174
			2136	1175
			2135	1176
			2134	1176
			2133	1177
			2132	1178
			2131	1178
			2130	1179
			2129	1180
			2128	1181
			2127	1182
			2126	1182
			2125	1183
			2124	1183
			2124	1184
			2123	1184
			2122	1185
			2121	1186
			2120	1187
			2119	1187
			2118	1188
			2117	1189
			2116	1189
			2116	1190
			2115	1190
			2114	1191
			2113	1191
			2113	1192
			2112	1192
			2111	1193
			2110	1193
			2109	1194
			2108	1195
			2107	1196
			2106	1196
			2105	1197
			2104	1197
			2103	1198
			2102	1199
			2101	1200
			2100	1201
			2099	1201
			2098	1201
			2098	1202
			2097	1202
			2096	1203
			2095	1204
			2094	1205
			2093	1205
			2092	1206
			2091	1206
			2090	1207
			2089	1208
			2088	1208
			2087	1209
			2086	1209
			2085	1210
			2084	1211
			2083	1211
			2082	1212
			2081	1212
			2080	1213
			2079	1214
			2078	1214
			2077	1215
			2076	1215
			2076	1216
			2075	1217
			2074	1217
			2073	1218
			2072	1218
			2071	1219
			2070	1219
			2069	1220
			2068	1221
			2067	1221
			2066	1222
			2065	1222
			2064	1223
			2063	1223
			2062	1224
			2061	1224
			2060	1225
			2059	1226
			2058	1226
			2057	1227
			2056	1227
			2055	1228
			2054	1229
			2053	1229
			2052	1230
			2051	1230
			2050	1231
			2049	1231
			2048	1232
			2047	1233
			2046	1233
			2045	1234
			2044	1234
			2043	1235
			2042	1235
			2041	1236
			2040	1236
			2039	1237
			2038	1237
			2037	1238
			2036	1238
			2035	1239
			2034	1239
			2033	1240
			2032	1240
			2031	1241
			2030	1241
			2029	1242
			2028	1242
			2027	1243
			2026	1243
			2025	1244
			2024	1244
			2023	1245
			2022	1245
			2021	1246
			2020	1246
			2019	1247
			2018	1247
			2017	1248
			2016	1248
			2015	1249
			2014	1249
			2013	1250
			2012	1250
			2011	1251
			2010	1251
			2009	1251
			2008	1252
			2007	1252
			2006	1253
			2005	1253
			2004	1254
			2003	1254
			2002	1255
			2001	1255
			2000	1255
			1999	1256
			1998	1256
			1997	1257
			1996	1257
			1995	1258
			1994	1258
			1993	1258
			1992	1259
			1991	1259
			1990	1260
			1989	1260
			1988	1261
			1987	1261
			1986	1261
			1985	1262
			1984	1262
			1983	1263
			1982	1263
			1981	1263
			1980	1264
			1979	1264
			1978	1265
			1977	1265
			1976	1265
			1975	1266
			1974	1266
			1973	1266
			1972	1267
			1971	1267
			1970	1268
			1969	1268
			1968	1268
			1967	1269
			1966	1269
			1965	1269
			1964	1270
			1963	1270
			1962	1270
			1961	1271
			1960	1271
			1959	1271
			1958	1272
			1957	1272
			1956	1272
			1955	1273
			1954	1273
			1953	1273
			1952	1274
			1951	1274
			1950	1274
			1949	1275
			1948	1275
			1947	1275
			1946	1276
			1945	1276
			1944	1276
			1943	1277
			1942	1277
			1941	1277
			1940	1277
			1939	1278
			1938	1278
			1937	1278
			1936	1279
			1935	1279
			1934	1279
			1933	1279
			1933	1280
			1932	1280
			1931	1280
			1930	1280
			1929	1281
			1928	1281
			1927	1281
			1926	1281
			1925	1282
			1924	1282
			1923	1282
			1922	1283
			1921	1283
			1920	1283
			1919	1283
			1918	1283
			1917	1284
			1916	1284
			1915	1284
			1914	1284
			1914	1285
			1913	1285
			1912	1285
			1911	1285
			1910	1285
			1909	1286
			1908	1286
			1907	1286
			1906	1286
			1905	1286
			1904	1287
			1903	1287
			1902	1287
			1901	1287
			1900	1288
			1899	1288
			1898	1288
			1897	1288
			1896	1288
			1895	1289
			1894	1289
			1893	1289
			1892	1289
			1891	1289
			1890	1290
			1889	1290
			1888	1290
			1887	1290
			1886	1290
			1885	1290
			1884	1291
			1883	1291
			1882	1291
			1881	1291
			1880	1291
			1879	1292
			1878	1292
			1877	1292
			1876	1292
			1875	1292
			1874	1292
			1873	1293
			1872	1293
			1871	1293
			1870	1293
			1869	1293
			1868	1293
			1867	1293
			1866	1294
			1865	1294
			1864	1294
			1863	1294
			1862	1294
			1861	1294
			1860	1294
			1859	1294
			1858	1295
			1857	1295
			1856	1295
			1855	1295
			1854	1295
			1853	1295
			1852	1295
			1851	1295
			1850	1295
			1849	1296
			1848	1296
			1847	1296
			1846	1296
			1845	1296
			1844	1296
			1843	1296
			1842	1296
			1841	1296
			1840	1296
			1839	1296
			1838	1297
			1837	1297
			1836	1297
			1835	1297
			1834	1297
			1833	1297
			1832	1297
			1831	1297
			1830	1297
			1829	1297
			1828	1297
			1827	1297
			1826	1297
			1825	1297
			1824	1297
			1823	1297
			1822	1298
			1821	1298
			1820	1298
			1819	1298
			1818	1298
			1817	1298
			1816	1298
			1815	1298
			1814	1298
			1813	1298
			1812	1298
			1811	1298
			1810	1298
			1809	1298
			1808	1298
			1807	1298
			1806	1298
			1805	1298
			1804	1298
			1803	1298
			1802	1298
			1801	1298
			1800	1298
			1799	1298
			1798	1298
			1797	1298
			1796	1298
			1795	1298
			1794	1298
			1793	1298
			1792	1298
			1791	1298
			1790	1298
			1789	1298
			1788	1298
			1787	1298
			1786	1298
			1785	1298
			1784	1298
			1783	1298
			1782	1298
			1781	1298
			1780	1298
			1779	1298
			1778	1298
			1777	1297
			1776	1297
			1775	1297
			1774	1297
			1773	1297
			1772	1297
			1771	1297
			1770	1297
			1769	1297
			1768	1297
			1767	1297
			1766	1297
			1765	1297
			1764	1297
			1763	1297
			1762	1296
			1761	1296
			1760	1296
			1759	1296
			1758	1296
			1757	1296
			1756	1296
			1755	1296
			1754	1296
			1753	1296
			1752	1296
			1751	1295
			1750	1295
			1749	1295
			1748	1295
			1747	1295
			1746	1295
			1745	1295
			1744	1295
			1743	1295
			1742	1294
			1741	1294
			1740	1294
			1739	1294
			1738	1294
			1737	1294
			1736	1294
			1735	1293
			1734	1293
			1733	1293
			1732	1293
			1731	1292
			1730	1292
			1729	1292
			1728	1291
			1727	1291
			1726	1291
			1725	1291
			1724	1291
			1724	1290
			1723	1290
			1722	1290
			1721	1290
			1720	1289
			1719	1289
			1718	1289
			1717	1289
			1716	1288
			1715	1288
			1714	1288
			1713	1288
			1712	1287
			1711	1287
			1710	1287
			1709	1287
			1708	1286
			1707	1286
			1706	1286
			1705	1285
			1704	1285
			1703	1285
			1702	1284
			1701	1284
			1700	1284
			1699	1284
			1698	1283
			1697	1283
			1696	1283
			1695	1282
			1694	1282
			1693	1282
			1692	1282
			1691	1281
			1690	1281
			1689	1280
			1688	1280
			1687	1280
			1686	1280
			1685	1279
			1684	1279
			1683	1279
			1682	1278
			1681	1278
			1680	1278
			1679	1277
			1678	1277
			1677	1277
			1676	1276
			1675	1276
			1674	1276
			1673	1275
			1672	1275
			1671	1275
			1670	1274
			1669	1274
			1668	1273
			1667	1273
			1666	1273
			1665	1273
			1664	1272
			1663	1272
			1662	1272
			1661	1271
			1660	1271
			1659	1270
			1658	1270
			1657	1270
			1656	1269
			1655	1269
			1654	1269
			1653	1268
			1652	1268
			1651	1268
			1650	1267
			1649	1267
			1648	1266
			1647	1266
			1646	1266
			1646	1265
			1645	1265
			1644	1265
			1643	1264
			1642	1264
			1641	1263
			1640	1263
			1639	1263
			1638	1263
			1638	1262
			1637	1262
			1636	1262
			1635	1261
			1634	1261
			1633	1260
			1632	1260
			1631	1259
			1630	1259
			1629	1259
			1628	1258
			1627	1258
			1626	1258
			1625	1257
			1624	1256
			1623	1256
			1622	1256
			1621	1255
			1620	1255
			1619	1254
			1618	1254
			1617	1253
			1616	1253
			1615	1253
			1615	1252
			1614	1252
			1613	1252
			1612	1251
			1611	1251
			1610	1250
			1609	1250
			1608	1249
			1607	1249
			1606	1248
			1605	1248
			1604	1248
			1603	1247
			1602	1246
			1601	1246
			1600	1245
			1599	1245
			1598	1244
			1597	1244
			1596	1243
			1595	1243
			1594	1243
			1593	1242
			1592	1241
			1591	1241
			1590	1240
			1589	1240
			1588	1239
			1587	1239
			1586	1239
			1585	1238
			1584	1237
			1583	1236
			1582	1236
			1581	1236
			1581	1235
			1580	1235
			1579	1235
			1579	1234
			1578	1234
			1577	1234
			1577	1233
			1576	1233
			1575	1233
			1575	1232
			1574	1232
			1573	1231
			1572	1231
			1571	1230
			1570	1229
			1569	1229
			1568	1228
			1567	1228
			1566	1227
			1565	1227
			1564	1226
			1563	1226
			1562	1225
			1561	1224
			1560	1224
			1559	1223
			1558	1222
			1557	1222
			1556	1221
			1555	1221
			1555	1220
			1554	1220
			1553	1220
			1553	1219
			1552	1219
			1551	1218
			1550	1218
			1549	1217
			1548	1216
			1547	1215
			1546	1215
			1545	1215
			1545	1214
			1544	1214
			1543	1213
			1542	1213
			1542	1212
			1541	1212
			1540	1211
			1539	1211
			1539	1210
			1538	1210
			1537	1209
			1536	1209
			1536	1208
			1535	1207
			1534	1207
			1533	1206
			1532	1205
			1531	1205
			1530	1204
			1529	1204
			1528	1203
			1527	1202
			1526	1201
			1525	1200
			1524	1200
			1523	1199
			1522	1198
			1521	1197
			1520	1197
			1519	1196
			1518	1195
			1517	1195
			1516	1194
			1515	1193
			1514	1193
			1513	1192
			1513	1191
			1512	1191
			1511	1190
			1510	1190
			1510	1189
			1509	1189
			1508	1188
			1508	1187
			1507	1187
			1506	1186
			1505	1186
			1505	1185
			1504	1185
			1503	1184
			1503	1183
			1502	1183
			1501	1182
			1500	1181
			1499	1180
			1498	1180
			1497	1179
			1496	1178
			1495	1177
			1494	1176
			1493	1175
			1492	1174
			1491	1173
			1490	1172
			1489	1172
			1488	1171
			1487	1170
			1486	1169
			1485	1168
			1484	1167
			1483	1166
			1482	1165
			1481	1165
			1480	1164
			1479	1163
			1478	1162
			1477	1161
			1476	1160
			1475	1159
			1474	1158
			1474	1157
			1473	1156
			1472	1156
			1471	1155
			1470	1154
			1469	1153
			1468	1152
			1467	1151
			1466	1150
			1465	1149
			1464	1148
			1463	1147
			1463	1146
			1462	1145
			1461	1144
			1460	1143
			1459	1142
			1458	1142
			1457	1141
			1456	1140
			1455	1139
			1455	1138
			1454	1137
			1453	1136
			1452	1135
			1451	1134
			1450	1133
			1449	1132
			1448	1131
			1448	1130
			1447	1129
			1446	1128
			1445	1127
			1444	1126
			1443	1125
			1443	1124
			1442	1123
			1441	1122
			1440	1121
			1439	1120
			1438	1119
			1438	1118
			1437	1117
			1436	1116
			1435	1115
			1434	1114
			1434	1113
			1433	1112
			1432	1111
			1431	1110
			1430	1109
			1430	1108
			1429	1107
			1428	1106
			1428	1105
			1427	1104
			1426	1103
			1425	1102
			1425	1101
			1424	1100
			1424	1099
			1423	1099
			1422	1098
			1422	1097
			1421	1096
			1420	1095
			1420	1094
			1419	1093
			1418	1092
			1418	1091
			1417	1090
			1416	1089
			1416	1088
			1415	1087
			1414	1086
			1414	1085
			1413	1085
			1413	1084
			1412	1083
			1411	1082
			1411	1081
			1410	1080
			1409	1079
			1409	1078
			1408	1077
			1408	1076
			1407	1075
			1406	1074
			1406	1073
			1405	1072
			1405	1071
			1404	1070
			1403	1069
			1403	1068
			1402	1067
			1402	1066
			1401	1065
			1400	1064
			1400	1063
			1399	1062
			1399	1061
			1398	1060
			1398	1059
			1397	1058
			1396	1057
			1396	1056
			1395	1055
			1395	1054
			1394	1053
			1394	1052
			1393	1051
			1392	1050
			1392	1049
			1391	1048
			1391	1047
			1390	1046
			1390	1045
			1389	1044
			1389	1043
			1388	1042
			1388	1041
			1387	1040
			1387	1039
			1386	1038
			1385	1037
			1385	1036
			1384	1035
			1384	1034
			1383	1033
			1383	1032
			1382	1031
			1382	1030
			1381	1029
			1381	1028
			1381	1027
			1380	1026
			1380	1025
			1379	1024
			1379	1023
			1378	1022
			1378	1021
			1377	1020
			1377	1019
			1376	1018
			1376	1017
			1376	1016
			1375	1015
			1375	1014
			1374	1013
			1374	1012
			1373	1011
			1373	1010
			1372	1009
			1372	1008
			1371	1007
			1371	1006
			1371	1005
			1370	1004
			1370	1003
			1370	1002
			1369	1001
			1369	1000
			1368	999
			1368	998
			1367	997
			1367	996
			1366	995
			1366	994
			1366	993
			1365	992
			1365	991
			1365	990
			1364	989
			1364	988
			1363	987
			1363	986
			1363	985
			1362	984
			1362	983
			1361	982
			1361	981
			1361	980
			1360	979
			1360	978
			1360	977
			1359	976
			1359	975
			1359	974
			1358	973
			1358	972
			1357	971
			1357	970
			1357	969
			1357	968
			1356	967
			1356	966
			1356	965
			1355	964
			1355	963
			1355	962
			1354	961
			1354	960
			1354	959
			1353	958
			1353	957
			1353	956
			1353	955
			1352	954
			1352	953
			1352	952
			1352	951
			1351	950
			1351	949
			1351	948
			1351	947
			1351	946
			1350	945
			1350	944
			1350	943
			1350	942
			1349	941
			1349	940
			1349	939
			1349	938
			1349	937
			1349	936
			1348	935
			1348	934
			1348	933
			1348	932
			1348	931
			1347	930
			1347	929
			1347	928
			1347	927
			1347	926
			1346	925
			1346	924
			1346	923
			1346	922
			1346	921
			1345	920
			1345	919
			1345	918
			1345	917
			1345	916
			1345	915
			1344	914
			1344	913
			1344	912
			1344	911
			1344	910
			1344	909
			1344	908
			1343	907
			1343	906
			1343	905
			1343	904
			1343	903
			1343	902
			1342	902
			1342	901
			1342	900
			1342	899
			1342	898
			1342	897
			1342	896
			1341	895
			1341	894
			1341	893
			1341	892
			1341	891
			1341	890
			1341	889
			1341	888
			1340	887
			1340	886
			1340	885
			1340	884
			1340	883
			1340	882
			1340	881
			1339	880
			1339	879
			1339	878
			1339	877
			1339	876
			1339	875
			1339	874
			1339	873
			1338	872
			1338	871
			1338	870
			1338	869
			1338	868
			1338	867
			1338	866
			1338	865
			1338	864
			1338	863
			1337	862
			1337	861
			1337	860
			1337	859
			1337	858
			1337	857
			1337	856
			1337	855
			1337	854
			1337	853
			1337	852
			1337	851
			1336	850
			1336	849
			1336	848
			1336	847
			1336	846
			1336	845
			1336	844
			1336	843
			1336	842
			1336	841
			1336	840
			1336	839
			1336	838
			1335	837
			1335	836
			1335	835
			1335	834
			1335	833
			1335	832
			1335	831
			1335	830
			1335	829
			1335	828
			1335	827
			1335	826
			1335	825
			1335	824
			1335	823
			1335	822
			1335	821
			1335	820
			1335	819
			1335	818
			1335	817
			1335	816
			1334	815
			1334	814
			1334	813
			1334	812
			1334	811
			1334	810
			1334	809
			1334	808
			1334	807
			1334	806
			1334	805
			1334	804
			1334	803
			1334	802
			1334	801
			1334	800
			1334	799
			1334	798
			1334	797
			1334	796
			1334	795
			1334	794
			1334	793
			1334	792
			1334	791
			1334	790
			1334	789
			1334	788
			1334	787
			1334	786
			1334	785
			1334	784
			1334	783
			1334	782
			1334	781
			1334	780
			1334	779
			1335	778
			1335	777
			1335	776
			1335	775
			1335	774
			1335	773
			1335	772
			1335	771
			1335	770
			1335	769
			1335	768
			1335	767
			1335	766
			1335	765
			1335	764
			1335	763
			1335	762
			1335	761
			1335	760
			1335	759
			1335	758
			1336	757
			1336	756
			1336	755
			1336	754
			1336	753
			1336	752
			1336	751
			1336	750
			1336	749
			1336	748
			1336	747
			1336	746
			1336	745
			1337	744
			1337	743
			1337	742
			1337	741
			1337	740
			1337	739
			1337	738
			1337	737
			1337	736
			1337	735
			1337	734
			1338	733
			1338	732
			1338	731
			1338	730
			1338	729
			1338	728
			1338	727
			1338	726
			1339	725
			1339	724
			1339	723
			1339	722
			1339	721
			1339	720
			1339	719
			1339	718
			1340	717
			1340	716
			1340	715
			1340	714
			1340	713
			1340	712
			1340	711
			1341	710
			1341	709
			1341	708
			1341	707
			1341	706
			1341	705
			1342	704
			1342	703
			1342	702
			1342	701
			1342	700
			1342	699
			1343	698
			1343	697
			1343	696
			1343	695
			1343	694
			1343	693
			1344	692
			1344	691
			1344	690
			1344	689
			1344	688
			1345	687
			1345	686
			1345	685
			1345	684
			1345	683
			1345	682
			1346	681
			1346	680
			1346	679
			1346	678
			1346	677
			1347	676
			1347	675
			1347	674
			1347	673
			1348	672
			1348	671
			1348	670
			1348	669
			1349	668
			1349	667
			1349	666
			1349	665
			1350	664
			1350	663
			1350	662
			1350	661
			1351	660
			1351	659
			1351	658
			1351	657
			1352	656
			1352	655
			1352	654
			1352	653
			1353	652
			1353	651
			1353	650
			1353	649
			1354	648
			1354	647
			1354	646
			1354	645
			1355	644
			1355	643
			1355	642
			1356	641
			1356	640
			1356	639
			1356	638
			1357	637
			1357	636
			1357	635
			1358	634
			1358	633
			1358	632
			1359	631
			1359	630
			1359	629
			1359	628
			1360	627
			1360	626
			1360	625
			1361	624
			1361	623
			1361	622
			1362	621
			1362	620
			1362	619
			1363	618
			1363	617
			1363	616
			1364	616
			1364	615
			1364	614
			1365	613
			1365	612
			1365	611
			1366	610
			1366	609
			1366	608
			1367	607
			1367	606
			1367	605
			1368	604
			1368	603
			1368	602
			1369	601
			1369	600
			1369	599
			1370	598
			1370	597
			1371	596
			1371	595
			1371	594
			1372	593
			1372	592
			1373	591
			1373	590
			1373	589
			1374	589
			1374	588
			1374	587
			1375	586
			1375	585
			1376	584
			1376	583
			1376	582
			1377	581
			1377	580
			1378	579
			1378	578
			1379	577
			1379	576
			1379	575
			1380	574
			1380	573
			1381	572
			1381	571
			1382	570
			1382	569
			1382	568
			1383	567
			1383	566
			1384	565
			1384	564
			1385	563
			1385	562
			1386	561
			1386	560
			1387	559
			1387	558
			1387	557
			1388	556
			1388	555
			1389	555
			1389	554
			1390	553
			1390	552
			1391	551
			1391	550
			1392	549
			1392	548
			1393	547
			1393	546
			1394	545
			1394	544
			1395	543
			1395	542
			1396	541
			1396	540
			1397	539
			1397	538
			1398	537
			1398	536
			1399	535
			1400	534
			1400	533
			1400	532
			1401	532
			1401	531
			1402	530
			1402	529
			1403	528
			1403	527
			1404	526
			1405	525
			1405	524
			1406	523
			1406	522
			1407	521
			1407	520
			1408	519
			1408	518
			1409	517
			1410	516
			1410	515
			1411	514
			1411	513
			1412	512
			1412	511
			1413	510
			1414	509
			1414	508
			1415	507
			1415	506
			1416	506
			1417	505
			1417	504
			1418	503
			1418	502
			1419	501
			1420	500
			1420	499
			1421	498
			1421	497
			1422	496
			1423	495
			1423	494
			1424	493
			1425	492
			1425	491
			1426	490
			1426	489
			1427	488
			1428	487
			1429	486
			1429	485
			1430	484
			1431	483
			1432	482
			1432	481
			1433	480
			1433	479
			1434	478
			1435	477
			1436	476
			1436	475
			1437	474
			1438	473
			1438	472
			1439	471
			1440	470
			1441	469
			1441	468
			1442	467
			1443	466
			1443	465
			1444	464
			1445	463
			1446	462
			1446	461
			1447	461
			1448	460
			1448	459
			1449	458
			1450	457
			1451	456
			1451	455
			1452	454
			1453	453
			1454	452
			1454	451
			1455	450
			1456	449
			1457	448
			1457	447
			1458	446
			1459	445
			1460	444
			1460	443
			1461	443
			1462	442
			1463	441
			1463	440
			1464	439
			1465	438
			1466	437
			1467	436
			1467	435
			1468	434
			1469	433
			1470	432
			1471	431
			1471	430
			1472	429
			1473	429
			1474	428
			1475	427
			1475	426
			1476	425
			1477	424
			1478	423
			1479	422
			1479	421
			1480	420
			1481	419
			1482	418
			1483	417
			1484	417
			1484	416
			1485	415
			1486	414
			1487	414
			1488	413
			1489	413
			1489	412
			1490	412
			1491	411
			1492	411
			1493	410
			1494	409
			1495	408
			1496	408
			1497	407
			1498	407
			1499	406
			1500	405
			1501	405
			1502	404
			1503	404
			1504	403
			1505	402
			1506	402
			1507	401
			1508	401
			1509	400
			1510	399
			1511	399
			1512	398
			1513	398
			1514	397
			1515	396
			1516	396
			1517	395
			1518	395
			1519	394
			1520	394
			1521	393
			1522	392
			1523	392
			1524	391
			1525	391
			1525	390
			1526	390
			1527	389
			1528	389
			1529	388
			1530	387
			1531	387
			1532	386
			1533	386
			1534	385
			1535	385
			1536	384
			1537	384
			1538	383
			1539	383
			1540	382
			1541	382
			1542	381
			1543	380
			1544	380
			1545	379
			1546	379
			1547	378
			1548	378
			1549	377
			1550	377
			1551	376
			1552	376
			1553	375
			1554	375
			1555	374
			1556	374
			1557	373
			1558	373
			1559	372
			1560	372
			1561	371
			1562	371
			1563	370
			1564	370
			1565	369
			1566	369
			1566	368
			1567	368
			1568	367
			1569	367
			1570	367
			1571	366
			1572	366
			1573	365
			1574	365
			1575	364
			1576	364
			1577	363
			1578	363
			1579	362
			1580	362
			1581	361
			1582	361
			1583	361
			1584	360
			1585	360
			1586	359
			1587	359
			1588	358
			1589	358
			1590	357
			1591	357
			1592	357
			1593	356
			1594	356
			1595	355
			1596	355
			1597	354
			1598	354
			1599	354
			1600	353
			1601	353
			1602	352
			1603	352
			1604	352
			1605	351
			1606	351
			1606	350
			1607	350
			1608	350
			1609	349
			1610	349
			1611	348
			1612	348
			1613	348
			1614	347
			1615	347
			1616	346
			1617	346
			1618	346
			1619	345
			1620	345
			1621	345
			1622	344
			1623	344
			1624	343
			1625	343
			1626	343
			1627	342
			1628	342
			1629	342
			1630	341
			1631	341
			1632	341
			1633	340
			1634	340
			1635	340
			1636	339
			1637	339
			1638	339
			1639	338
			1640	338
			1641	338
			1642	337
			1643	337
			1644	336
			1645	336
			1646	336
			1647	336
			1647	335
			1648	335
			1649	335
			1650	334
			1651	334
			1652	334
			1653	333
			1654	333
			1655	333
			1656	333
			1657	332
			1658	332
			1659	332
			1660	331
			1661	331
			1662	331
			1663	330
			1664	330
			1665	330
			1666	329
			1667	329
			1668	329
			1669	329
			1670	328
			1671	328
			1672	328
			1673	327
			1674	327
			1675	327
			1676	327
			1677	326
			1678	326
			1679	326
			1680	326
			1681	325
			1682	325
			1683	325
			1684	324
			1685	324
			1686	324
			1687	324
			1688	323
			1689	323
			1690	323
			1691	323
			1692	322
			1693	322
			1694	322
			1695	322
			1696	322
			1697	321
			1698	321
			1699	321
			1700	321
			1701	321
			1701	320
			1702	320
			1703	320
			1704	320
			1705	320
			1706	319
			1707	319
			1708	319
			1709	319
			1710	319
			1711	318
			1712	318
			1713	318
			1714	318
			1715	318
			1716	317
			1717	317
			1718	317
			1719	317
			1720	317
			1721	316
			1722	316
			1723	316
			1724	316
			1725	316
			1726	316
			1727	316
			1727	315
			1728	315
			1729	315
			1730	315
			1731	315
			1732	315
			1733	315
			1734	314
			1735	314
			1736	314
			1737	314
			1738	314
			1739	314
			1740	313
			1741	313
			1742	313
			1743	313
			1744	313
			1745	313
			1746	313
			1747	312
			1748	312
			1749	312
			1750	312
			1751	312
			1752	312
			1753	312
			1754	312
			1755	312
			1756	311
			1757	311
			1758	311
			1759	311
			1760	311
			1761	311
			1762	311
			1763	311
			1764	311
			1765	311
			1766	310
			1767	310
			1768	310
			1769	310
			1770	310
			1771	310
			1772	310
			1773	310
			1774	310
			1775	310
			1776	310
			1777	310
			1778	310
			1779	309
			1780	309
			1781	309
			1782	309
			1783	309
			1784	309
			1785	309
			1786	309
			1787	309
			1788	309
			1789	309
			1790	309
			1791	309
			1792	309
			1793	309
			1794	309
			1795	309
			1796	309
			1797	309
			1798	309
			1799	309
			1800	309
			1801	309
			1802	309
			1803	309
			1804	309
			1805	309
			1806	308
			1807	308
			1808	308
			1809	308
			1810	308
			1811	308
			1812	308
			1813	308
			1814	308
			1815	309
			1816	309
			1817	309
			1818	309
			1819	309
			1820	309
			1821	309
			1822	309
			1823	309
			1824	309
			1825	309
			1826	309
			1827	309
			1828	309
			1829	309
			1830	309
			1831	309
			1832	309
			1833	309
			1834	309
			1835	309
			1836	309
			1837	309
			1838	309
			1839	309
			1840	309
			1841	309
			1842	310
			1843	310
			1844	310
			1845	310
			1846	310
			1847	310
			1848	310
			1849	310
			1850	310
			1851	310
			1852	310
			1853	310
			1854	310
			1855	311
			1856	311
			1857	311
			1858	311
			1859	311
			1860	311
			1861	311
			1862	311
			1863	311
			1864	311
			1865	312
			1866	312
			1867	312
			1868	312
			1869	312
			1870	312
			1871	312
			1872	312
			1873	313
			1874	313
			1875	313
			1876	313
			1877	313
			1878	313
			1879	313
			1880	314
			1881	314
			1882	314
			1883	314
			1884	314
			1885	314
			1886	314
			1887	315
			1888	315
			1889	315
			1890	315
			1891	315
			1892	315
			1893	316
			1894	316
			1895	316
			1896	316
			1897	316
			1898	316
			1899	317
			1900	317
			1901	317
			1902	317
			1903	317
			1904	318
			1905	318
			1906	318
			1907	318
			1908	318
			1909	319
			1910	319
			1911	319
			1912	319
			1913	319
			1914	320
			1915	320
			1916	320
			1917	320
			1918	320
			1919	321
			1920	321
			1921	321
			1922	321
			1923	322
			1924	322
			1925	322
			1926	322
			1927	323
			1928	323
			1929	323
			1930	323
			1931	324
			1932	324
			1933	324
			1934	324
			1935	325
			1936	325
			1937	325
			1938	325
			1939	326
			1940	326
			1941	326
			1942	326
			1943	327
			1944	327
			1945	327
			1946	327
			1947	328
			1948	328
			1949	328
			1950	329
			1951	329
			1952	329
			1953	329
			1954	330
			1955	330
			1956	330
			1957	331
			1958	331
			1959	331
			1960	332
			1961	332
			1962	332
			1963	333
			1964	333
			1965	333
			1966	333
			1967	334
			1968	334
			1969	334
			1970	335
			1971	335
			1972	335
			1973	336
			1974	336
			1975	336
			1976	337
			1977	337
			1978	337
			1979	338
			1980	338
			1981	338
			1982	339
			1983	339
			1984	340
			1985	340
			1986	340
			1987	341
			1988	341
			1989	341
			1990	342
			1991	342
			1992	342
			1993	343
			1994	343
			1995	344
			1996	344
			1997	344
			1998	345
			1999	345
			2000	346
			2001	346
			2002	346
			2003	347
			2004	347
			2005	347
			2006	348
			2007	348
			2008	349
			2009	349
			2010	350
			2011	350
			2012	350
			2013	351
			2014	351
			2015	352
			2016	352
			2017	352
			2018	353
			2019	353
			2020	354
			2021	354
			2022	355
			2023	355
			2024	355
			2025	356
			2026	356
			2027	357
			2028	357
			2029	358
			2030	358
			2031	359
			2032	359
			2033	359
			2034	360
			2035	360
			2036	361
			2037	361
			2038	362
			2039	362
			2040	363
			2041	363
			2042	364
			2043	364
			2044	365
			2045	365
			2046	366
			2047	366
			2048	367
			2049	367
			2050	368
			2051	368
			2052	369
			2053	369
			2054	370
			2055	370
			2056	371
			2057	371
			2058	372
			2059	372
			2060	373
			2061	373
			2062	374
			2063	374
			2064	375
			2065	375
			2066	376
			2067	376
			2068	377
			2069	377
			2070	378
			2071	378
			2072	379
			2073	379
			2074	380
			2075	380
			2076	381
			2077	382
			2078	382
			2079	383
			2080	383
			2081	384
			2082	384
			2083	385
			2084	385
			2085	386
			2086	387
			2087	387
			2088	388
			2089	388
			2090	389
			2091	389
			2092	390
			2093	391
			2094	391
			2095	392
			2096	392
			2097	393
			2098	394
			2099	394
			2100	395
			2101	395
			2102	396
			2103	397
			2104	397
			2105	398
			2106	398
			2107	399
			2108	400
			2109	400
			2110	401
			2111	401
			2112	402
			2113	403
			2114	403
			2115	404
			2116	404
			2117	405
			2118	406
			2119	406
			2120	407
			2121	408
			2122	408
			2123	409
			2124	410
			2125	410
			2126	411
			2127	412
			2128	412
			2129	413
			2130	413
			2131	414
			2132	415
			2133	415
			2134	416
			2135	417
			2136	417
			2137	418
			2138	419
			2139	419
			2140	420
			2141	421
			2142	422
			2143	423
			2144	424
			2145	425
			2146	426
			2147	427
			2148	428
			2149	429
			2150	430
			2151	431
			2152	432
			2153	433
			2154	434
			2155	435
			2156	436
			2157	437
			2158	438
			2159	439
			2160	440
			2161	441
			2162	442
			2163	443
			2164	444
			2165	445
			2166	446
			2167	447
			2168	448
			2169	449
			2170	450
			2171	451
			2172	452
			2173	453
			2174	454
			2175	455
			2176	456
			2177	457
			2178	458
			2179	459
			2180	460
			2180	461
			2181	462
			2182	462
			2182	463
			2183	464
			2184	465
			2185	466
			2186	467
			2187	468
			2187	469
			2188	470
			2189	470
			2189	471
			2190	472
			2191	473
			2192	474
			2193	475
			2193	476
			2194	477
			2195	478
			2196	479
			2196	480
			2197	480
			2198	481
			2199	482
			2199	483
			2200	484
			2201	485
			2202	486
			2202	487
			2203	488
			2204	489
			2205	490
			2205	491
			2206	491
			2207	492
			2208	493
			2208	494
			2209	495
			2210	496
			2210	497
			2211	498
			2212	499
			2213	500
			2213	501
			2214	502
			2215	503
			2216	504
			2217	505
			2217	506
			2218	506
			2218	507
			2219	508
			2220	509
			2221	510
			2221	511
			2222	512
			2222	513
			2223	514
			2224	515
			2225	516
			2225	517
			2226	518
			2227	519
			2227	520
			2228	521
			2229	522
			2229	523
			2230	524
			2231	525
			2231	526
			2232	527
			2233	528
			2233	529
			2234	530
			2235	531
			2235	532
			2236	533
			2237	534
			2237	535
			2238	536
			2239	537
			2239	538
			2240	539
			2240	540
			2241	541
			2242	542
			2242	543
			2243	544
			2244	545
			2244	546
			2245	547
			2245	548
			2246	549
			2247	550
			2247	551
			2248	552
			2248	553
			2249	554
			2249	555
			2250	556
			2251	557
			2251	558
			2252	559
			2252	560
			2253	561
			2254	562
			2254	563
			2255	564
			2255	565
			2256	566
			2256	567
			2257	568
			2257	569
			2258	570
			2259	571
			2259	572
			2260	573
			2260	574
			2261	575
			2261	576
			2262	577
			2262	578
			2263	579
			2263	580
			2264	581
			2264	582
			2265	583
			2265	584
			2266	585
			2266	586
			2267	587
			2267	588
			2268	589
			2268	590
			2269	591
			2269	592
			2270	593
			2270	594
			2270	595
			2271	596
			2271	597
			2272	598
			2272	599
			2273	600
			2273	601
			2274	602
			2274	603
			2275	604
			2275	605
			2275	606
			2276	607
			2276	608
			2277	609
			2277	610
			2278	611
			2278	612
			2279	613
			2279	614
			2279	615
			2280	616
			2280	617
			2280	618
			2281	619
			2281	620
			2282	621
			2282	622
			2282	623
			2283	624
			2283	625
			2283	626
			2284	627
			2284	628
			2285	629
			2285	630
			2286	631
			2286	632
			2286	633
			2286	634
			2287	634
			2287	635
			2287	636
			2288	637
			2288	638
			2288	639
			2289	640
			2289	641
			2289	642
			2290	643
			2290	644
			2290	645
			2291	646
			2291	647
			2291	648
			2292	649
			2292	650
			2292	651
			2293	652
			2293	653
			2293	654
			2294	655
			2294	656
			2294	657
			2295	658
			2295	659
			2295	660
			2295	661
			2296	662
			2296	663
			2296	664
			2297	665
			2297	666
			2297	667
			2298	668
			2298	669
			2298	670
			2298	671
			2299	672
			2299	673
			2299	674
			2299	675
			2300	676
			2300	677
			2300	678
			2300	679
			2301	680
			2301	681
			2301	682
			2301	683
			2302	684
			2302	685
			2302	686
			2302	687
			2302	688
			2303	689
			2303	690
			2303	691
			2303	692
			2304	693
			2304	694
			2304	695
			2304	696
			2304	697
			2305	698
			2305	699
			2305	700
			2305	701
			2306	702
			2306	703
			2306	704
			2306	705
			2306	706
			2306	707
			2307	708
			2307	709
			2307	710
			2307	711
			2307	712
			2308	713
			2308	714
			2308	715
			2308	716
			2308	717
			2308	718
			2309	719
			2309	720
			2309	721
			2309	722
			2309	723
			2309	724
			2310	725
			2310	726
			2310	727
			2310	728
			2310	729
			2310	730
			2310	731
			2311	732
			2311	733
			2311	734
			2311	735
			2311	736
			2311	737
			2311	738
			2311	739
			2312	740
			2312	741
			2312	742
			2312	743
			2312	744
			2312	745
			2312	746
			2312	747
			2312	748
			2312	749
			2313	750
			2313	751
			2313	752
			2313	753
			2313	754
			2313	755
			2313	756
			2313	757
			2313	758
			2313	759
			2313	760
			2314	761
			2314	762
			2314	763
			2314	764
			2314	765
			2314	766
			2314	767
			2314	768
			2314	769
			2314	770
			2314	771
			2314	772
			2314	773
			2314	774
			2314	775
			2314	776
			2314	777
			2315	778
			2315	779
			2315	780
			2315	781
			2315	782
			2315	783
			2315	784
			2315	785
			2315	786
			2315	787
			2315	788
			2315	789
			2315	790
			2315	791
			2315	792
			2315	793
			2315	794
			2315	795
			2315	796
			2315	797
			2315	798
			2315	799
			2315	800
			2315	801
			2315	802
			2315	803
			2315	804
			2315	805
			2315	806
			2315	807
			2315	808
			2315	809
			2315	810
			2315	811
			2315	812
			2314	813
			2314	814
			2314	815
			2314	816
			2314	817
			2314	818
			2314	819
			2314	820
			2314	821
			2314	822
			2314	823
			2314	824
			2314	825
			2314	826
			2314	827
			2314	828
			2314	829
			2313	830
			2313	831
			2313	832
			2313	833
			2313	834
			2313	835
			2313	836
			2313	837
			2313	838
			2313	839
			2313	840
			2312	841
			2312	842
			2312	843
			2312	844
			2312	845
			2312	846
			2312	847
			2312	848
			2312	849
			2312	850
			2311	851
			2311	852
			2311	853
			2311	854
			2311	855
			2311	856
			2311	857
			2311	858
			2311	859
			2310	860
			2310	861
			2310	862
			2310	863
			2310	864
			2310	865
			2310	866
			2309	867
			2309	868
			2309	869
			2309	870
			2309	871
			2309	872
			2309	873
			2308	874
			2308	875
			2308	876
			2308	877
			2308	878
			2308	879
			2308	880
			2307	881
			2307	882
			2307	883
			2307	884
			2307	885
			2307	886
			2306	887
			2306	888
			2306	889
			2306	890
			2306	891
			2306	892
			2305	893
			2305	894
			2305	895
			2305	896
			2305	897
			2304	897
			2304	898
			2304	899
			2304	900
			2304	901
			2304	902
			2303	903
			2303	904
			2303	905
			2303	906
			2303	907
			2302	908
			2302	909
			2302	910
			2302	911
			2302	912
			2301	913
			2301	914
			2301	915
			2301	916
			2300	916
			2300	917
			2300	918
			2300	919
			2300	920
			2299	921
			2299	922
			2299	923
			2299	924
			2298	925
			2298	926
			2298	927
			2298	928
			2297	929
			2297	930
			2297	931
			2296	932
			2296	933
			2296	934
			2296	935
			2295	936
			2295	937
			2295	938
			2295	939
			2295	940
			2294	940
			2294	941
			2294	942
			2294	943
			2293	944
			2293	945
			2293	946
			2292	947
			2292	948
			2292	949
			2292	950
			2291	951
			2291	952
			2291	953
			2290	954
			2290	955
			2290	956
			2289	957
			2289	958
			2289	959
			2288	960
			2288	961
			2288	962
			2287	963
			2287	964
			2287	965
			2286	966
			2286	967
			2286	968
			2285	969
			2285	970
			2285	971
			2284	972
			2284	973
			2284	974
			2283	975
			2283	976
			2283	977
			2282	978
			2282	979
			2281	980
			2281	981
			2281	982
			2280	983
			2280	984
			2279	985
			2279	986
			2279	987
			2278	988
			2278	989
			2277	990
			2277	991
			2277	992
			2276	993
			2276	994
			2275	995
			2275	996
			2275	997
			2274	998
			2274	999
			2273	1000
			2273	1001
			2273	1002
			2272	1002
			2272	1003
			2271	1004
			2271	1005
			2271	1006
			2270	1007
			2270	1008
			2269	1009
			2269	1010
			2268	1011
			2268	1012
			2268	1013
			2267	1014
			2267	1015
			2266	1016
			2266	1017
			2265	1017
			2265	1018
			2265	1019
			2264	1020
			2264	1021
			2263	1022
			2263	1023
			2262	1024
			2262	1025
			2261	1026
			2261	1027
			2260	1028
			2260	1029
			2259	1030
			2258	1031
			2258	1032
			2258	1033
			2257	1033
			2257	1034
			2257	1035
			2256	1035
			2256	1036
			2256	1037
			2255	1037
			2255	1038
			2255	1039
			2254	1039
			2254	1040
			2254	1041
			2253	1041
			2253	1042
			2253	1043
			2252	1043
			2252	1044
			2251	1044
			2251	1045
			2251	1046
			2250	1046
			2250	1047
			2250	1048
			2249	1048
			2249	1049
			2249	1050
			2248	1050
			2248	1051
			2247	1052
			2247	1053
			2246	1054
			2245	1055
			2245	1056
			2244	1057
			2244	1058
			2243	1058
			2243	1059
			2242	1060
			2242	1061
			2241	1062
			2240	1063
			2240	1064
			2239	1065
			2239	1066
			2238	1067
			2238	1068
			2237	1068
			2236	1069
			2236	1070
			2235	1071
			2235	1072
			2234	1073
			2234	1074
			2233	1075
			2232	1076
			2231	1077
			2231	1078
			2230	1079
			2229	1080
			2229	1081
			2228	1081
			2228	1082
			2228	1083
			2227	1083
			2227	1084
			2226	1084
			2226	1085
			2225	1086
			2225	1087
			2224	1088
			2223	1089
			2222	1090
			2222	1091
			2221	1092
			2220	1093
			2219	1094
			2219	1095
			2218	1096
			2217	1097
			2217	1098
			2216	1099
			2215	1099
			2215	1100
			2214	1101
			2213	1102
			2213	1103
			2212	1104
			2211	1105
			2211	1106
			2210	1106
			2209	1107
			2208	1108
			2208	1109
			2207	1110
			2206	1111
			2206	1112
			2205	1113
			2204	1113
			2204	1114
			2203	1115
			2202	1116
			2201	1117
			2201	1118
			2200	1119
			2199	1119
			2199	1120
			2198	1121
			2197	1122
			2196	1123
			2196	1124
			2195	1124
			2194	1125
			2193	1126
			2193	1127
			2192	1128
			2191	1129
			2190	1129
			2190	1130
			2189	1131
		</Eye>
	</curves.pixel>
	<ruler.points type=matrix rownames=TRUE colnames=FALSE nrow=2 ncol=2 as.numeric=TRUE >
		Ruler point 1	2	1894
		Ruler point 2	104	1894
	</ruler.points>
</shapes>

