<shapes type=list>
	<scaling type=logical names=FALSE length=1 as.numeric=FALSE >NA</scaling>
	<landmarks.pixel type=matrix rownames=TRUE colnames=FALSE nrow=11 ncol=2 as.numeric=TRUE >
		LM1Forehead	1775	355
		LM2UJFront	2298	1470
		LM3UJBack	1769	1528
		LM4LacOrb	1807	1079
		LM5QJoint	1698	1572
		LM6IOPL	1635	1693
		LM7IOPSOP	716	1619
		LM8A2A1	1035	1204
		LM9A1A3	989	805
		LM10TopMuscR	917	642
		LM11TopMuscL	519	531
	</landmarks.pixel>
	<curves.control type=list>
		<Profile type=matrix rownames=FALSE colnames=FALSE nrow=7 ncol=2 as.numeric=TRUE >
			1775	355
			2007	527
			2232	807
			2435	1046
			2479	1301
			2435	1581
			2298	1470
		</Profile>
		<Eye type=matrix rownames=FALSE colnames=FALSE nrow=13 ncol=2 as.numeric=TRUE >
			1807	1079
			1653	1192
			1441	1141
			1229	1055
			1188	816
			1188	580
			1369	454
			1599	362
			1783	491
			1920	594
			1937	799
			1937	953
			1807	1079
		</Eye>
	</curves.control>
	<curves.pixel type=list>
		<Profile type=matrix rownames=FALSE colnames=FALSE nrow=1329 ncol=2 as.numeric=TRUE >
			1775	355
			1776	356
			1777	356
			1778	357
			1779	358
			1780	358
			1780	359
			1781	360
			1782	360
			1783	361
			1784	362
			1785	362
			1786	363
			1787	364
			1788	365
			1789	365
			1790	366
			1790	367
			1791	367
			1792	368
			1793	369
			1794	369
			1795	370
			1796	371
			1797	371
			1798	372
			1799	373
			1800	374
			1801	374
			1801	375
			1802	376
			1803	376
			1804	377
			1805	378
			1806	378
			1807	379
			1808	380
			1809	381
			1810	381
			1811	382
			1811	383
			1812	383
			1813	384
			1814	385
			1815	386
			1816	386
			1817	387
			1818	388
			1819	388
			1820	389
			1821	390
			1821	391
			1822	391
			1823	392
			1824	393
			1825	393
			1826	394
			1827	395
			1828	396
			1829	396
			1830	397
			1830	398
			1831	398
			1832	399
			1833	400
			1834	401
			1835	401
			1836	402
			1837	403
			1838	404
			1839	404
			1840	405
			1840	406
			1841	407
			1842	407
			1843	408
			1844	409
			1845	410
			1846	410
			1847	411
			1848	412
			1849	412
			1850	413
			1850	414
			1851	415
			1852	415
			1853	416
			1854	417
			1855	418
			1856	418
			1857	419
			1858	420
			1859	421
			1860	421
			1860	422
			1861	423
			1862	424
			1863	424
			1864	425
			1865	426
			1866	427
			1867	428
			1868	428
			1869	429
			1870	430
			1870	431
			1871	431
			1872	432
			1873	433
			1874	434
			1875	434
			1876	435
			1877	436
			1878	437
			1879	437
			1879	438
			1880	439
			1881	440
			1882	441
			1883	441
			1884	442
			1885	443
			1886	444
			1887	444
			1888	445
			1889	446
			1889	447
			1890	448
			1891	448
			1892	449
			1893	450
			1894	451
			1895	451
			1896	452
			1897	453
			1898	454
			1898	455
			1899	455
			1900	456
			1901	457
			1902	458
			1903	459
			1904	459
			1905	460
			1906	461
			1907	462
			1907	463
			1908	463
			1909	464
			1910	465
			1911	466
			1912	467
			1913	467
			1914	468
			1915	469
			1916	470
			1917	471
			1918	472
			1919	473
			1920	474
			1921	474
			1921	475
			1922	475
			1923	476
			1923	477
			1924	477
			1925	478
			1926	479
			1927	480
			1928	481
			1929	482
			1930	482
			1930	483
			1931	484
			1932	484
			1933	485
			1933	486
			1934	487
			1935	487
			1936	488
			1937	489
			1938	490
			1939	491
			1940	492
			1941	493
			1942	494
			1943	494
			1944	495
			1945	496
			1946	497
			1947	498
			1947	499
			1948	500
			1949	500
			1950	501
			1951	502
			1952	503
			1953	504
			1954	505
			1955	506
			1956	507
			1957	507
			1958	508
			1959	509
			1960	510
			1961	511
			1961	512
			1962	513
			1963	514
			1964	514
			1965	515
			1966	516
			1967	517
			1968	518
			1969	519
			1970	520
			1971	521
			1972	521
			1973	522
			1974	523
			1975	524
			1975	525
			1976	526
			1977	527
			1978	528
			1979	529
			1980	530
			1981	530
			1982	531
			1983	532
			1984	533
			1985	534
			1986	535
			1987	536
			1988	537
			1989	538
			1989	539
			1990	539
			1991	540
			1992	541
			1993	542
			1994	543
			1995	544
			1996	545
			1997	546
			1998	547
			1999	548
			2000	549
			2001	549
			2002	550
			2003	551
			2003	552
			2004	553
			2005	554
			2006	555
			2007	556
			2008	557
			2009	558
			2010	559
			2011	560
			2012	561
			2013	561
			2014	562
			2015	563
			2016	564
			2016	565
			2017	566
			2018	567
			2019	568
			2020	569
			2021	570
			2022	571
			2023	572
			2024	573
			2025	574
			2026	575
			2027	575
			2028	576
			2029	577
			2029	578
			2030	579
			2031	580
			2032	581
			2033	582
			2034	583
			2035	584
			2036	585
			2037	586
			2038	587
			2039	588
			2040	589
			2041	590
			2042	591
			2042	592
			2043	593
			2044	594
			2045	594
			2046	595
			2047	596
			2048	597
			2049	598
			2050	599
			2051	600
			2052	601
			2053	602
			2054	603
			2055	604
			2055	605
			2056	606
			2057	607
			2058	608
			2059	609
			2060	610
			2061	611
			2062	612
			2063	613
			2064	614
			2065	615
			2066	616
			2067	617
			2068	618
			2068	619
			2069	620
			2070	621
			2071	622
			2072	623
			2073	624
			2074	625
			2075	626
			2076	627
			2077	628
			2078	629
			2079	630
			2080	631
			2080	632
			2081	633
			2082	634
			2083	635
			2084	636
			2085	637
			2086	638
			2087	639
			2088	640
			2089	641
			2090	642
			2091	643
			2092	644
			2093	645
			2093	646
			2094	647
			2095	648
			2096	649
			2097	650
			2098	651
			2099	652
			2100	653
			2101	654
			2102	655
			2103	656
			2104	657
			2105	658
			2105	659
			2106	660
			2107	661
			2108	662
			2109	663
			2110	664
			2111	665
			2112	666
			2113	667
			2114	668
			2115	669
			2116	670
			2117	671
			2117	672
			2118	673
			2119	674
			2120	675
			2121	676
			2122	677
			2123	678
			2124	679
			2125	680
			2126	681
			2127	682
			2128	683
			2129	684
			2129	685
			2130	686
			2131	687
			2132	688
			2133	689
			2134	690
			2134	691
			2135	692
			2136	693
			2137	694
			2138	695
			2139	696
			2139	697
			2140	698
			2141	699
			2142	699
			2143	700
			2143	701
			2144	702
			2145	703
			2146	704
			2147	705
			2147	706
			2148	707
			2149	708
			2150	709
			2151	710
			2152	711
			2153	712
			2154	713
			2154	714
			2155	714
			2155	715
			2156	716
			2157	716
			2157	717
			2158	718
			2159	719
			2160	720
			2161	721
			2161	722
			2162	723
			2163	724
			2164	725
			2165	726
			2166	727
			2167	728
			2167	729
			2168	730
			2169	731
			2170	732
			2171	733
			2172	734
			2172	735
			2173	736
			2174	737
			2175	738
			2176	739
			2177	740
			2177	741
			2178	742
			2179	743
			2180	744
			2181	745
			2181	746
			2182	747
			2183	748
			2184	749
			2185	750
			2186	750
			2186	751
			2187	752
			2188	753
			2189	754
			2190	755
			2191	756
			2191	757
			2192	758
			2193	759
			2194	760
			2195	761
			2195	762
			2196	763
			2197	764
			2198	765
			2199	766
			2200	767
			2200	768
			2201	769
			2202	770
			2203	771
			2204	772
			2205	773
			2205	774
			2206	775
			2207	776
			2208	777
			2209	778
			2209	779
			2210	780
			2211	781
			2212	782
			2213	783
			2214	784
			2214	785
			2215	786
			2216	787
			2217	788
			2218	789
			2218	790
			2219	791
			2220	792
			2221	793
			2222	794
			2223	795
			2223	796
			2224	797
			2225	798
			2226	799
			2227	800
			2228	801
			2228	802
			2229	803
			2230	804
			2230	805
			2231	805
			2231	806
			2232	807
			2233	808
			2233	809
			2234	810
			2235	811
			2236	812
			2237	813
			2238	814
			2239	815
			2240	816
			2240	817
			2241	818
			2242	819
			2243	820
			2244	821
			2245	822
			2246	823
			2247	824
			2247	825
			2248	826
			2248	827
			2249	827
			2250	828
			2250	829
			2251	829
			2251	830
			2252	831
			2253	832
			2254	833
			2255	834
			2255	835
			2256	836
			2256	837
			2257	837
			2258	838
			2258	839
			2259	840
			2260	841
			2261	842
			2262	843
			2262	844
			2263	845
			2264	846
			2264	847
			2265	847
			2266	848
			2267	849
			2267	850
			2268	851
			2269	852
			2269	853
			2270	854
			2271	855
			2272	856
			2272	857
			2273	857
			2274	858
			2274	859
			2275	860
			2276	861
			2276	862
			2277	863
			2278	864
			2279	865
			2279	866
			2280	867
			2281	868
			2282	869
			2283	870
			2283	871
			2284	872
			2285	873
			2286	874
			2286	875
			2287	876
			2288	877
			2288	878
			2289	878
			2289	879
			2290	880
			2291	881
			2292	882
			2292	883
			2293	884
			2294	885
			2294	886
			2295	887
			2296	888
			2297	889
			2297	890
			2298	891
			2299	892
			2299	893
			2300	894
			2301	895
			2301	896
			2302	896
			2303	897
			2303	898
			2304	899
			2305	900
			2305	901
			2306	902
			2307	903
			2307	904
			2308	905
			2309	906
			2309	907
			2310	908
			2311	909
			2311	910
			2312	911
			2313	912
			2313	913
			2314	914
			2315	915
			2316	916
			2317	917
			2317	918
			2318	919
			2318	920
			2319	921
			2320	922
			2321	923
			2321	924
			2322	925
			2323	926
			2323	927
			2324	928
			2325	929
			2325	930
			2326	931
			2327	932
			2327	933
			2328	934
			2329	935
			2329	936
			2330	937
			2331	938
			2331	939
			2332	940
			2333	941
			2333	942
			2334	943
			2334	944
			2335	945
			2336	946
			2336	947
			2337	948
			2338	949
			2338	950
			2339	951
			2340	952
			2340	953
			2341	954
			2341	955
			2342	956
			2343	957
			2343	958
			2344	959
			2345	960
			2345	961
			2346	962
			2346	963
			2347	964
			2348	965
			2348	966
			2349	967
			2350	968
			2350	969
			2351	970
			2351	971
			2352	972
			2353	973
			2353	974
			2354	975
			2354	976
			2355	977
			2356	978
			2356	979
			2357	980
			2357	981
			2358	982
			2359	983
			2359	984
			2360	985
			2360	986
			2361	987
			2361	988
			2362	989
			2363	990
			2363	991
			2364	992
			2364	993
			2365	994
			2366	995
			2366	996
			2367	997
			2367	998
			2368	999
			2368	1000
			2369	1001
			2370	1002
			2370	1003
			2371	1004
			2371	1005
			2372	1006
			2372	1007
			2373	1008
			2373	1009
			2374	1010
			2375	1011
			2375	1012
			2376	1013
			2376	1014
			2377	1015
			2377	1016
			2378	1017
			2378	1018
			2379	1019
			2379	1020
			2380	1021
			2381	1022
			2381	1023
			2382	1024
			2382	1025
			2383	1026
			2383	1027
			2384	1028
			2384	1029
			2385	1030
			2385	1031
			2386	1032
			2386	1033
			2387	1034
			2387	1035
			2388	1036
			2388	1037
			2389	1038
			2390	1039
			2390	1040
			2391	1041
			2391	1042
			2392	1043
			2392	1044
			2393	1045
			2393	1046
			2394	1047
			2394	1048
			2395	1049
			2395	1050
			2396	1051
			2396	1052
			2397	1053
			2397	1054
			2398	1055
			2398	1056
			2399	1057
			2399	1058
			2400	1059
			2400	1060
			2401	1061
			2401	1062
			2402	1063
			2402	1064
			2403	1065
			2403	1066
			2403	1067
			2404	1068
			2404	1069
			2405	1070
			2405	1071
			2406	1072
			2406	1073
			2407	1074
			2407	1075
			2408	1076
			2408	1077
			2409	1078
			2409	1079
			2410	1080
			2410	1081
			2411	1082
			2411	1083
			2411	1084
			2412	1085
			2412	1086
			2413	1087
			2413	1088
			2414	1089
			2414	1090
			2415	1091
			2415	1092
			2416	1093
			2416	1094
			2416	1095
			2417	1096
			2417	1097
			2418	1098
			2418	1099
			2419	1100
			2419	1101
			2419	1102
			2420	1103
			2420	1104
			2421	1105
			2421	1106
			2422	1107
			2422	1108
			2423	1109
			2423	1110
			2423	1111
			2424	1112
			2424	1113
			2425	1114
			2425	1115
			2425	1116
			2426	1117
			2426	1118
			2427	1119
			2427	1120
			2428	1121
			2428	1122
			2428	1123
			2429	1124
			2429	1125
			2429	1126
			2430	1127
			2430	1128
			2431	1129
			2431	1130
			2431	1131
			2432	1132
			2432	1133
			2432	1134
			2433	1135
			2433	1136
			2434	1137
			2434	1138
			2434	1139
			2435	1140
			2435	1141
			2435	1142
			2436	1143
			2436	1144
			2437	1145
			2437	1146
			2438	1147
			2438	1148
			2438	1149
			2438	1150
			2439	1150
			2439	1151
			2439	1152
			2440	1153
			2440	1154
			2440	1155
			2441	1156
			2441	1157
			2441	1158
			2442	1158
			2442	1159
			2442	1160
			2442	1161
			2443	1162
			2443	1163
			2443	1164
			2444	1165
			2444	1166
			2444	1167
			2445	1168
			2445	1169
			2446	1170
			2446	1171
			2446	1172
			2446	1173
			2447	1173
			2447	1174
			2447	1175
			2448	1176
			2448	1177
			2448	1178
			2449	1179
			2449	1180
			2449	1181
			2450	1182
			2450	1183
			2450	1184
			2450	1185
			2451	1186
			2451	1187
			2451	1188
			2452	1189
			2452	1190
			2452	1191
			2453	1192
			2453	1193
			2453	1194
			2454	1195
			2454	1196
			2454	1197
			2455	1198
			2455	1199
			2455	1200
			2455	1201
			2456	1201
			2456	1202
			2456	1203
			2456	1204
			2457	1205
			2457	1206
			2457	1207
			2458	1208
			2458	1209
			2458	1210
			2458	1211
			2459	1212
			2459	1213
			2459	1214
			2460	1215
			2460	1216
			2460	1217
			2460	1218
			2461	1219
			2461	1220
			2461	1221
			2461	1222
			2462	1223
			2462	1224
			2462	1225
			2463	1226
			2463	1227
			2463	1228
			2463	1229
			2464	1230
			2464	1231
			2464	1232
			2464	1233
			2465	1234
			2465	1235
			2465	1236
			2465	1237
			2466	1238
			2466	1239
			2466	1240
			2466	1241
			2467	1242
			2467	1243
			2467	1244
			2467	1245
			2468	1246
			2468	1247
			2468	1248
			2468	1249
			2469	1250
			2469	1251
			2469	1252
			2469	1253
			2469	1254
			2470	1255
			2470	1256
			2470	1257
			2470	1258
			2471	1259
			2471	1260
			2471	1261
			2471	1262
			2471	1263
			2472	1264
			2472	1265
			2472	1266
			2472	1267
			2473	1268
			2473	1269
			2473	1270
			2473	1271
			2473	1272
			2474	1273
			2474	1274
			2474	1275
			2474	1276
			2474	1277
			2475	1278
			2475	1279
			2475	1280
			2475	1281
			2475	1282
			2476	1283
			2476	1284
			2476	1285
			2476	1286
			2476	1287
			2477	1288
			2477	1289
			2477	1290
			2477	1291
			2477	1292
			2477	1293
			2478	1294
			2478	1295
			2478	1296
			2478	1297
			2478	1298
			2479	1299
			2479	1300
			2479	1301
			2479	1302
			2479	1303
			2479	1304
			2478	1305
			2478	1306
			2478	1307
			2478	1308
			2478	1309
			2478	1310
			2477	1311
			2477	1312
			2477	1313
			2477	1314
			2477	1315
			2477	1316
			2476	1316
			2476	1317
			2476	1318
			2476	1319
			2476	1320
			2476	1321
			2475	1322
			2475	1323
			2475	1324
			2475	1325
			2475	1326
			2475	1327
			2474	1328
			2474	1329
			2474	1330
			2474	1331
			2474	1332
			2473	1333
			2473	1334
			2473	1335
			2473	1336
			2473	1337
			2472	1338
			2472	1339
			2472	1340
			2472	1341
			2472	1342
			2471	1343
			2471	1344
			2471	1345
			2471	1346
			2471	1347
			2470	1348
			2470	1349
			2470	1350
			2470	1351
			2470	1352
			2469	1352
			2469	1353
			2469	1354
			2469	1355
			2469	1356
			2468	1357
			2468	1358
			2468	1359
			2468	1360
			2467	1361
			2467	1362
			2467	1363
			2467	1364
			2467	1365
			2466	1366
			2466	1367
			2466	1368
			2466	1369
			2465	1370
			2465	1371
			2465	1372
			2465	1373
			2464	1374
			2464	1375
			2464	1376
			2463	1377
			2463	1378
			2463	1379
			2463	1380
			2462	1381
			2462	1382
			2462	1383
			2462	1384
			2461	1385
			2461	1386
			2461	1387
			2460	1388
			2460	1389
			2460	1390
			2460	1391
			2459	1392
			2459	1393
			2459	1394
			2458	1395
			2458	1396
			2458	1397
			2457	1398
			2457	1399
			2457	1400
			2457	1401
			2456	1401
			2456	1402
			2456	1403
			2456	1404
			2455	1404
			2455	1405
			2455	1406
			2455	1407
			2454	1408
			2454	1409
			2454	1410
			2453	1411
			2453	1412
			2452	1413
			2452	1414
			2452	1415
			2451	1416
			2451	1417
			2451	1418
			2450	1419
			2450	1420
			2449	1421
			2449	1422
			2449	1423
			2448	1424
			2448	1425
			2448	1426
			2447	1427
			2447	1428
			2446	1429
			2446	1430
			2446	1431
			2445	1431
			2445	1432
			2444	1433
			2444	1434
			2444	1435
			2443	1436
			2443	1437
			2443	1438
			2442	1438
			2442	1439
			2441	1440
			2441	1441
			2441	1442
			2440	1443
			2439	1444
			2439	1445
			2438	1446
			2438	1447
			2437	1448
			2437	1449
			2436	1450
			2436	1451
			2435	1452
			2435	1453
			2434	1454
			2433	1455
			2433	1456
			2432	1457
			2431	1458
			2431	1459
			2430	1460
			2430	1461
			2429	1462
			2428	1463
			2428	1464
			2427	1465
			2426	1466
			2426	1467
			2425	1468
			2424	1469
			2424	1470
			2423	1471
			2422	1471
			2422	1472
			2421	1473
			2420	1474
			2420	1475
			2419	1476
			2418	1476
			2418	1477
			2417	1478
			2416	1479
			2415	1480
			2414	1481
			2413	1482
			2412	1483
			2411	1484
			2410	1485
			2409	1485
			2408	1486
			2408	1487
			2407	1488
			2406	1488
			2405	1489
			2404	1490
			2403	1490
			2402	1491
			2401	1491
			2401	1492
			2400	1493
			2399	1493
			2398	1494
			2397	1494
			2396	1495
			2395	1495
			2394	1496
			2393	1496
			2392	1496
			2391	1497
			2390	1497
			2389	1498
			2388	1498
			2387	1498
			2387	1499
			2386	1499
			2385	1499
			2384	1500
			2383	1500
			2382	1500
			2381	1500
			2380	1500
			2379	1501
			2378	1501
			2377	1501
			2376	1501
			2375	1501
			2374	1501
			2373	1501
			2372	1501
			2371	1501
			2370	1501
			2369	1502
			2368	1502
			2367	1502
			2367	1501
			2366	1501
			2365	1501
			2364	1501
			2363	1501
			2362	1501
			2361	1501
			2360	1501
			2359	1501
			2358	1501
			2357	1501
			2356	1500
			2355	1500
			2354	1500
			2353	1500
			2352	1500
			2351	1499
			2350	1499
			2349	1499
			2348	1499
			2347	1498
			2346	1498
			2345	1498
			2344	1497
			2343	1497
			2342	1497
			2341	1496
			2340	1496
			2339	1496
			2338	1495
			2337	1495
			2336	1494
			2335	1494
			2334	1493
			2333	1493
			2332	1492
			2331	1492
			2330	1491
			2329	1491
			2328	1490
			2327	1490
			2326	1489
			2325	1489
			2324	1488
			2323	1488
			2322	1487
			2321	1486
			2320	1486
			2319	1485
			2318	1484
			2317	1484
			2316	1483
			2315	1482
			2314	1482
			2313	1481
			2312	1480
			2311	1479
			2310	1479
			2309	1479
			2309	1478
			2308	1478
			2307	1477
			2306	1476
			2305	1475
			2304	1475
			2303	1474
			2302	1473
			2301	1472
			2300	1471
			2299	1471
			2298	1470
		</Profile>
		<Eye type=matrix rownames=FALSE colnames=FALSE nrow=2209 ncol=2 as.numeric=TRUE >
			1807	1079
			1806	1080
			1805	1080
			1805	1081
			1804	1081
			1803	1082
			1802	1082
			1801	1083
			1801	1084
			1800	1084
			1799	1085
			1798	1085
			1797	1086
			1796	1087
			1795	1088
			1794	1088
			1793	1089
			1792	1089
			1791	1090
			1790	1091
			1789	1091
			1788	1092
			1787	1093
			1786	1093
			1785	1094
			1784	1095
			1783	1095
			1782	1096
			1781	1096
			1780	1097
			1779	1098
			1778	1098
			1778	1099
			1777	1099
			1776	1100
			1775	1101
			1774	1101
			1773	1102
			1772	1102
			1771	1103
			1770	1104
			1769	1104
			1768	1105
			1767	1105
			1766	1106
			1765	1106
			1764	1107
			1763	1107
			1762	1108
			1761	1109
			1760	1109
			1759	1110
			1758	1110
			1757	1111
			1756	1111
			1755	1112
			1754	1112
			1753	1113
			1752	1113
			1751	1114
			1750	1114
			1749	1115
			1748	1115
			1747	1116
			1746	1116
			1745	1117
			1744	1117
			1743	1118
			1742	1118
			1741	1119
			1740	1119
			1739	1120
			1738	1120
			1737	1120
			1737	1121
			1736	1121
			1735	1121
			1735	1122
			1734	1122
			1733	1122
			1732	1123
			1731	1123
			1730	1124
			1729	1124
			1728	1124
			1728	1125
			1727	1125
			1726	1125
			1725	1126
			1724	1126
			1723	1127
			1722	1127
			1721	1127
			1720	1128
			1719	1128
			1718	1129
			1717	1129
			1716	1130
			1715	1130
			1714	1130
			1713	1131
			1712	1131
			1711	1131
			1710	1132
			1709	1132
			1708	1132
			1708	1133
			1707	1133
			1706	1133
			1705	1134
			1704	1134
			1703	1134
			1702	1135
			1701	1135
			1700	1135
			1699	1136
			1698	1136
			1697	1136
			1696	1137
			1695	1137
			1694	1137
			1693	1138
			1692	1138
			1691	1138
			1690	1139
			1689	1139
			1688	1139
			1687	1140
			1686	1140
			1685	1140
			1684	1140
			1684	1141
			1683	1141
			1682	1141
			1681	1141
			1680	1142
			1679	1142
			1678	1142
			1677	1142
			1676	1143
			1675	1143
			1674	1143
			1673	1144
			1672	1144
			1671	1144
			1670	1144
			1669	1145
			1668	1145
			1667	1145
			1666	1145
			1665	1146
			1664	1146
			1663	1146
			1662	1146
			1661	1147
			1660	1147
			1659	1147
			1658	1147
			1657	1147
			1656	1148
			1655	1148
			1654	1148
			1653	1148
			1652	1148
			1651	1149
			1650	1149
			1649	1149
			1648	1149
			1647	1149
			1647	1150
			1646	1150
			1645	1150
			1644	1150
			1643	1150
			1642	1150
			1641	1151
			1640	1151
			1639	1151
			1638	1151
			1637	1151
			1636	1151
			1635	1152
			1634	1152
			1633	1152
			1632	1152
			1631	1152
			1630	1152
			1629	1152
			1628	1153
			1627	1153
			1626	1153
			1625	1153
			1624	1153
			1623	1153
			1622	1153
			1621	1154
			1620	1154
			1619	1154
			1618	1154
			1617	1154
			1616	1154
			1615	1154
			1614	1154
			1613	1154
			1613	1155
			1612	1155
			1611	1155
			1610	1155
			1609	1155
			1608	1155
			1607	1155
			1606	1155
			1605	1155
			1604	1155
			1603	1155
			1602	1156
			1601	1156
			1600	1156
			1599	1156
			1598	1156
			1597	1156
			1596	1156
			1595	1156
			1594	1156
			1593	1156
			1592	1156
			1591	1156
			1590	1156
			1589	1156
			1588	1156
			1587	1156
			1586	1156
			1585	1157
			1584	1157
			1583	1157
			1582	1157
			1581	1157
			1580	1157
			1579	1157
			1578	1157
			1577	1157
			1576	1157
			1575	1157
			1574	1157
			1573	1157
			1572	1157
			1571	1157
			1570	1157
			1569	1157
			1568	1157
			1567	1157
			1566	1157
			1565	1157
			1564	1157
			1563	1157
			1562	1157
			1561	1157
			1560	1157
			1559	1157
			1558	1157
			1557	1157
			1556	1157
			1555	1157
			1554	1157
			1553	1157
			1552	1157
			1551	1157
			1550	1157
			1549	1157
			1548	1156
			1547	1156
			1546	1156
			1545	1156
			1544	1156
			1543	1156
			1542	1156
			1541	1156
			1540	1156
			1539	1156
			1538	1156
			1537	1156
			1536	1156
			1535	1156
			1534	1156
			1533	1156
			1532	1156
			1531	1155
			1530	1155
			1529	1155
			1528	1155
			1527	1155
			1526	1155
			1525	1155
			1524	1155
			1523	1155
			1522	1155
			1521	1155
			1520	1155
			1519	1154
			1518	1154
			1517	1154
			1516	1154
			1515	1154
			1514	1154
			1513	1154
			1512	1154
			1511	1154
			1510	1153
			1509	1153
			1508	1153
			1507	1153
			1506	1153
			1505	1153
			1504	1153
			1503	1153
			1502	1152
			1501	1152
			1500	1152
			1499	1152
			1498	1152
			1497	1152
			1496	1152
			1495	1151
			1494	1151
			1493	1151
			1492	1151
			1491	1151
			1490	1151
			1489	1151
			1488	1150
			1487	1150
			1486	1150
			1485	1150
			1484	1150
			1483	1150
			1482	1149
			1481	1149
			1480	1149
			1479	1149
			1478	1149
			1477	1149
			1476	1148
			1475	1148
			1474	1148
			1473	1148
			1472	1148
			1471	1147
			1470	1147
			1469	1147
			1468	1147
			1467	1147
			1466	1146
			1465	1146
			1464	1146
			1463	1146
			1462	1146
			1461	1145
			1460	1145
			1459	1145
			1458	1145
			1457	1145
			1456	1144
			1455	1144
			1454	1144
			1453	1144
			1452	1144
			1452	1143
			1451	1143
			1450	1143
			1449	1143
			1448	1143
			1447	1142
			1446	1142
			1445	1142
			1444	1142
			1443	1142
			1442	1141
			1441	1141
			1440	1140
			1439	1140
			1438	1140
			1437	1139
			1436	1139
			1435	1138
			1434	1138
			1433	1138
			1432	1137
			1431	1137
			1430	1136
			1429	1136
			1428	1136
			1427	1135
			1426	1135
			1425	1134
			1424	1134
			1423	1133
			1422	1133
			1421	1132
			1420	1132
			1419	1131
			1418	1131
			1417	1130
			1416	1130
			1415	1130
			1415	1129
			1414	1129
			1413	1129
			1412	1128
			1411	1128
			1410	1127
			1409	1127
			1408	1126
			1407	1126
			1406	1125
			1405	1125
			1404	1124
			1403	1123
			1402	1123
			1401	1122
			1400	1122
			1399	1122
			1399	1121
			1398	1121
			1397	1121
			1397	1120
			1396	1120
			1395	1120
			1395	1119
			1394	1119
			1393	1118
			1392	1118
			1391	1117
			1390	1117
			1389	1116
			1388	1116
			1387	1115
			1386	1115
			1385	1114
			1384	1114
			1383	1113
			1382	1112
			1381	1111
			1380	1111
			1379	1110
			1378	1110
			1377	1109
			1376	1109
			1375	1108
			1374	1107
			1373	1107
			1372	1106
			1371	1105
			1370	1105
			1369	1104
			1368	1104
			1367	1103
			1366	1103
			1366	1102
			1365	1102
			1364	1101
			1363	1100
			1362	1100
			1361	1099
			1360	1099
			1359	1098
			1358	1097
			1357	1096
			1356	1096
			1355	1095
			1354	1094
			1353	1093
			1352	1093
			1351	1092
			1350	1091
			1349	1091
			1348	1090
			1347	1089
			1346	1088
			1345	1088
			1344	1087
			1343	1086
			1342	1085
			1341	1085
			1340	1084
			1339	1083
			1338	1082
			1337	1082
			1336	1081
			1335	1080
			1334	1079
			1333	1079
			1332	1078
			1331	1077
			1330	1076
			1329	1076
			1328	1075
			1327	1074
			1326	1073
			1325	1072
			1324	1072
			1323	1071
			1322	1070
			1322	1069
			1321	1068
			1320	1068
			1319	1067
			1318	1066
			1317	1065
			1316	1064
			1315	1064
			1314	1063
			1313	1062
			1312	1061
			1312	1060
			1311	1059
			1310	1059
			1309	1058
			1308	1057
			1307	1056
			1306	1055
			1305	1054
			1304	1053
			1303	1052
			1302	1051
			1301	1050
			1300	1049
			1299	1048
			1298	1047
			1297	1046
			1296	1045
			1295	1044
			1294	1043
			1293	1042
			1293	1041
			1292	1040
			1291	1040
			1290	1039
			1290	1038
			1289	1037
			1288	1037
			1288	1036
			1287	1035
			1286	1034
			1286	1033
			1285	1033
			1284	1032
			1283	1031
			1283	1030
			1282	1029
			1281	1029
			1281	1028
			1280	1027
			1279	1026
			1279	1025
			1278	1025
			1277	1024
			1277	1023
			1276	1022
			1275	1021
			1274	1020
			1273	1019
			1273	1018
			1272	1017
			1271	1016
			1270	1015
			1269	1014
			1269	1013
			1268	1012
			1267	1011
			1266	1010
			1266	1009
			1265	1008
			1264	1007
			1263	1006
			1263	1005
			1262	1004
			1261	1003
			1261	1002
			1260	1001
			1259	1000
			1259	999
			1258	998
			1257	997
			1257	996
			1256	995
			1255	994
			1255	993
			1254	992
			1254	991
			1253	991
			1253	990
			1252	989
			1252	988
			1251	988
			1251	987
			1250	986
			1250	985
			1249	985
			1249	984
			1248	983
			1248	982
			1247	981
			1246	980
			1246	979
			1245	978
			1245	977
			1244	976
			1244	975
			1243	974
			1242	973
			1242	972
			1241	971
			1241	970
			1240	969
			1240	968
			1239	967
			1239	966
			1238	965
			1238	964
			1237	963
			1237	962
			1236	961
			1235	960
			1235	959
			1234	959
			1234	958
			1233	957
			1233	956
			1232	955
			1232	954
			1231	953
			1231	952
			1230	951
			1230	950
			1230	949
			1229	949
			1229	948
			1229	947
			1228	946
			1228	945
			1227	944
			1227	943
			1226	942
			1226	941
			1226	940
			1225	940
			1225	939
			1224	938
			1224	937
			1223	936
			1223	935
			1223	934
			1222	933
			1222	932
			1221	931
			1221	930
			1220	929
			1220	928
			1220	927
			1219	926
			1219	925
			1218	924
			1218	923
			1218	922
			1217	921
			1217	920
			1216	919
			1216	918
			1216	917
			1215	916
			1215	915
			1214	914
			1214	913
			1214	912
			1213	911
			1213	910
			1213	909
			1212	908
			1212	907
			1211	906
			1211	905
			1211	904
			1210	903
			1210	902
			1210	901
			1209	900
			1209	899
			1209	898
			1208	897
			1208	896
			1208	895
			1207	894
			1207	893
			1207	892
			1206	891
			1206	890
			1206	889
			1205	888
			1205	887
			1205	886
			1204	885
			1204	884
			1204	883
			1203	882
			1203	881
			1203	880
			1203	879
			1202	878
			1202	877
			1202	876
			1201	875
			1201	874
			1201	873
			1200	872
			1200	871
			1200	870
			1200	869
			1199	868
			1199	867
			1199	866
			1199	865
			1198	864
			1198	863
			1198	862
			1198	861
			1197	860
			1197	859
			1197	858
			1197	857
			1196	856
			1196	855
			1196	854
			1196	853
			1195	853
			1195	852
			1195	851
			1195	850
			1195	849
			1194	848
			1194	847
			1194	846
			1194	845
			1194	844
			1193	843
			1193	842
			1193	841
			1193	840
			1193	839
			1192	839
			1192	838
			1192	837
			1192	836
			1192	835
			1191	834
			1191	833
			1191	832
			1191	831
			1191	830
			1190	829
			1190	828
			1190	827
			1190	826
			1190	825
			1189	824
			1189	823
			1189	822
			1189	821
			1189	820
			1189	819
			1188	818
			1188	817
			1188	816
			1188	815
			1188	814
			1188	813
			1188	812
			1188	811
			1188	810
			1188	809
			1188	808
			1188	807
			1188	806
			1188	805
			1188	804
			1188	803
			1188	802
			1188	801
			1188	800
			1188	799
			1188	798
			1188	797
			1188	796
			1188	795
			1188	794
			1188	793
			1188	792
			1189	791
			1189	790
			1189	789
			1189	788
			1189	787
			1189	786
			1189	785
			1189	784
			1189	783
			1189	782
			1189	781
			1189	780
			1189	779
			1189	778
			1189	777
			1189	776
			1189	775
			1189	774
			1190	774
			1190	773
			1190	772
			1190	771
			1190	770
			1190	769
			1190	768
			1190	767
			1190	766
			1190	765
			1190	764
			1190	763
			1191	762
			1191	761
			1191	760
			1191	759
			1191	758
			1191	757
			1191	756
			1191	755
			1191	754
			1191	753
			1192	752
			1192	751
			1192	750
			1192	749
			1192	748
			1192	747
			1192	746
			1192	745
			1192	744
			1193	743
			1193	742
			1193	741
			1193	740
			1193	739
			1193	738
			1194	737
			1194	736
			1194	735
			1194	734
			1194	733
			1194	732
			1194	731
			1195	730
			1195	729
			1195	728
			1195	727
			1195	726
			1195	725
			1196	724
			1196	723
			1196	722
			1196	721
			1196	720
			1196	719
			1197	718
			1197	717
			1197	716
			1197	715
			1197	714
			1198	713
			1198	712
			1198	711
			1198	710
			1198	709
			1199	709
			1199	708
			1199	707
			1199	706
			1199	705
			1200	704
			1200	703
			1200	702
			1200	701
			1200	700
			1201	699
			1201	698
			1201	697
			1201	696
			1201	695
			1202	694
			1202	693
			1202	692
			1203	691
			1203	690
			1203	689
			1203	688
			1204	687
			1204	686
			1204	685
			1204	684
			1205	683
			1205	682
			1205	681
			1206	680
			1206	679
			1206	678
			1206	677
			1207	676
			1207	675
			1207	674
			1207	673
			1208	672
			1208	671
			1208	670
			1209	669
			1209	668
			1209	667
			1210	666
			1210	665
			1210	664
			1211	663
			1211	662
			1211	661
			1212	660
			1212	659
			1212	658
			1212	657
			1213	657
			1213	656
			1213	655
			1214	654
			1214	653
			1214	652
			1215	651
			1215	650
			1215	649
			1216	648
			1216	647
			1216	646
			1217	645
			1217	644
			1218	643
			1218	642
			1218	641
			1219	641
			1219	640
			1219	639
			1220	638
			1220	637
			1220	636
			1221	635
			1221	634
			1222	633
			1222	632
			1222	631
			1223	630
			1223	629
			1224	628
			1224	627
			1225	626
			1225	625
			1226	624
			1226	623
			1226	622
			1227	621
			1227	620
			1228	619
			1228	618
			1229	617
			1229	616
			1230	615
			1230	614
			1230	613
			1231	612
			1231	611
			1232	610
			1233	609
			1233	608
			1234	607
			1234	606
			1235	605
			1235	604
			1236	603
			1236	602
			1236	601
			1237	600
			1238	599
			1238	598
			1239	597
			1239	596
			1240	595
			1240	594
			1241	593
			1241	592
			1242	591
			1242	590
			1243	590
			1243	589
			1244	588
			1244	587
			1245	586
			1245	585
			1246	584
			1247	583
			1247	582
			1248	581
			1248	580
			1249	580
			1249	579
			1250	578
			1250	577
			1251	576
			1252	575
			1252	574
			1253	573
			1253	572
			1254	571
			1255	570
			1256	569
			1256	568
			1256	567
			1257	567
			1257	566
			1258	565
			1259	564
			1259	563
			1260	562
			1261	561
			1261	560
			1262	559
			1263	558
			1264	557
			1264	556
			1265	555
			1266	554
			1266	553
			1267	552
			1268	551
			1269	550
			1270	549
			1270	548
			1271	547
			1272	546
			1273	545
			1273	544
			1274	543
			1274	542
			1275	542
			1276	541
			1276	540
			1277	539
			1278	538
			1279	537
			1279	536
			1280	535
			1281	534
			1282	534
			1282	533
			1283	532
			1284	531
			1285	530
			1285	529
			1286	528
			1287	527
			1288	526
			1289	525
			1290	524
			1291	523
			1292	522
			1293	521
			1294	520
			1295	519
			1295	518
			1296	517
			1297	516
			1298	515
			1299	514
			1300	513
			1301	512
			1301	511
			1302	511
			1303	510
			1303	509
			1304	509
			1305	508
			1306	507
			1306	506
			1307	506
			1308	505
			1308	504
			1309	503
			1310	503
			1311	502
			1311	501
			1312	501
			1313	500
			1314	499
			1315	498
			1316	497
			1317	496
			1318	495
			1319	494
			1320	493
			1321	492
			1322	491
			1323	491
			1323	490
			1324	489
			1325	489
			1325	488
			1326	488
			1327	487
			1327	486
			1328	486
			1329	485
			1330	484
			1331	483
			1332	482
			1333	482
			1334	481
			1335	480
			1336	479
			1337	478
			1338	477
			1339	476
			1340	476
			1341	475
			1342	474
			1343	473
			1344	472
			1345	472
			1346	471
			1347	470
			1348	469
			1349	468
			1350	468
			1351	467
			1352	466
			1353	465
			1354	465
			1355	464
			1356	464
			1356	463
			1357	463
			1358	462
			1359	461
			1360	460
			1361	460
			1362	459
			1363	458
			1364	458
			1365	457
			1366	456
			1367	456
			1368	455
			1369	454
			1370	454
			1371	453
			1372	453
			1373	452
			1374	452
			1375	452
			1375	451
			1376	451
			1377	451
			1378	451
			1378	450
			1379	450
			1380	450
			1381	450
			1381	449
			1382	449
			1383	449
			1383	448
			1384	448
			1385	448
			1386	448
			1386	447
			1387	447
			1388	447
			1389	446
			1390	446
			1391	446
			1392	445
			1393	445
			1394	444
			1395	444
			1396	444
			1397	443
			1398	443
			1399	443
			1400	443
			1401	442
			1402	442
			1403	441
			1404	441
			1405	441
			1406	441
			1407	440
			1408	440
			1409	440
			1410	439
			1411	439
			1412	439
			1413	438
			1414	438
			1415	438
			1416	437
			1417	437
			1418	437
			1419	437
			1419	436
			1420	436
			1421	436
			1422	436
			1423	435
			1424	435
			1425	435
			1426	434
			1427	434
			1428	434
			1429	433
			1430	433
			1431	433
			1432	433
			1433	432
			1434	432
			1435	432
			1436	432
			1437	431
			1438	431
			1439	431
			1440	431
			1440	430
			1441	430
			1442	430
			1443	430
			1444	429
			1445	429
			1446	429
			1447	429
			1448	429
			1449	428
			1450	428
			1451	428
			1452	428
			1453	427
			1454	427
			1455	427
			1456	427
			1457	427
			1458	426
			1459	426
			1460	426
			1461	426
			1462	425
			1463	425
			1464	425
			1465	425
			1466	425
			1467	424
			1468	424
			1469	424
			1470	424
			1471	424
			1472	423
			1473	423
			1474	423
			1475	423
			1476	423
			1477	423
			1478	422
			1479	422
			1480	422
			1481	422
			1482	422
			1483	422
			1484	421
			1485	421
			1486	421
			1487	421
			1488	421
			1489	421
			1490	420
			1491	420
			1492	420
			1493	420
			1494	420
			1495	420
			1496	420
			1497	419
			1498	419
			1499	419
			1500	419
			1501	419
			1502	419
			1503	419
			1504	419
			1505	418
			1506	418
			1507	418
			1508	418
			1509	418
			1510	418
			1511	418
			1512	418
			1513	418
			1514	418
			1515	417
			1516	417
			1517	417
			1518	417
			1519	417
			1520	417
			1521	417
			1522	417
			1523	417
			1524	417
			1525	417
			1526	417
			1527	416
			1528	416
			1529	416
			1530	416
			1531	416
			1532	416
			1533	416
			1534	416
			1535	416
			1536	416
			1537	416
			1538	416
			1539	416
			1540	416
			1541	416
			1542	416
			1543	416
			1544	416
			1545	416
			1546	416
			1547	416
			1548	416
			1549	416
			1550	416
			1551	416
			1552	416
			1553	416
			1554	416
			1555	416
			1556	416
			1557	416
			1558	416
			1559	416
			1560	416
			1561	416
			1562	416
			1563	416
			1564	416
			1565	416
			1566	416
			1567	416
			1568	416
			1569	416
			1570	416
			1571	416
			1572	416
			1573	416
			1574	416
			1575	416
			1576	416
			1577	416
			1578	417
			1579	417
			1580	417
			1581	417
			1582	417
			1583	417
			1584	417
			1585	417
			1586	417
			1587	417
			1588	417
			1589	417
			1590	417
			1590	418
			1591	418
			1592	418
			1593	418
			1594	418
			1595	418
			1596	418
			1597	418
			1598	418
			1599	418
			1600	419
			1601	419
			1602	419
			1603	419
			1604	419
			1605	419
			1606	419
			1607	419
			1608	420
			1609	420
			1610	420
			1611	420
			1612	420
			1613	420
			1614	420
			1615	421
			1616	421
			1617	421
			1618	421
			1619	421
			1620	421
			1620	422
			1621	422
			1622	422
			1623	422
			1624	422
			1625	423
			1626	423
			1627	423
			1628	423
			1629	423
			1630	424
			1631	424
			1632	424
			1633	424
			1634	424
			1635	425
			1636	425
			1637	425
			1638	425
			1639	425
			1640	426
			1641	426
			1642	426
			1643	426
			1644	427
			1645	427
			1646	427
			1647	427
			1648	428
			1649	428
			1650	428
			1651	428
			1652	429
			1653	429
			1654	429
			1655	429
			1656	430
			1657	430
			1658	430
			1659	430
			1660	431
			1661	431
			1662	432
			1663	432
			1664	432
			1665	432
			1666	433
			1667	433
			1668	433
			1669	434
			1670	434
			1671	434
			1672	435
			1673	435
			1674	435
			1675	436
			1676	436
			1677	436
			1678	437
			1679	437
			1680	437
			1681	438
			1682	438
			1683	439
			1684	439
			1685	439
			1686	440
			1687	440
			1688	440
			1689	441
			1690	441
			1691	441
			1692	442
			1693	442
			1694	443
			1695	443
			1696	443
			1697	444
			1698	444
			1699	445
			1700	445
			1701	445
			1702	446
			1703	446
			1704	447
			1705	447
			1706	447
			1707	448
			1708	448
			1709	449
			1710	449
			1711	450
			1712	450
			1713	451
			1714	451
			1715	451
			1716	452
			1717	452
			1718	453
			1719	454
			1720	454
			1721	454
			1722	455
			1723	455
			1724	456
			1725	456
			1726	457
			1727	457
			1728	458
			1729	458
			1729	459
			1730	459
			1731	459
			1732	460
			1733	460
			1733	461
			1734	461
			1735	462
			1736	462
			1737	462
			1738	463
			1739	464
			1740	464
			1741	465
			1742	465
			1743	466
			1744	467
			1745	467
			1746	468
			1747	468
			1748	469
			1749	469
			1750	470
			1751	471
			1752	471
			1753	472
			1754	472
			1755	473
			1756	473
			1757	474
			1758	475
			1759	475
			1760	476
			1761	476
			1762	477
			1763	478
			1764	478
			1765	479
			1766	479
			1767	480
			1768	481
			1769	481
			1770	482
			1771	483
			1772	483
			1773	484
			1774	485
			1775	485
			1776	486
			1776	487
			1777	487
			1778	488
			1779	488
			1780	489
			1781	490
			1782	490
			1783	491
			1784	492
			1785	492
			1785	493
			1786	493
			1787	494
			1788	495
			1789	496
			1790	496
			1791	497
			1792	498
			1793	499
			1794	500
			1795	501
			1796	501
			1797	502
			1798	503
			1799	504
			1800	505
			1801	505
			1802	506
			1803	507
			1804	508
			1805	509
			1806	510
			1807	510
			1808	511
			1809	512
			1810	513
			1811	514
			1812	515
			1812	516
			1813	516
			1814	517
			1815	518
			1816	519
			1817	520
			1818	521
			1819	522
			1820	523
			1821	524
			1822	524
			1823	525
			1823	526
			1824	527
			1825	528
			1826	529
			1827	530
			1828	531
			1829	532
			1830	533
			1831	534
			1832	535
			1832	536
			1833	536
			1834	537
			1834	538
			1835	538
			1836	539
			1836	540
			1837	540
			1837	541
			1838	542
			1839	542
			1839	543
			1840	544
			1840	545
			1841	545
			1842	546
			1842	547
			1843	547
			1843	548
			1844	549
			1845	550
			1846	551
			1846	552
			1847	553
			1848	553
			1848	554
			1849	555
			1850	556
			1850	557
			1851	558
			1852	559
			1853	560
			1854	561
			1855	562
			1856	563
			1856	564
			1856	565
			1857	565
			1857	566
			1858	567
			1859	568
			1860	569
			1861	570
			1861	571
			1862	572
			1862	573
			1863	574
			1864	575
			1865	576
			1865	577
			1866	578
			1866	579
			1867	580
			1868	581
			1868	582
			1869	583
			1870	584
			1870	585
			1871	586
			1872	587
			1872	588
			1873	589
			1873	590
			1874	590
			1874	591
			1875	592
			1875	593
			1876	594
			1877	595
			1877	596
			1878	597
			1878	598
			1879	599
			1879	600
			1880	600
			1880	601
			1881	602
			1881	603
			1882	604
			1882	605
			1883	606
			1883	607
			1884	607
			1884	608
			1885	609
			1885	610
			1886	611
			1886	612
			1886	613
			1887	614
			1888	615
			1888	616
			1889	617
			1889	618
			1890	619
			1890	620
			1891	621
			1891	622
			1892	623
			1892	624
			1893	625
			1893	626
			1894	627
			1894	628
			1895	629
			1895	630
			1895	631
			1896	632
			1896	633
			1897	634
			1897	635
			1898	636
			1898	637
			1899	638
			1899	639
			1899	640
			1900	641
			1900	642
			1901	643
			1901	644
			1902	645
			1902	646
			1902	647
			1903	648
			1903	649
			1904	650
			1904	651
			1905	652
			1905	653
			1905	654
			1906	655
			1906	656
			1907	657
			1907	658
			1907	659
			1908	660
			1908	661
			1908	662
			1909	663
			1909	664
			1909	665
			1910	666
			1910	667
			1910	668
			1911	669
			1911	670
			1911	671
			1912	672
			1912	673
			1912	674
			1913	675
			1913	676
			1913	677
			1914	678
			1914	679
			1915	680
			1915	681
			1915	682
			1915	683
			1916	684
			1916	685
			1916	686
			1917	687
			1917	688
			1917	689
			1918	690
			1918	691
			1918	692
			1918	693
			1919	694
			1919	695
			1919	696
			1919	697
			1920	698
			1920	699
			1920	700
			1921	701
			1921	702
			1921	703
			1921	704
			1922	705
			1922	706
			1922	707
			1922	708
			1923	709
			1923	710
			1923	711
			1923	712
			1924	713
			1924	714
			1924	715
			1924	716
			1925	717
			1925	718
			1925	719
			1925	720
			1925	721
			1926	722
			1926	723
			1926	724
			1926	725
			1927	726
			1927	727
			1927	728
			1927	729
			1927	730
			1927	731
			1928	732
			1928	733
			1928	734
			1928	735
			1929	736
			1929	737
			1929	738
			1929	739
			1929	740
			1929	741
			1930	742
			1930	743
			1930	744
			1930	745
			1930	746
			1930	747
			1931	748
			1931	749
			1931	750
			1931	751
			1931	752
			1931	753
			1932	754
			1932	755
			1932	756
			1932	757
			1932	758
			1932	759
			1933	760
			1933	761
			1933	762
			1933	763
			1933	764
			1933	765
			1933	766
			1933	767
			1934	768
			1934	769
			1934	770
			1934	771
			1934	772
			1934	773
			1934	774
			1935	775
			1935	776
			1935	777
			1935	778
			1935	779
			1935	780
			1935	781
			1935	782
			1935	783
			1936	784
			1936	785
			1936	786
			1936	787
			1936	788
			1936	789
			1936	790
			1936	791
			1936	792
			1936	793
			1937	794
			1937	795
			1937	796
			1937	797
			1937	798
			1937	799
			1937	800
			1937	801
			1937	802
			1937	803
			1937	804
			1937	805
			1937	806
			1937	807
			1937	808
			1937	809
			1937	810
			1937	811
			1937	812
			1937	813
			1937	814
			1937	815
			1937	816
			1937	817
			1936	818
			1936	819
			1936	820
			1936	821
			1936	822
			1936	823
			1936	824
			1936	825
			1936	826
			1936	827
			1936	828
			1936	829
			1936	830
			1936	831
			1936	832
			1935	833
			1935	834
			1935	835
			1935	836
			1935	837
			1935	838
			1935	839
			1935	840
			1935	841
			1934	842
			1934	843
			1934	844
			1934	845
			1934	846
			1934	847
			1934	848
			1933	849
			1933	850
			1933	851
			1933	852
			1933	853
			1933	854
			1933	855
			1932	856
			1932	857
			1932	858
			1932	859
			1932	860
			1932	861
			1931	862
			1931	863
			1931	864
			1931	865
			1931	866
			1930	867
			1930	868
			1930	869
			1930	870
			1930	871
			1929	872
			1929	873
			1929	874
			1929	875
			1928	876
			1928	877
			1928	878
			1928	879
			1928	880
			1927	881
			1927	882
			1927	883
			1927	884
			1926	885
			1926	886
			1926	887
			1926	888
			1925	889
			1925	890
			1925	891
			1924	892
			1924	893
			1924	894
			1924	895
			1923	896
			1923	897
			1923	898
			1922	899
			1922	900
			1922	901
			1922	902
			1921	903
			1921	904
			1921	905
			1920	906
			1920	907
			1920	908
			1919	908
			1919	909
			1919	910
			1918	911
			1918	912
			1918	913
			1917	914
			1917	915
			1917	916
			1916	917
			1916	918
			1916	919
			1915	920
			1915	921
			1915	922
			1914	923
			1914	924
			1914	925
			1913	926
			1913	927
			1912	928
			1912	929
			1912	930
			1911	931
			1911	932
			1910	932
			1910	933
			1910	934
			1909	935
			1909	936
			1908	937
			1908	938
			1908	939
			1907	940
			1907	941
			1906	942
			1906	943
			1906	944
			1905	945
			1905	946
			1904	947
			1904	948
			1903	949
			1902	950
			1902	951
			1902	952
			1901	952
			1901	953
			1901	954
			1900	954
			1900	955
			1900	956
			1899	956
			1899	957
			1899	958
			1898	959
			1898	960
			1897	961
			1897	962
			1896	963
			1896	964
			1895	964
			1895	965
			1894	966
			1894	967
			1894	968
			1893	968
			1893	969
			1892	970
			1892	971
			1891	972
			1890	973
			1890	974
			1889	975
			1889	976
			1888	977
			1888	978
			1887	979
			1887	980
			1886	981
			1885	982
			1885	983
			1884	984
			1884	985
			1883	986
			1883	987
			1882	988
			1881	988
			1881	989
			1880	990
			1880	991
			1879	992
			1878	993
			1878	994
			1877	995
			1877	996
			1876	997
			1875	998
			1875	999
			1874	1000
			1873	1001
			1873	1002
			1872	1003
			1872	1004
			1871	1004
			1870	1005
			1870	1006
			1869	1007
			1868	1008
			1868	1009
			1867	1010
			1866	1011
			1866	1012
			1865	1013
			1864	1014
			1864	1015
			1863	1016
			1862	1017
			1861	1017
			1861	1018
			1860	1019
			1859	1020
			1859	1021
			1858	1022
			1857	1023
			1857	1024
			1856	1025
			1855	1026
			1854	1027
			1854	1028
			1853	1029
			1852	1029
			1852	1030
			1851	1031
			1850	1032
			1849	1033
			1849	1034
			1848	1035
			1847	1036
			1846	1037
			1846	1038
			1845	1039
			1844	1039
			1843	1040
			1842	1041
			1842	1042
			1841	1043
			1840	1044
			1839	1045
			1839	1046
			1838	1047
			1837	1048
			1836	1049
			1835	1049
			1835	1050
			1834	1051
			1833	1052
			1832	1053
			1831	1054
			1830	1055
			1830	1056
			1829	1057
			1828	1058
			1827	1058
			1826	1059
			1826	1060
			1825	1061
			1824	1062
			1823	1063
			1822	1064
			1821	1065
			1820	1066
			1819	1067
			1818	1068
			1817	1069
			1816	1070
			1815	1071
			1814	1072
			1813	1073
			1812	1074
			1811	1075
			1810	1076
			1809	1077
			1808	1078
			1807	1079
		</Eye>
	</curves.pixel>
	<ruler.points type=matrix rownames=TRUE colnames=FALSE nrow=2 ncol=2 as.numeric=TRUE >
		Ruler point 1	2	1894
		Ruler point 2	104	1894
	</ruler.points>
</shapes>

