<shapes type=list>
	<scaling type=logical names=FALSE length=1 as.numeric=FALSE >NA</scaling>
	<landmarks.pixel type=matrix rownames=TRUE colnames=FALSE nrow=11 ncol=2 as.numeric=TRUE >
		LM1Forehead	1571	334
		LM2UJFront	2022	1257
		LM3UJBack	1552	1347
		LM4LacOrb	1605	975
		LM5QJoint	1503	1433
		LM6IOPL	1501	1503
		LM7IOPSOP	636	1505
		LM8A2A1	884	1172
		LM9A1A3	814	845
		LM10TopMuscR	715	656
		LM11TopMuscL	332	588
	</landmarks.pixel>
	<curves.control type=list>
		<Profile type=matrix rownames=FALSE colnames=FALSE nrow=7 ncol=2 as.numeric=TRUE >
			1571	334
			1805	498
			2000	672
			2143	871
			2226	1123
			2117	1313
			2022	1257
		</Profile>
		<Eye type=matrix rownames=FALSE colnames=FALSE nrow=13 ncol=2 as.numeric=TRUE >
			1605	975
			1458	1123
			1237	1088
			998	1023
			959	836
			916	585
			1063	459
			1254	329
			1449	438
			1623	507
			1671	706
			1688	871
			1605	975
		</Eye>
	</curves.control>
	<curves.pixel type=list>
		<Profile type=matrix rownames=FALSE colnames=FALSE nrow=1181 ncol=2 as.numeric=TRUE >
			1571	334
			1572	335
			1573	335
			1574	336
			1575	337
			1576	338
			1577	338
			1578	339
			1579	340
			1580	340
			1581	341
			1582	342
			1583	343
			1584	343
			1585	344
			1586	344
			1586	345
			1587	345
			1588	346
			1589	346
			1589	347
			1590	347
			1591	348
			1592	349
			1593	350
			1594	350
			1595	351
			1596	352
			1597	352
			1598	353
			1599	353
			1599	354
			1600	355
			1601	355
			1602	356
			1603	357
			1604	357
			1605	358
			1606	359
			1607	359
			1608	360
			1609	361
			1610	362
			1611	363
			1612	363
			1613	364
			1614	364
			1614	365
			1615	365
			1616	366
			1617	367
			1618	368
			1619	368
			1620	369
			1621	369
			1621	370
			1622	370
			1623	371
			1624	371
			1625	372
			1625	373
			1626	373
			1627	374
			1628	374
			1628	375
			1629	375
			1630	376
			1631	376
			1632	377
			1632	378
			1633	378
			1634	379
			1635	379
			1635	380
			1636	380
			1637	381
			1638	382
			1639	383
			1640	383
			1641	384
			1642	385
			1643	385
			1644	386
			1645	387
			1646	387
			1647	388
			1648	389
			1649	390
			1650	391
			1651	391
			1652	392
			1653	393
			1654	394
			1655	394
			1656	395
			1657	395
			1657	396
			1658	396
			1659	397
			1660	398
			1661	398
			1661	399
			1662	399
			1663	400
			1664	400
			1664	401
			1665	402
			1666	402
			1667	403
			1668	403
			1668	404
			1669	405
			1670	405
			1671	406
			1672	406
			1672	407
			1673	407
			1674	408
			1675	409
			1676	409
			1676	410
			1677	410
			1678	411
			1679	412
			1680	412
			1680	413
			1681	413
			1682	414
			1683	414
			1683	415
			1684	416
			1685	416
			1686	417
			1687	417
			1687	418
			1688	419
			1689	419
			1690	420
			1691	420
			1691	421
			1692	421
			1693	422
			1694	423
			1695	424
			1696	425
			1697	425
			1698	426
			1699	427
			1700	427
			1701	428
			1702	429
			1703	429
			1704	430
			1705	431
			1706	432
			1707	433
			1708	433
			1709	434
			1710	435
			1711	436
			1712	437
			1713	437
			1714	438
			1715	438
			1715	439
			1716	440
			1717	440
			1718	441
			1719	441
			1719	442
			1720	443
			1721	443
			1722	444
			1723	444
			1724	445
			1724	446
			1725	446
			1726	447
			1727	448
			1728	448
			1728	449
			1729	449
			1730	450
			1731	451
			1732	451
			1732	452
			1733	452
			1734	453
			1735	454
			1736	454
			1736	455
			1737	455
			1738	456
			1739	457
			1740	457
			1740	458
			1741	458
			1742	459
			1743	460
			1744	461
			1745	462
			1746	462
			1747	463
			1748	464
			1749	465
			1750	465
			1751	466
			1752	467
			1753	468
			1754	468
			1755	469
			1756	470
			1757	470
			1758	471
			1759	472
			1760	473
			1761	474
			1762	475
			1763	475
			1763	476
			1764	476
			1765	477
			1766	477
			1766	478
			1767	478
			1768	479
			1769	480
			1770	481
			1771	482
			1772	482
			1773	483
			1774	484
			1775	485
			1776	486
			1777	486
			1778	487
			1779	488
			1780	489
			1781	489
			1782	490
			1783	491
			1784	492
			1785	492
			1786	493
			1787	494
			1788	495
			1789	495
			1790	496
			1791	497
			1792	498
			1793	499
			1794	499
			1795	500
			1796	501
			1797	502
			1798	502
			1799	503
			1800	504
			1800	505
			1801	505
			1802	506
			1803	507
			1804	508
			1805	508
			1806	509
			1807	510
			1808	511
			1809	512
			1810	512
			1811	513
			1812	514
			1813	515
			1814	515
			1815	516
			1816	517
			1817	518
			1818	518
			1819	519
			1820	520
			1821	521
			1822	521
			1823	522
			1824	523
			1825	524
			1825	525
			1826	525
			1827	526
			1828	527
			1829	528
			1830	528
			1831	529
			1832	530
			1833	531
			1834	531
			1835	532
			1836	533
			1837	534
			1838	535
			1839	535
			1840	536
			1841	537
			1842	538
			1843	538
			1844	539
			1845	540
			1846	541
			1847	542
			1848	543
			1849	543
			1849	544
			1850	544
			1851	545
			1851	546
			1852	546
			1853	547
			1854	547
			1854	548
			1855	548
			1856	549
			1857	550
			1858	551
			1859	552
			1860	552
			1861	553
			1862	554
			1863	555
			1864	556
			1865	557
			1866	557
			1867	558
			1868	559
			1869	560
			1870	561
			1871	561
			1872	562
			1873	563
			1874	564
			1875	565
			1876	565
			1877	566
			1878	567
			1879	568
			1880	569
			1881	569
			1882	570
			1883	571
			1884	572
			1885	573
			1886	573
			1886	574
			1887	575
			1888	576
			1889	577
			1890	578
			1891	578
			1892	579
			1893	580
			1894	581
			1895	582
			1896	582
			1897	583
			1898	584
			1899	585
			1900	586
			1901	586
			1902	587
			1903	588
			1904	589
			1905	590
			1906	590
			1907	591
			1908	592
			1909	593
			1910	594
			1911	595
			1912	596
			1913	596
			1914	597
			1914	598
			1915	598
			1916	599
			1917	600
			1918	601
			1919	602
			1920	602
			1921	603
			1922	604
			1923	605
			1924	606
			1925	607
			1926	608
			1927	609
			1928	609
			1929	610
			1930	611
			1931	612
			1932	613
			1933	614
			1934	614
			1935	615
			1936	616
			1937	617
			1938	618
			1939	619
			1940	619
			1941	620
			1942	621
			1943	622
			1944	623
			1945	624
			1946	624
			1947	625
			1948	626
			1949	627
			1950	628
			1951	629
			1952	629
			1953	630
			1954	631
			1954	632
			1955	633
			1956	634
			1957	635
			1958	635
			1959	636
			1960	637
			1961	638
			1962	639
			1963	640
			1964	640
			1965	641
			1966	642
			1967	643
			1968	644
			1969	645
			1970	645
			1971	646
			1972	647
			1973	648
			1974	649
			1975	650
			1976	651
			1977	651
			1978	652
			1979	653
			1980	654
			1981	655
			1981	656
			1982	656
			1983	657
			1984	658
			1985	659
			1986	660
			1987	661
			1988	661
			1989	662
			1990	663
			1991	664
			1992	665
			1993	666
			1994	667
			1995	667
			1996	668
			1997	669
			1998	670
			1999	671
			2000	672
			2000	673
			2001	673
			2002	674
			2002	675
			2003	676
			2004	677
			2005	678
			2005	679
			2006	680
			2007	681
			2007	682
			2008	683
			2009	684
			2009	685
			2010	686
			2011	687
			2011	688
			2012	689
			2013	690
			2013	691
			2014	692
			2015	693
			2015	694
			2016	695
			2017	696
			2018	697
			2018	698
			2019	699
			2020	700
			2020	701
			2021	702
			2022	703
			2022	704
			2023	705
			2024	706
			2024	707
			2025	708
			2026	709
			2026	710
			2027	711
			2028	712
			2028	713
			2029	714
			2030	715
			2030	716
			2031	717
			2032	718
			2032	719
			2033	720
			2034	721
			2034	722
			2035	723
			2036	724
			2036	725
			2037	726
			2037	727
			2038	728
			2039	729
			2039	730
			2040	731
			2041	732
			2041	733
			2042	734
			2043	735
			2043	736
			2044	737
			2045	738
			2045	739
			2046	740
			2047	741
			2047	742
			2048	743
			2049	744
			2049	745
			2050	746
			2050	747
			2051	748
			2052	749
			2052	750
			2053	751
			2054	752
			2054	753
			2055	754
			2056	755
			2056	756
			2057	757
			2057	758
			2058	759
			2059	760
			2059	761
			2060	762
			2061	763
			2061	764
			2062	765
			2063	766
			2063	767
			2064	768
			2064	769
			2065	770
			2066	771
			2066	772
			2067	773
			2068	774
			2068	775
			2069	776
			2069	777
			2070	778
			2070	779
			2071	780
			2072	781
			2072	782
			2072	783
			2073	783
			2073	784
			2074	785
			2074	786
			2075	786
			2075	787
			2076	788
			2076	789
			2077	790
			2077	791
			2078	792
			2078	793
			2079	794
			2080	795
			2080	796
			2081	796
			2081	797
			2082	798
			2082	799
			2083	800
			2083	801
			2084	802
			2084	803
			2085	804
			2085	805
			2086	806
			2087	807
			2087	808
			2088	809
			2088	810
			2089	811
			2090	812
			2090	813
			2091	814
			2091	815
			2092	816
			2092	817
			2093	817
			2093	818
			2093	819
			2094	820
			2094	821
			2095	821
			2095	822
			2096	823
			2096	824
			2097	825
			2097	826
			2098	827
			2098	828
			2099	829
			2100	830
			2100	831
			2101	832
			2101	833
			2102	834
			2102	835
			2103	836
			2103	837
			2104	838
			2104	839
			2105	840
			2105	841
			2106	842
			2107	843
			2107	844
			2108	845
			2108	846
			2109	847
			2109	848
			2110	849
			2110	850
			2111	851
			2111	852
			2112	852
			2112	853
			2113	854
			2113	855
			2113	856
			2114	857
			2115	858
			2115	859
			2116	860
			2116	861
			2117	862
			2117	863
			2118	864
			2118	865
			2119	866
			2119	867
			2120	868
			2120	869
			2121	870
			2121	871
			2122	872
			2123	873
			2123	874
			2124	875
			2124	876
			2125	877
			2125	878
			2126	879
			2126	880
			2126	881
			2127	881
			2127	882
			2127	883
			2128	884
			2128	885
			2129	886
			2130	887
			2130	888
			2130	889
			2131	890
			2131	891
			2132	892
			2132	893
			2133	894
			2133	895
			2134	896
			2134	897
			2135	898
			2136	899
			2136	900
			2136	901
			2137	902
			2137	903
			2138	904
			2138	905
			2139	906
			2139	907
			2140	908
			2140	909
			2141	910
			2141	911
			2142	912
			2142	913
			2142	914
			2143	915
			2143	916
			2144	916
			2144	917
			2145	918
			2145	919
			2145	920
			2146	921
			2146	922
			2147	923
			2147	924
			2148	925
			2148	926
			2149	927
			2149	928
			2149	929
			2150	930
			2151	931
			2151	932
			2152	933
			2152	934
			2152	935
			2153	936
			2153	937
			2154	938
			2154	939
			2154	940
			2155	940
			2155	941
			2156	942
			2156	943
			2156	944
			2157	945
			2157	946
			2158	947
			2158	948
			2159	949
			2159	950
			2160	951
			2160	952
			2160	953
			2161	954
			2161	955
			2162	956
			2162	957
			2163	958
			2163	959
			2164	960
			2164	961
			2164	962
			2165	963
			2165	964
			2166	965
			2166	966
			2167	967
			2167	968
			2167	969
			2168	970
			2168	971
			2169	972
			2169	973
			2170	974
			2170	975
			2170	976
			2171	977
			2171	978
			2172	979
			2172	980
			2172	981
			2173	982
			2173	983
			2174	984
			2174	985
			2175	986
			2175	987
			2176	988
			2176	989
			2176	990
			2177	991
			2177	992
			2178	993
			2178	994
			2178	995
			2179	996
			2179	997
			2180	998
			2180	999
			2181	1000
			2181	1001
			2182	1002
			2182	1003
			2182	1004
			2183	1005
			2183	1006
			2184	1007
			2184	1008
			2184	1009
			2185	1010
			2185	1011
			2186	1012
			2186	1013
			2186	1014
			2187	1015
			2187	1016
			2187	1017
			2188	1018
			2188	1019
			2189	1020
			2189	1021
			2190	1022
			2190	1023
			2190	1024
			2191	1025
			2191	1026
			2191	1027
			2192	1028
			2192	1029
			2193	1030
			2193	1031
			2193	1032
			2194	1033
			2194	1034
			2195	1035
			2195	1036
			2195	1037
			2196	1038
			2196	1039
			2196	1040
			2197	1041
			2197	1042
			2197	1043
			2198	1043
			2198	1044
			2199	1045
			2199	1046
			2199	1047
			2200	1048
			2200	1049
			2200	1050
			2201	1051
			2201	1052
			2201	1053
			2202	1054
			2202	1055
			2202	1056
			2203	1057
			2203	1058
			2204	1059
			2204	1060
			2204	1061
			2205	1062
			2205	1063
			2206	1064
			2206	1065
			2206	1066
			2207	1067
			2207	1068
			2207	1069
			2208	1070
			2208	1071
			2208	1072
			2209	1072
			2209	1073
			2209	1074
			2209	1075
			2210	1076
			2210	1077
			2211	1078
			2211	1079
			2211	1080
			2212	1081
			2212	1082
			2212	1083
			2213	1084
			2213	1085
			2213	1086
			2214	1087
			2214	1088
			2215	1089
			2215	1090
			2215	1091
			2216	1092
			2216	1093
			2216	1094
			2217	1095
			2217	1096
			2217	1097
			2218	1098
			2218	1099
			2218	1100
			2219	1101
			2219	1102
			2219	1103
			2220	1104
			2220	1105
			2220	1106
			2221	1107
			2221	1108
			2221	1109
			2222	1110
			2222	1111
			2222	1112
			2223	1113
			2223	1114
			2223	1115
			2224	1116
			2224	1117
			2225	1118
			2225	1119
			2225	1120
			2225	1121
			2226	1122
			2226	1123
			2225	1124
			2225	1125
			2224	1126
			2224	1127
			2223	1128
			2223	1129
			2222	1130
			2222	1131
			2221	1131
			2221	1132
			2220	1133
			2220	1134
			2219	1135
			2218	1136
			2218	1137
			2217	1138
			2216	1139
			2216	1140
			2215	1141
			2214	1142
			2214	1143
			2213	1144
			2213	1145
			2212	1146
			2212	1147
			2211	1148
			2210	1149
			2210	1150
			2209	1151
			2209	1152
			2208	1153
			2207	1154
			2207	1155
			2206	1156
			2206	1157
			2205	1158
			2204	1158
			2204	1159
			2203	1160
			2203	1161
			2202	1162
			2202	1163
			2201	1163
			2201	1164
			2200	1165
			2200	1166
			2199	1167
			2198	1167
			2198	1168
			2197	1169
			2197	1170
			2196	1171
			2195	1172
			2195	1173
			2194	1174
			2193	1175
			2193	1176
			2192	1177
			2191	1178
			2191	1179
			2190	1179
			2189	1180
			2189	1181
			2188	1182
			2188	1183
			2187	1184
			2186	1185
			2186	1186
			2185	1186
			2184	1187
			2184	1188
			2183	1189
			2182	1190
			2182	1191
			2181	1192
			2180	1192
			2180	1193
			2179	1194
			2179	1195
			2178	1196
			2177	1196
			2177	1197
			2176	1198
			2175	1199
			2175	1200
			2174	1200
			2173	1201
			2173	1202
			2172	1203
			2172	1204
			2171	1204
			2170	1205
			2170	1206
			2169	1207
			2168	1207
			2168	1208
			2167	1209
			2166	1210
			2165	1211
			2164	1212
			2164	1213
			2163	1214
			2162	1214
			2161	1215
			2161	1216
			2160	1217
			2159	1218
			2158	1219
			2157	1220
			2156	1221
			2155	1222
			2154	1223
			2153	1224
			2152	1225
			2151	1226
			2151	1227
			2150	1228
			2149	1228
			2148	1229
			2147	1230
			2146	1231
			2145	1232
			2144	1233
			2143	1234
			2142	1234
			2142	1235
			2141	1236
			2140	1237
			2139	1238
			2138	1238
			2137	1239
			2136	1240
			2135	1241
			2134	1241
			2134	1242
			2133	1243
			2132	1243
			2131	1244
			2130	1245
			2129	1245
			2128	1246
			2127	1247
			2126	1247
			2125	1248
			2125	1249
			2124	1249
			2123	1250
			2122	1251
			2121	1251
			2120	1252
			2119	1252
			2118	1253
			2117	1254
			2116	1255
			2115	1255
			2114	1256
			2113	1256
			2112	1257
			2111	1257
			2110	1258
			2109	1258
			2108	1259
			2107	1259
			2106	1260
			2105	1260
			2104	1261
			2103	1261
			2102	1262
			2101	1262
			2100	1263
			2099	1263
			2098	1263
			2097	1264
			2096	1264
			2095	1265
			2094	1265
			2093	1265
			2092	1265
			2092	1266
			2091	1266
			2090	1266
			2089	1266
			2088	1267
			2087	1267
			2086	1267
			2085	1267
			2084	1268
			2083	1268
			2082	1268
			2081	1268
			2080	1268
			2079	1269
			2078	1269
			2077	1269
			2076	1269
			2075	1269
			2074	1269
			2073	1269
			2072	1270
			2071	1270
			2070	1270
			2069	1270
			2068	1270
			2067	1270
			2066	1270
			2065	1270
			2064	1270
			2063	1270
			2062	1270
			2061	1270
			2060	1270
			2059	1269
			2058	1269
			2057	1269
			2056	1269
			2055	1269
			2054	1269
			2053	1269
			2052	1269
			2052	1268
			2051	1268
			2050	1268
			2049	1268
			2048	1268
			2047	1267
			2046	1267
			2045	1267
			2044	1267
			2043	1266
			2042	1266
			2041	1266
			2040	1265
			2039	1265
			2038	1265
			2037	1264
			2036	1264
			2035	1264
			2034	1263
			2033	1263
			2032	1262
			2031	1262
			2030	1261
			2029	1261
			2028	1260
			2027	1260
			2026	1259
			2025	1258
			2024	1258
			2023	1258
			2023	1257
			2022	1257
		</Profile>
		<Eye type=matrix rownames=FALSE colnames=FALSE nrow=2116 ncol=2 as.numeric=TRUE >
			1605	975
			1604	976
			1603	977
			1602	978
			1601	979
			1600	980
			1599	981
			1598	982
			1597	983
			1596	984
			1595	985
			1594	985
			1593	986
			1592	987
			1591	988
			1590	989
			1590	990
			1589	991
			1588	992
			1587	992
			1586	993
			1585	994
			1584	995
			1583	996
			1582	997
			1581	998
			1580	998
			1579	999
			1578	1000
			1577	1001
			1576	1002
			1575	1003
			1574	1003
			1573	1004
			1572	1005
			1571	1006
			1570	1007
			1569	1008
			1568	1008
			1567	1009
			1566	1010
			1565	1011
			1564	1012
			1563	1012
			1562	1013
			1561	1014
			1560	1015
			1559	1015
			1558	1016
			1557	1017
			1556	1018
			1555	1018
			1554	1019
			1553	1020
			1552	1021
			1551	1021
			1550	1022
			1549	1023
			1548	1024
			1547	1024
			1546	1025
			1545	1026
			1544	1026
			1543	1027
			1542	1028
			1541	1029
			1540	1029
			1539	1030
			1538	1031
			1537	1031
			1536	1032
			1535	1033
			1534	1033
			1533	1034
			1532	1034
			1531	1035
			1530	1036
			1529	1036
			1528	1037
			1527	1037
			1526	1038
			1525	1039
			1524	1039
			1523	1040
			1522	1040
			1521	1041
			1520	1041
			1519	1042
			1519	1043
			1518	1043
			1517	1044
			1516	1044
			1515	1045
			1514	1045
			1513	1046
			1512	1046
			1511	1047
			1510	1047
			1509	1048
			1508	1048
			1507	1049
			1506	1050
			1505	1050
			1504	1051
			1503	1051
			1502	1052
			1501	1052
			1500	1053
			1499	1053
			1498	1054
			1497	1054
			1496	1055
			1495	1055
			1494	1056
			1493	1056
			1492	1057
			1491	1057
			1490	1058
			1489	1058
			1488	1059
			1487	1059
			1486	1060
			1485	1060
			1484	1060
			1483	1061
			1482	1061
			1481	1062
			1480	1062
			1479	1063
			1478	1063
			1477	1064
			1476	1064
			1475	1064
			1474	1065
			1473	1065
			1472	1066
			1471	1066
			1470	1066
			1469	1067
			1468	1067
			1467	1068
			1466	1068
			1465	1068
			1464	1069
			1463	1069
			1462	1070
			1461	1070
			1460	1070
			1459	1071
			1458	1071
			1457	1072
			1456	1072
			1455	1072
			1454	1073
			1453	1073
			1452	1073
			1451	1074
			1450	1074
			1449	1074
			1448	1075
			1447	1075
			1446	1075
			1445	1076
			1444	1076
			1443	1076
			1442	1077
			1441	1077
			1440	1077
			1439	1077
			1438	1078
			1437	1078
			1436	1078
			1435	1079
			1434	1079
			1433	1079
			1432	1079
			1432	1080
			1431	1080
			1430	1080
			1429	1080
			1428	1081
			1427	1081
			1426	1081
			1425	1081
			1424	1082
			1423	1082
			1422	1082
			1421	1082
			1420	1083
			1419	1083
			1418	1083
			1417	1083
			1416	1084
			1415	1084
			1414	1084
			1413	1084
			1412	1085
			1411	1085
			1410	1085
			1409	1085
			1408	1085
			1407	1086
			1406	1086
			1405	1086
			1404	1086
			1403	1087
			1402	1087
			1401	1087
			1400	1087
			1399	1087
			1398	1088
			1397	1088
			1396	1088
			1395	1088
			1394	1088
			1393	1088
			1392	1089
			1391	1089
			1390	1089
			1389	1089
			1388	1089
			1387	1089
			1386	1090
			1385	1090
			1384	1090
			1383	1090
			1382	1090
			1381	1090
			1380	1090
			1379	1091
			1378	1091
			1377	1091
			1376	1091
			1375	1091
			1374	1091
			1373	1091
			1372	1091
			1371	1092
			1370	1092
			1369	1092
			1368	1092
			1367	1092
			1366	1092
			1365	1092
			1364	1092
			1363	1093
			1362	1093
			1361	1093
			1360	1093
			1359	1093
			1358	1093
			1357	1093
			1356	1093
			1355	1093
			1354	1093
			1353	1093
			1352	1093
			1351	1094
			1350	1094
			1349	1094
			1348	1094
			1347	1094
			1346	1094
			1345	1094
			1344	1094
			1343	1094
			1342	1094
			1341	1094
			1340	1094
			1339	1094
			1338	1094
			1337	1094
			1336	1094
			1335	1094
			1334	1094
			1333	1094
			1332	1095
			1331	1095
			1330	1095
			1329	1095
			1328	1095
			1327	1095
			1326	1095
			1325	1095
			1324	1095
			1323	1095
			1322	1095
			1321	1095
			1320	1095
			1319	1095
			1318	1095
			1317	1095
			1316	1095
			1315	1095
			1314	1095
			1313	1095
			1312	1095
			1311	1095
			1310	1095
			1309	1095
			1308	1095
			1307	1095
			1306	1095
			1305	1095
			1305	1094
			1304	1094
			1303	1094
			1302	1094
			1301	1094
			1300	1094
			1299	1094
			1298	1094
			1297	1094
			1296	1094
			1295	1094
			1294	1094
			1293	1094
			1292	1094
			1291	1094
			1290	1094
			1289	1094
			1288	1094
			1287	1094
			1286	1094
			1285	1093
			1284	1093
			1283	1093
			1282	1093
			1281	1093
			1280	1093
			1279	1093
			1278	1093
			1277	1093
			1276	1093
			1275	1093
			1274	1093
			1273	1093
			1273	1092
			1272	1092
			1271	1092
			1270	1092
			1269	1092
			1268	1092
			1267	1092
			1266	1092
			1265	1092
			1264	1092
			1263	1092
			1262	1091
			1261	1091
			1260	1091
			1259	1091
			1258	1091
			1257	1091
			1256	1091
			1255	1091
			1254	1090
			1253	1090
			1252	1090
			1251	1090
			1250	1090
			1249	1090
			1248	1090
			1247	1090
			1246	1089
			1245	1089
			1244	1089
			1243	1089
			1242	1089
			1241	1089
			1240	1088
			1239	1088
			1238	1088
			1237	1088
			1236	1088
			1235	1087
			1234	1087
			1233	1087
			1232	1087
			1231	1086
			1230	1086
			1229	1086
			1228	1085
			1227	1085
			1226	1085
			1225	1085
			1224	1084
			1223	1084
			1222	1084
			1221	1084
			1220	1083
			1219	1083
			1218	1082
			1217	1082
			1216	1082
			1215	1082
			1214	1081
			1213	1081
			1212	1081
			1211	1080
			1210	1080
			1209	1080
			1208	1079
			1207	1079
			1206	1079
			1205	1078
			1204	1078
			1203	1078
			1202	1078
			1201	1077
			1200	1077
			1199	1076
			1198	1076
			1197	1076
			1196	1075
			1195	1075
			1194	1075
			1193	1074
			1192	1074
			1191	1074
			1190	1073
			1189	1073
			1188	1073
			1187	1072
			1186	1072
			1185	1072
			1184	1071
			1183	1071
			1182	1071
			1182	1070
			1181	1070
			1180	1070
			1179	1069
			1178	1069
			1177	1069
			1176	1068
			1175	1068
			1174	1068
			1173	1067
			1172	1066
			1171	1066
			1170	1066
			1169	1065
			1168	1065
			1167	1065
			1166	1064
			1165	1064
			1164	1063
			1163	1063
			1162	1063
			1161	1062
			1160	1062
			1159	1061
			1158	1061
			1157	1061
			1157	1060
			1156	1060
			1155	1060
			1154	1059
			1153	1059
			1152	1058
			1151	1058
			1150	1058
			1150	1057
			1149	1057
			1148	1056
			1147	1056
			1146	1056
			1145	1055
			1144	1055
			1143	1054
			1142	1054
			1141	1053
			1140	1053
			1139	1052
			1138	1052
			1137	1051
			1136	1051
			1135	1050
			1134	1050
			1133	1049
			1132	1049
			1131	1048
			1130	1048
			1129	1047
			1128	1047
			1127	1046
			1126	1046
			1125	1045
			1124	1045
			1123	1044
			1122	1044
			1121	1043
			1120	1043
			1119	1042
			1118	1041
			1117	1041
			1116	1040
			1115	1040
			1114	1039
			1113	1039
			1112	1038
			1111	1038
			1110	1037
			1109	1037
			1108	1036
			1107	1036
			1107	1035
			1106	1035
			1105	1034
			1104	1033
			1103	1033
			1102	1032
			1101	1032
			1100	1031
			1099	1031
			1098	1030
			1097	1030
			1096	1029
			1096	1028
			1095	1028
			1094	1027
			1093	1027
			1092	1026
			1091	1026
			1090	1025
			1089	1024
			1088	1024
			1088	1023
			1087	1023
			1086	1022
			1085	1022
			1084	1021
			1083	1020
			1082	1020
			1082	1019
			1081	1019
			1080	1018
			1079	1017
			1078	1017
			1077	1016
			1076	1015
			1075	1014
			1074	1014
			1073	1013
			1072	1012
			1071	1011
			1070	1011
			1069	1010
			1068	1009
			1067	1008
			1066	1008
			1065	1007
			1064	1006
			1063	1005
			1062	1005
			1061	1004
			1060	1003
			1059	1002
			1058	1002
			1057	1001
			1057	1000
			1056	999
			1055	998
			1054	998
			1053	997
			1052	996
			1051	995
			1050	995
			1049	994
			1048	993
			1048	992
			1047	991
			1046	991
			1045	990
			1044	989
			1043	988
			1042	987
			1042	986
			1041	986
			1040	985
			1039	984
			1038	983
			1037	982
			1036	981
			1035	980
			1034	979
			1033	978
			1032	977
			1031	976
			1030	975
			1029	974
			1028	973
			1027	972
			1026	971
			1025	970
			1025	969
			1024	968
			1023	967
			1022	966
			1021	965
			1021	964
			1020	963
			1019	963
			1019	962
			1018	961
			1017	960
			1016	959
			1015	958
			1015	957
			1014	956
			1013	955
			1013	954
			1012	953
			1011	952
			1010	951
			1010	950
			1009	949
			1008	949
			1008	948
			1007	947
			1006	946
			1005	945
			1005	944
			1004	943
			1003	942
			1003	941
			1002	940
			1001	939
			1001	938
			1000	937
			1000	936
			999	935
			998	934
			998	933
			997	932
			996	931
			996	930
			995	929
			995	928
			994	927
			993	926
			993	925
			992	924
			992	923
			991	922
			990	921
			990	920
			989	919
			989	918
			988	917
			988	916
			987	915
			987	914
			986	913
			986	912
			985	911
			984	910
			984	909
			984	908
			983	907
			983	906
			982	905
			982	904
			981	903
			981	902
			980	901
			980	900
			980	899
			979	898
			978	897
			978	896
			978	895
			977	895
			977	894
			977	893
			976	892
			976	891
			976	890
			975	889
			975	888
			974	887
			974	886
			973	885
			973	884
			973	883
			972	882
			972	881
			971	880
			971	879
			971	878
			970	877
			970	876
			970	875
			969	874
			969	873
			969	872
			968	871
			968	870
			968	869
			967	868
			967	867
			967	866
			966	865
			966	864
			966	863
			965	862
			965	861
			965	860
			965	859
			964	858
			964	857
			964	856
			964	855
			963	854
			963	853
			963	852
			962	851
			962	850
			962	849
			962	848
			961	847
			961	846
			961	845
			961	844
			960	843
			960	842
			960	841
			960	840
			960	839
			959	838
			959	837
			959	836
			959	835
			959	834
			959	833
			958	833
			958	832
			958	831
			958	830
			958	829
			958	828
			958	827
			957	826
			957	825
			957	824
			957	823
			957	822
			957	821
			956	820
			956	819
			956	818
			956	817
			956	816
			956	815
			955	814
			955	813
			955	812
			955	811
			955	810
			955	809
			955	808
			955	807
			954	806
			954	805
			954	804
			954	803
			954	802
			954	801
			954	800
			954	799
			954	798
			953	797
			953	796
			953	795
			953	794
			953	793
			953	792
			953	791
			953	790
			952	789
			952	788
			952	787
			952	786
			952	785
			952	784
			952	783
			952	782
			952	781
			952	780
			952	779
			951	778
			951	777
			951	776
			951	775
			951	774
			951	773
			951	772
			951	771
			951	770
			951	769
			951	768
			951	767
			951	766
			950	765
			950	764
			950	763
			950	762
			950	761
			950	760
			950	759
			950	758
			950	757
			950	756
			950	755
			950	754
			950	753
			950	752
			950	751
			950	750
			950	749
			950	748
			950	747
			950	746
			950	745
			949	744
			949	743
			949	742
			949	741
			949	740
			949	739
			949	738
			949	737
			949	736
			949	735
			949	734
			949	733
			949	732
			949	731
			949	730
			949	729
			949	728
			949	727
			949	726
			949	725
			949	724
			949	723
			949	722
			949	721
			949	720
			949	719
			949	718
			949	717
			949	716
			949	715
			949	714
			950	713
			950	712
			950	711
			950	710
			950	709
			950	708
			950	707
			950	706
			950	705
			950	704
			950	703
			950	702
			950	701
			950	700
			950	699
			950	698
			950	697
			950	696
			950	695
			950	694
			951	693
			951	692
			951	691
			951	690
			951	689
			951	688
			951	687
			951	686
			951	685
			951	684
			951	683
			951	682
			952	682
			952	681
			952	680
			952	679
			952	678
			952	677
			952	676
			952	675
			952	674
			952	673
			953	672
			953	671
			953	670
			953	669
			953	668
			953	667
			953	666
			954	665
			954	664
			954	663
			954	662
			954	661
			954	660
			954	659
			954	658
			955	658
			955	657
			955	656
			955	655
			955	654
			955	653
			956	652
			956	651
			956	650
			956	649
			956	648
			956	647
			957	646
			957	645
			957	644
			957	643
			957	642
			958	641
			958	640
			958	639
			958	638
			958	637
			959	636
			959	635
			959	634
			959	633
			960	632
			960	631
			960	630
			960	629
			960	628
			961	627
			961	626
			961	625
			961	624
			962	623
			962	622
			962	621
			963	620
			963	619
			963	618
			963	617
			964	616
			964	615
			964	614
			964	613
			965	613
			965	612
			965	611
			965	610
			965	609
			966	609
			966	608
			966	607
			966	606
			967	606
			967	605
			967	604
			967	603
			968	602
			968	601
			968	600
			969	599
			969	598
			969	597
			970	596
			970	595
			970	594
			971	594
			971	593
			971	592
			972	591
			972	590
			972	589
			973	588
			973	587
			973	586
			974	585
			974	584
			975	583
			975	582
			976	581
			976	580
			976	579
			977	578
			977	577
			977	576
			978	575
			978	574
			979	573
			979	572
			979	571
			980	570
			980	569
			981	568
			981	567
			982	566
			982	565
			983	564
			983	563
			984	562
			984	561
			985	560
			985	559
			985	558
			986	557
			987	556
			987	555
			988	554
			988	553
			988	552
			989	551
			989	550
			990	550
			990	549
			991	548
			991	547
			992	546
			992	545
			993	544
			993	543
			994	542
			995	541
			995	540
			996	539
			997	538
			997	537
			997	536
			998	536
			998	535
			999	534
			999	533
			1000	532
			1001	531
			1001	530
			1002	529
			1002	528
			1003	528
			1003	527
			1004	526
			1005	525
			1005	524
			1006	523
			1006	522
			1007	521
			1008	520
			1009	519
			1009	518
			1010	517
			1011	516
			1012	515
			1012	514
			1013	513
			1014	512
			1015	511
			1015	510
			1016	509
			1017	508
			1018	507
			1018	506
			1019	505
			1020	504
			1021	503
			1022	502
			1022	501
			1023	500
			1024	499
			1025	498
			1026	497
			1026	496
			1027	495
			1028	494
			1029	493
			1030	492
			1031	491
			1031	490
			1032	489
			1033	488
			1034	487
			1035	486
			1036	485
			1037	484
			1037	483
			1038	482
			1039	481
			1040	481
			1041	480
			1042	479
			1043	478
			1044	477
			1045	476
			1046	475
			1046	474
			1047	473
			1048	472
			1049	471
			1050	471
			1051	470
			1052	469
			1053	468
			1054	467
			1055	466
			1056	465
			1057	464
			1058	464
			1059	463
			1060	462
			1061	461
			1062	460
			1063	459
			1064	458
			1065	458
			1066	457
			1067	456
			1068	456
			1069	455
			1070	455
			1070	454
			1071	454
			1072	453
			1073	453
			1073	452
			1074	452
			1075	451
			1076	451
			1077	450
			1078	449
			1079	449
			1080	448
			1081	447
			1082	447
			1083	446
			1084	446
			1085	445
			1086	444
			1087	443
			1088	443
			1089	443
			1089	442
			1090	442
			1091	441
			1092	441
			1093	440
			1094	439
			1095	439
			1096	438
			1097	438
			1097	437
			1098	437
			1099	437
			1100	436
			1101	436
			1102	435
			1103	434
			1104	434
			1105	433
			1106	433
			1107	432
			1108	432
			1109	431
			1110	431
			1111	430
			1112	430
			1113	429
			1114	429
			1115	428
			1116	428
			1117	427
			1118	427
			1119	426
			1120	426
			1121	425
			1122	425
			1122	424
			1123	424
			1124	423
			1125	423
			1126	423
			1127	422
			1128	422
			1129	421
			1130	421
			1131	420
			1132	420
			1133	419
			1134	419
			1135	419
			1136	418
			1137	418
			1138	417
			1139	417
			1140	416
			1141	416
			1142	416
			1143	415
			1144	415
			1145	414
			1146	414
			1147	414
			1148	413
			1149	413
			1150	412
			1151	412
			1152	412
			1153	411
			1154	411
			1155	410
			1156	410
			1157	410
			1157	409
			1158	409
			1159	409
			1160	408
			1161	408
			1162	408
			1163	407
			1164	407
			1165	407
			1166	406
			1167	406
			1168	406
			1169	405
			1170	405
			1171	405
			1172	404
			1173	404
			1174	404
			1175	403
			1176	403
			1177	403
			1178	402
			1179	402
			1180	402
			1181	401
			1182	401
			1183	401
			1184	401
			1185	400
			1186	400
			1187	400
			1188	400
			1189	399
			1190	399
			1191	399
			1192	398
			1193	398
			1194	398
			1195	398
			1196	398
			1197	397
			1198	397
			1199	397
			1200	397
			1201	396
			1202	396
			1203	396
			1204	396
			1205	395
			1206	395
			1207	395
			1208	395
			1209	395
			1210	395
			1211	394
			1212	394
			1213	394
			1214	394
			1215	393
			1216	393
			1217	393
			1218	393
			1219	393
			1220	393
			1221	392
			1222	392
			1223	392
			1224	392
			1225	392
			1226	392
			1227	392
			1228	391
			1229	391
			1230	391
			1231	391
			1232	391
			1233	391
			1234	391
			1235	391
			1235	390
			1236	390
			1237	390
			1238	390
			1239	390
			1240	390
			1241	390
			1242	390
			1243	390
			1244	390
			1245	389
			1246	389
			1247	389
			1248	389
			1249	389
			1250	389
			1251	389
			1252	389
			1253	389
			1254	389
			1255	389
			1256	389
			1257	389
			1258	389
			1259	389
			1260	389
			1261	388
			1262	388
			1263	388
			1264	388
			1265	388
			1266	388
			1267	388
			1268	388
			1269	388
			1270	388
			1271	388
			1272	388
			1273	388
			1274	388
			1275	388
			1276	388
			1277	388
			1278	388
			1279	388
			1280	388
			1281	388
			1282	388
			1283	388
			1284	389
			1285	389
			1286	389
			1287	389
			1288	389
			1289	389
			1290	389
			1291	389
			1292	389
			1293	389
			1294	389
			1295	389
			1296	389
			1297	389
			1298	389
			1299	389
			1300	390
			1301	390
			1302	390
			1303	390
			1304	390
			1305	390
			1306	390
			1307	390
			1308	390
			1309	391
			1310	391
			1311	391
			1312	391
			1313	391
			1314	391
			1315	391
			1316	391
			1317	392
			1318	392
			1319	392
			1320	392
			1321	392
			1322	392
			1323	392
			1324	393
			1325	393
			1326	393
			1327	393
			1328	393
			1329	393
			1330	394
			1331	394
			1332	394
			1333	394
			1334	394
			1335	395
			1336	395
			1337	395
			1338	395
			1339	396
			1340	396
			1341	396
			1342	396
			1343	396
			1344	397
			1345	397
			1346	397
			1347	397
			1348	397
			1348	398
			1349	398
			1350	398
			1351	398
			1352	399
			1353	399
			1354	399
			1355	399
			1356	399
			1357	400
			1358	400
			1359	400
			1360	401
			1361	401
			1362	401
			1363	402
			1364	402
			1365	402
			1366	402
			1367	403
			1368	403
			1369	403
			1370	404
			1371	404
			1372	404
			1373	405
			1374	405
			1375	405
			1376	405
			1377	406
			1378	406
			1379	406
			1379	407
			1380	407
			1381	407
			1382	408
			1383	408
			1384	408
			1385	409
			1386	409
			1387	409
			1388	410
			1389	410
			1390	410
			1391	411
			1392	411
			1393	411
			1394	412
			1395	412
			1396	413
			1397	413
			1398	414
			1399	414
			1400	414
			1401	415
			1402	415
			1403	416
			1404	416
			1405	416
			1406	417
			1407	417
			1408	418
			1409	418
			1410	419
			1411	419
			1412	419
			1413	420
			1414	420
			1415	421
			1416	421
			1417	422
			1418	422
			1419	423
			1420	423
			1421	424
			1422	424
			1423	424
			1424	425
			1425	425
			1426	426
			1427	426
			1428	427
			1429	427
			1430	428
			1431	428
			1432	429
			1433	429
			1434	430
			1435	430
			1436	431
			1437	431
			1438	432
			1439	432
			1440	433
			1441	433
			1442	434
			1443	434
			1443	435
			1444	435
			1445	436
			1446	437
			1447	437
			1448	438
			1449	438
			1450	438
			1451	439
			1452	439
			1453	440
			1454	440
			1455	440
			1455	441
			1456	441
			1457	441
			1458	442
			1459	442
			1460	442
			1461	443
			1462	444
			1463	444
			1464	444
			1465	445
			1466	445
			1467	446
			1468	446
			1469	447
			1470	447
			1471	448
			1472	448
			1473	449
			1474	449
			1475	450
			1476	450
			1477	451
			1478	451
			1479	451
			1480	452
			1481	452
			1482	453
			1483	453
			1484	454
			1485	454
			1486	455
			1487	455
			1488	456
			1489	456
			1490	457
			1491	458
			1492	458
			1493	459
			1494	459
			1495	460
			1496	460
			1497	461
			1498	461
			1499	462
			1500	463
			1501	463
			1502	464
			1503	464
			1504	465
			1505	466
			1506	466
			1507	467
			1508	467
			1508	468
			1509	468
			1510	469
			1511	469
			1512	470
			1513	471
			1514	471
			1515	472
			1516	472
			1517	473
			1518	474
			1519	474
			1520	475
			1521	475
			1522	476
			1522	477
			1523	477
			1524	478
			1525	479
			1526	479
			1527	480
			1528	480
			1529	481
			1530	482
			1531	483
			1532	484
			1533	485
			1534	485
			1535	485
			1535	486
			1536	486
			1537	487
			1538	488
			1539	489
			1540	490
			1541	490
			1542	491
			1543	492
			1544	493
			1545	493
			1546	494
			1547	495
			1548	496
			1549	497
			1550	498
			1551	499
			1552	500
			1553	500
			1554	501
			1555	502
			1556	503
			1557	504
			1558	505
			1559	506
			1560	507
			1561	508
			1562	509
			1563	510
			1564	510
			1565	511
			1566	512
			1567	513
			1568	514
			1569	515
			1570	516
			1571	517
			1572	518
			1573	519
			1574	520
			1575	521
			1576	522
			1577	523
			1578	524
			1579	525
			1580	526
			1580	527
			1581	528
			1582	529
			1583	530
			1584	531
			1585	532
			1586	533
			1587	534
			1588	535
			1588	536
			1589	537
			1590	538
			1591	539
			1592	540
			1593	541
			1594	542
			1595	543
			1595	544
			1596	545
			1597	546
			1598	547
			1598	548
			1599	548
			1599	549
			1600	550
			1601	551
			1602	552
			1602	553
			1603	554
			1603	555
			1604	555
			1604	556
			1605	557
			1606	558
			1606	559
			1607	559
			1607	560
			1608	561
			1609	562
			1609	563
			1610	563
			1610	564
			1611	565
			1611	566
			1612	567
			1612	568
			1613	568
			1614	569
			1614	570
			1615	571
			1615	572
			1616	573
			1617	574
			1617	575
			1618	576
			1619	577
			1619	578
			1620	579
			1621	580
			1621	581
			1622	582
			1622	583
			1623	584
			1623	585
			1624	586
			1625	587
			1625	588
			1626	589
			1626	590
			1627	591
			1627	592
			1628	593
			1628	594
			1629	595
			1629	596
			1630	597
			1630	598
			1631	599
			1632	600
			1633	601
			1633	602
			1633	603
			1634	604
			1634	605
			1635	606
			1635	607
			1636	608
			1636	609
			1637	610
			1637	611
			1638	612
			1638	613
			1639	614
			1639	615
			1640	616
			1640	617
			1641	618
			1641	619
			1642	620
			1642	621
			1643	622
			1643	623
			1644	624
			1644	625
			1645	626
			1645	627
			1645	628
			1646	629
			1646	630
			1646	631
			1647	632
			1648	633
			1648	634
			1648	635
			1648	636
			1649	637
			1649	638
			1650	639
			1650	640
			1651	641
			1651	642
			1651	643
			1652	644
			1652	645
			1653	646
			1653	647
			1653	648
			1654	649
			1654	650
			1654	651
			1655	652
			1655	653
			1656	654
			1656	655
			1656	656
			1657	657
			1657	658
			1657	659
			1658	660
			1658	661
			1658	662
			1659	663
			1659	664
			1659	665
			1660	666
			1660	667
			1660	668
			1661	669
			1661	670
			1661	671
			1662	672
			1662	673
			1662	674
			1663	675
			1663	676
			1663	677
			1664	678
			1664	679
			1664	680
			1664	681
			1665	682
			1665	683
			1665	684
			1665	685
			1666	686
			1666	687
			1666	688
			1667	689
			1667	690
			1667	691
			1667	692
			1668	693
			1668	694
			1668	695
			1668	696
			1669	697
			1669	698
			1669	699
			1670	700
			1670	701
			1670	702
			1670	703
			1671	704
			1671	705
			1671	706
			1671	707
			1671	708
			1671	709
			1671	710
			1671	711
			1672	712
			1672	713
			1672	714
			1672	715
			1672	716
			1672	717
			1672	718
			1672	719
			1672	720
			1672	721
			1672	722
			1672	723
			1673	724
			1673	725
			1673	726
			1673	727
			1673	728
			1673	729
			1673	730
			1673	731
			1673	732
			1673	733
			1673	734
			1673	735
			1673	736
			1673	737
			1673	738
			1673	739
			1673	740
			1674	741
			1674	742
			1674	743
			1674	744
			1674	745
			1674	746
			1674	747
			1674	748
			1674	749
			1674	750
			1674	751
			1674	752
			1674	753
			1674	754
			1674	755
			1674	756
			1674	757
			1674	758
			1674	759
			1674	760
			1674	761
			1674	762
			1674	763
			1674	764
			1674	765
			1674	766
			1674	767
			1674	768
			1674	769
			1674	770
			1674	771
			1674	772
			1674	773
			1674	774
			1674	775
			1674	776
			1674	777
			1674	778
			1674	779
			1673	780
			1673	781
			1673	782
			1673	783
			1673	784
			1673	785
			1673	786
			1673	787
			1673	788
			1673	789
			1673	790
			1673	791
			1673	792
			1673	793
			1673	794
			1673	795
			1672	796
			1672	797
			1672	798
			1672	799
			1672	800
			1672	801
			1672	802
			1672	803
			1672	804
			1672	805
			1672	806
			1671	807
			1671	808
			1671	809
			1671	810
			1671	811
			1671	812
			1671	813
			1671	814
			1670	815
			1670	816
			1670	817
			1670	818
			1670	819
			1670	820
			1670	821
			1670	822
			1669	823
			1669	824
			1669	825
			1669	826
			1669	827
			1669	828
			1669	829
			1668	830
			1668	831
			1668	832
			1668	833
			1668	834
			1667	835
			1667	836
			1667	837
			1667	838
			1667	839
			1666	840
			1666	841
			1666	842
			1666	843
			1666	844
			1665	845
			1665	846
			1665	847
			1665	848
			1665	849
			1664	850
			1664	851
			1664	852
			1664	853
			1664	854
			1663	855
			1663	856
			1663	857
			1663	858
			1662	858
			1662	859
			1662	860
			1662	861
			1661	862
			1661	863
			1661	864
			1661	865
			1660	866
			1660	867
			1660	868
			1659	869
			1659	870
			1659	871
			1659	872
			1658	873
			1658	874
			1658	875
			1657	876
			1657	877
			1657	878
			1657	879
			1656	879
			1656	880
			1656	881
			1655	882
			1655	883
			1655	884
			1654	885
			1654	886
			1654	887
			1653	888
			1653	889
			1653	890
			1652	890
			1652	891
			1652	892
			1651	893
			1651	894
			1651	895
			1650	896
			1650	897
			1650	898
			1649	899
			1649	900
			1648	901
			1648	902
			1647	903
			1647	904
			1647	905
			1646	906
			1646	907
			1645	908
			1645	909
			1645	910
			1644	910
			1644	911
			1644	912
			1643	913
			1643	914
			1642	915
			1642	916
			1641	917
			1641	918
			1641	919
			1640	919
			1640	920
			1639	921
			1639	922
			1638	923
			1638	924
			1637	925
			1637	926
			1637	927
			1636	927
			1636	928
			1635	929
			1635	930
			1634	931
			1634	932
			1633	933
			1633	934
			1632	934
			1632	935
			1631	936
			1631	937
			1630	938
			1630	939
			1629	940
			1628	941
			1628	942
			1627	943
			1627	944
			1626	945
			1625	946
			1625	947
			1624	948
			1623	949
			1623	950
			1622	951
			1621	952
			1621	953
			1620	954
			1619	955
			1619	956
			1618	957
			1617	958
			1617	959
			1616	960
			1615	961
			1615	962
			1614	963
			1613	964
			1613	965
			1612	966
			1611	967
			1611	968
			1610	969
			1609	970
			1608	971
			1608	972
			1607	973
			1606	974
			1605	974
			1605	975
		</Eye>
	</curves.pixel>
	<ruler.points type=matrix rownames=TRUE colnames=FALSE nrow=2 ncol=2 as.numeric=TRUE >
		Ruler point 1	2	1894
		Ruler point 2	104	1894
	</ruler.points>
</shapes>

