<shapes type=list>
	<scaling type=logical names=FALSE length=1 as.numeric=FALSE >NA</scaling>
	<landmarks.pixel type=matrix rownames=TRUE colnames=FALSE nrow=11 ncol=2 as.numeric=TRUE >
		LM1Forehead	2529	103
		LM2UJFront	3091	1586
		LM3UJBack	2436	1874
		LM4LacOrb	2311	1010
		LM5QJoint	2364	1907
		LM6IOPL	2318	2043
		LM7IOPSOP	920	2238
		LM8A2A1	1288	1361
		LM9A1A3	1228	1014
		LM10TopMuscR	1041	681
		LM11TopMuscL	444	649
	</landmarks.pixel>
	<curves.control type=list>
		<Profile type=matrix rownames=FALSE colnames=FALSE nrow=7 ncol=2 as.numeric=TRUE >
			2529	103
			2904	442
			3176	799
			3563	1156
			3515	1452
			3291	1773
			3091	1586
		</Profile>
		<Eye type=matrix rownames=FALSE colnames=FALSE nrow=13 ncol=2 as.numeric=TRUE >
			2311	1010
			2075	1174
			1778	1137
			1536	1041
			1458	787
			1422	472
			1603	296
			1905	97
			2214	260
			2414	375
			2456	599
			2462	859
			2311	1010
		</Eye>
	</curves.control>
	<curves.pixel type=list>
		<Profile type=matrix rownames=FALSE colnames=FALSE nrow=1904 ncol=2 as.numeric=TRUE >
			2529	103
			2530	104
			2531	105
			2532	106
			2533	107
			2534	108
			2535	108
			2536	109
			2537	110
			2538	111
			2539	112
			2540	113
			2541	114
			2542	115
			2543	116
			2544	117
			2545	118
			2546	118
			2547	119
			2548	120
			2549	121
			2550	122
			2551	123
			2552	124
			2553	125
			2554	126
			2555	127
			2556	128
			2557	128
			2558	129
			2559	130
			2560	131
			2561	132
			2562	133
			2563	134
			2564	135
			2565	136
			2566	137
			2567	138
			2568	138
			2569	139
			2570	140
			2571	141
			2572	142
			2573	143
			2574	144
			2575	145
			2576	146
			2577	147
			2578	148
			2579	148
			2580	149
			2581	150
			2582	151
			2583	152
			2584	153
			2585	154
			2586	155
			2587	156
			2588	157
			2589	158
			2590	159
			2591	159
			2592	160
			2593	161
			2594	162
			2595	163
			2595	164
			2596	165
			2597	166
			2598	167
			2599	168
			2600	169
			2601	169
			2602	170
			2603	171
			2604	172
			2605	173
			2606	174
			2607	175
			2608	176
			2609	177
			2610	178
			2611	179
			2612	180
			2613	180
			2614	181
			2615	182
			2616	183
			2617	184
			2618	185
			2619	186
			2620	187
			2621	188
			2622	189
			2623	190
			2624	190
			2625	191
			2626	192
			2627	193
			2628	194
			2629	195
			2630	196
			2631	197
			2631	198
			2632	199
			2633	200
			2634	201
			2635	201
			2636	202
			2637	203
			2638	204
			2639	205
			2640	206
			2641	207
			2642	208
			2643	209
			2644	210
			2645	211
			2646	212
			2647	212
			2648	213
			2649	214
			2650	215
			2651	216
			2652	217
			2653	218
			2654	219
			2655	220
			2656	221
			2656	222
			2657	223
			2658	223
			2659	224
			2660	225
			2661	226
			2662	227
			2663	228
			2664	229
			2665	230
			2666	231
			2667	232
			2668	233
			2669	234
			2670	234
			2671	235
			2672	236
			2673	237
			2674	238
			2675	239
			2676	240
			2676	241
			2677	242
			2678	243
			2679	244
			2680	245
			2681	245
			2682	246
			2683	247
			2684	248
			2685	249
			2686	250
			2687	251
			2688	252
			2689	253
			2690	254
			2691	255
			2692	256
			2693	256
			2694	257
			2694	258
			2695	259
			2696	260
			2697	261
			2698	262
			2699	263
			2700	264
			2701	265
			2702	266
			2703	267
			2704	268
			2705	268
			2706	269
			2707	270
			2708	271
			2709	272
			2709	273
			2710	274
			2711	275
			2712	276
			2713	277
			2714	278
			2715	279
			2716	279
			2717	280
			2718	281
			2719	282
			2720	283
			2721	284
			2722	285
			2723	286
			2723	287
			2724	288
			2725	289
			2726	290
			2727	291
			2728	291
			2729	292
			2730	293
			2731	294
			2732	295
			2733	296
			2734	297
			2735	298
			2736	299
			2736	300
			2737	301
			2738	302
			2739	303
			2740	303
			2741	304
			2742	305
			2743	306
			2744	307
			2745	308
			2746	309
			2747	310
			2748	311
			2748	312
			2749	313
			2750	314
			2751	315
			2752	315
			2753	316
			2754	317
			2755	318
			2756	319
			2757	320
			2758	321
			2759	322
			2759	323
			2760	324
			2761	325
			2762	326
			2763	327
			2764	327
			2765	328
			2766	329
			2767	330
			2768	331
			2769	332
			2770	333
			2770	334
			2771	335
			2772	336
			2773	337
			2774	338
			2775	339
			2776	339
			2777	340
			2778	341
			2779	342
			2780	343
			2780	344
			2781	345
			2782	346
			2783	347
			2784	348
			2785	349
			2786	350
			2787	351
			2788	352
			2789	352
			2790	353
			2790	354
			2791	355
			2792	356
			2793	357
			2794	358
			2795	359
			2796	360
			2797	361
			2798	362
			2799	363
			2799	364
			2800	364
			2801	365
			2802	366
			2803	367
			2804	368
			2805	369
			2806	370
			2807	371
			2808	372
			2808	373
			2809	374
			2810	375
			2811	376
			2812	377
			2813	377
			2814	378
			2815	379
			2816	380
			2816	381
			2817	382
			2818	383
			2819	384
			2820	385
			2821	386
			2822	387
			2823	388
			2824	389
			2824	390
			2825	390
			2826	391
			2827	392
			2828	393
			2829	394
			2830	395
			2831	396
			2832	397
			2832	398
			2833	399
			2834	400
			2835	401
			2836	402
			2837	403
			2838	403
			2839	404
			2840	405
			2840	406
			2841	407
			2842	408
			2843	409
			2844	410
			2845	411
			2846	412
			2847	413
			2847	414
			2848	415
			2849	416
			2850	416
			2851	417
			2852	418
			2853	419
			2854	420
			2855	421
			2855	422
			2856	423
			2857	424
			2858	425
			2859	426
			2860	427
			2861	428
			2862	429
			2862	430
			2863	430
			2864	431
			2865	432
			2866	433
			2867	434
			2868	435
			2868	436
			2869	437
			2870	438
			2871	439
			2872	440
			2873	441
			2874	442
			2875	443
			2876	444
			2877	445
			2878	446
			2879	447
			2880	448
			2881	449
			2882	450
			2882	451
			2883	452
			2884	452
			2885	453
			2885	454
			2886	455
			2887	456
			2888	456
			2888	457
			2889	458
			2890	459
			2890	460
			2891	461
			2892	461
			2893	462
			2893	463
			2894	464
			2895	465
			2896	465
			2896	466
			2897	467
			2898	468
			2899	469
			2900	470
			2901	471
			2902	472
			2903	473
			2904	474
			2905	475
			2905	476
			2906	477
			2907	478
			2908	479
			2909	480
			2910	481
			2911	482
			2912	483
			2913	484
			2913	485
			2914	486
			2915	487
			2916	488
			2917	489
			2918	490
			2919	491
			2920	492
			2920	493
			2921	493
			2922	494
			2923	495
			2924	496
			2925	497
			2926	498
			2927	499
			2928	500
			2928	501
			2929	502
			2930	503
			2931	504
			2932	505
			2933	506
			2934	507
			2935	508
			2935	509
			2936	510
			2937	511
			2938	512
			2939	513
			2940	514
			2941	515
			2941	516
			2942	517
			2943	518
			2944	519
			2945	520
			2946	521
			2947	522
			2948	523
			2948	524
			2949	525
			2950	526
			2951	526
			2952	527
			2953	528
			2954	529
			2954	530
			2955	531
			2956	532
			2957	533
			2958	534
			2959	535
			2960	536
			2961	537
			2961	538
			2962	539
			2963	540
			2964	541
			2965	542
			2966	543
			2967	544
			2967	545
			2968	546
			2969	547
			2970	548
			2971	549
			2972	550
			2973	551
			2973	552
			2974	553
			2975	554
			2976	555
			2977	556
			2978	557
			2979	558
			2979	559
			2980	560
			2981	561
			2982	562
			2983	563
			2984	563
			2985	564
			2985	565
			2986	566
			2987	567
			2988	568
			2989	569
			2990	570
			2990	571
			2991	572
			2992	573
			2993	574
			2994	575
			2995	576
			2996	577
			2996	578
			2997	579
			2998	580
			2999	581
			3000	582
			3001	583
			3001	584
			3002	585
			3003	586
			3004	587
			3005	588
			3006	589
			3006	590
			3007	591
			3008	592
			3009	593
			3010	594
			3011	595
			3012	596
			3012	597
			3013	598
			3014	599
			3015	600
			3016	601
			3017	602
			3017	603
			3018	604
			3019	605
			3020	605
			3021	606
			3022	607
			3022	608
			3023	609
			3024	610
			3025	611
			3026	612
			3027	613
			3027	614
			3028	615
			3029	616
			3030	617
			3031	618
			3032	619
			3032	620
			3033	621
			3034	622
			3035	623
			3036	624
			3036	625
			3037	626
			3038	627
			3039	628
			3040	629
			3041	630
			3041	631
			3042	632
			3043	633
			3044	634
			3045	635
			3046	636
			3046	637
			3047	638
			3048	639
			3049	640
			3050	641
			3050	642
			3051	643
			3052	644
			3053	645
			3054	646
			3055	647
			3055	648
			3056	649
			3057	650
			3058	651
			3059	652
			3059	653
			3060	653
			3061	654
			3062	655
			3063	656
			3063	657
			3064	658
			3065	659
			3066	660
			3067	661
			3068	662
			3068	663
			3069	664
			3070	665
			3071	666
			3072	667
			3072	668
			3073	669
			3074	670
			3075	671
			3076	672
			3076	673
			3077	674
			3078	675
			3079	676
			3080	677
			3080	678
			3081	679
			3082	680
			3083	681
			3084	682
			3084	683
			3085	684
			3086	685
			3087	686
			3088	687
			3088	688
			3089	689
			3090	690
			3091	691
			3092	692
			3092	693
			3093	694
			3094	695
			3095	696
			3096	697
			3096	698
			3097	699
			3098	700
			3099	701
			3100	702
			3100	703
			3101	704
			3102	705
			3103	706
			3104	707
			3104	708
			3105	709
			3106	710
			3107	711
			3108	712
			3108	713
			3109	713
			3110	714
			3111	715
			3112	716
			3112	717
			3113	718
			3114	719
			3115	720
			3115	721
			3116	722
			3117	723
			3118	724
			3119	725
			3119	726
			3120	727
			3121	728
			3122	729
			3123	730
			3123	731
			3124	732
			3125	733
			3126	734
			3126	735
			3127	736
			3128	737
			3129	738
			3130	739
			3130	740
			3131	741
			3132	742
			3133	743
			3133	744
			3134	745
			3135	746
			3136	747
			3137	748
			3137	749
			3138	750
			3139	751
			3140	752
			3140	753
			3141	754
			3142	755
			3143	756
			3144	757
			3144	758
			3145	759
			3146	760
			3147	761
			3147	762
			3148	763
			3149	764
			3150	765
			3150	766
			3151	767
			3152	768
			3153	769
			3154	770
			3154	771
			3155	772
			3156	773
			3157	774
			3157	775
			3158	776
			3159	777
			3160	778
			3160	779
			3161	780
			3162	781
			3163	782
			3163	783
			3164	784
			3165	785
			3166	786
			3167	787
			3167	788
			3168	789
			3169	790
			3170	791
			3170	792
			3171	793
			3172	794
			3173	795
			3173	796
			3174	797
			3175	798
			3176	799
			3177	800
			3178	800
			3179	801
			3180	802
			3181	803
			3182	804
			3183	805
			3184	806
			3185	807
			3186	808
			3187	809
			3188	810
			3189	811
			3190	812
			3191	813
			3192	814
			3193	815
			3194	816
			3195	817
			3196	818
			3197	819
			3198	820
			3199	821
			3200	821
			3200	822
			3201	823
			3202	823
			3203	824
			3203	825
			3204	825
			3205	826
			3206	827
			3206	828
			3207	828
			3208	829
			3209	830
			3210	831
			3211	832
			3212	833
			3213	834
			3214	835
			3215	836
			3216	837
			3217	838
			3218	839
			3219	840
			3220	841
			3221	842
			3222	843
			3223	844
			3224	845
			3225	845
			3225	846
			3226	847
			3227	848
			3228	848
			3228	849
			3229	850
			3230	850
			3231	851
			3231	852
			3232	853
			3233	853
			3234	854
			3234	855
			3235	856
			3236	856
			3236	857
			3237	858
			3238	859
			3239	859
			3239	860
			3240	861
			3241	861
			3242	862
			3242	863
			3243	864
			3244	864
			3244	865
			3245	866
			3246	867
			3247	867
			3247	868
			3248	869
			3249	869
			3249	870
			3250	871
			3251	872
			3252	872
			3252	873
			3253	874
			3254	875
			3255	876
			3256	877
			3257	878
			3258	879
			3259	880
			3260	881
			3261	882
			3262	883
			3263	884
			3264	885
			3265	886
			3266	887
			3267	888
			3267	889
			3268	890
			3269	890
			3269	891
			3270	892
			3271	893
			3272	893
			3272	894
			3273	895
			3274	896
			3275	897
			3276	898
			3277	899
			3278	900
			3278	901
			3279	901
			3280	902
			3281	903
			3282	904
			3283	905
			3283	906
			3284	907
			3285	908
			3286	909
			3287	910
			3288	910
			3288	911
			3289	912
			3290	913
			3291	914
			3292	915
			3292	916
			3293	917
			3294	918
			3295	919
			3296	919
			3297	920
			3297	921
			3298	922
			3299	923
			3300	924
			3301	925
			3301	926
			3302	927
			3303	927
			3304	928
			3305	929
			3305	930
			3306	931
			3307	932
			3308	933
			3308	934
			3309	935
			3310	935
			3311	936
			3312	937
			3312	938
			3313	939
			3314	940
			3315	941
			3315	942
			3316	943
			3317	943
			3318	944
			3319	945
			3319	946
			3320	947
			3321	948
			3322	949
			3322	950
			3323	951
			3324	951
			3325	952
			3325	953
			3326	954
			3327	955
			3328	956
			3328	957
			3329	958
			3330	959
			3331	959
			3331	960
			3332	961
			3333	962
			3334	963
			3334	964
			3335	965
			3336	966
			3336	967
			3337	967
			3338	968
			3339	969
			3339	970
			3340	971
			3341	972
			3342	973
			3342	974
			3343	974
			3344	975
			3344	976
			3345	977
			3346	978
			3347	979
			3347	980
			3348	981
			3349	982
			3350	983
			3351	984
			3352	985
			3353	986
			3353	987
			3354	988
			3354	989
			3355	989
			3355	990
			3356	991
			3357	992
			3358	993
			3359	994
			3359	995
			3360	996
			3361	997
			3362	998
			3362	999
			3363	1000
			3364	1001
			3365	1002
			3365	1003
			3366	1004
			3367	1005
			3368	1006
			3369	1007
			3369	1008
			3370	1009
			3371	1010
			3372	1011
			3372	1012
			3373	1013
			3374	1014
			3374	1015
			3375	1015
			3375	1016
			3376	1017
			3376	1018
			3377	1018
			3378	1019
			3378	1020
			3379	1021
			3379	1022
			3380	1022
			3381	1023
			3381	1024
			3382	1025
			3383	1026
			3383	1027
			3384	1028
			3385	1029
			3385	1030
			3386	1031
			3387	1032
			3387	1033
			3388	1034
			3389	1035
			3389	1036
			3390	1036
			3391	1037
			3391	1038
			3392	1039
			3393	1040
			3393	1041
			3394	1042
			3395	1043
			3395	1044
			3396	1045
			3397	1046
			3397	1047
			3398	1048
			3399	1049
			3399	1050
			3400	1050
			3400	1051
			3401	1052
			3402	1053
			3402	1054
			3403	1055
			3404	1056
			3404	1057
			3405	1058
			3405	1059
			3406	1060
			3407	1061
			3407	1062
			3408	1062
			3409	1063
			3409	1064
			3410	1065
			3410	1066
			3411	1067
			3412	1068
			3412	1069
			3413	1070
			3413	1071
			3414	1072
			3415	1073
			3415	1074
			3416	1075
			3417	1076
			3418	1077
			3418	1078
			3419	1079
			3419	1080
			3420	1081
			3421	1082
			3421	1083
			3422	1084
			3422	1085
			3423	1085
			3423	1086
			3424	1087
			3424	1088
			3425	1089
			3426	1090
			3426	1091
			3427	1092
			3427	1093
			3428	1094
			3429	1095
			3429	1096
			3430	1097
			3430	1098
			3431	1099
			3431	1100
			3432	1101
			3432	1102
			3433	1103
			3434	1103
			3434	1104
			3435	1105
			3435	1106
			3436	1107
			3436	1108
			3437	1109
			3437	1110
			3438	1111
			3439	1112
			3439	1113
			3440	1114
			3440	1115
			3441	1116
			3441	1117
			3442	1118
			3442	1119
			3443	1120
			3443	1121
			3444	1121
			3444	1122
			3445	1123
			3445	1124
			3446	1125
			3446	1126
			3447	1127
			3448	1128
			3448	1129
			3449	1130
			3449	1131
			3450	1132
			3450	1133
			3451	1134
			3451	1135
			3452	1136
			3452	1137
			3453	1137
			3453	1138
			3454	1139
			3454	1140
			3455	1141
			3455	1142
			3455	1143
			3456	1144
			3456	1145
			3457	1146
			3457	1147
			3458	1148
			3458	1149
			3459	1150
			3459	1151
			3460	1152
			3461	1153
			3461	1154
			3461	1155
			3462	1155
			3462	1156
			3462	1157
			3463	1157
			3463	1158
			3463	1159
			3464	1159
			3464	1160
			3464	1161
			3465	1161
			3465	1162
			3465	1163
			3466	1164
			3466	1165
			3467	1166
			3467	1167
			3468	1168
			3468	1169
			3469	1170
			3469	1171
			3470	1172
			3470	1173
			3470	1174
			3471	1175
			3471	1176
			3472	1177
			3472	1178
			3473	1179
			3473	1180
			3474	1181
			3474	1182
			3474	1183
			3475	1184
			3475	1185
			3476	1186
			3476	1187
			3476	1188
			3477	1189
			3478	1190
			3478	1191
			3478	1192
			3479	1192
			3479	1193
			3479	1194
			3479	1195
			3480	1195
			3480	1196
			3480	1197
			3481	1197
			3481	1198
			3481	1199
			3482	1200
			3482	1201
			3483	1202
			3483	1203
			3483	1204
			3484	1205
			3484	1206
			3485	1207
			3485	1208
			3485	1209
			3486	1210
			3486	1211
			3486	1212
			3487	1213
			3487	1214
			3488	1215
			3488	1216
			3488	1217
			3489	1218
			3489	1219
			3489	1220
			3490	1221
			3490	1222
			3490	1223
			3491	1224
			3491	1225
			3491	1226
			3492	1227
			3492	1228
			3492	1229
			3493	1230
			3493	1231
			3493	1232
			3494	1233
			3494	1234
			3494	1235
			3495	1236
			3495	1237
			3495	1238
			3496	1239
			3496	1240
			3496	1241
			3497	1242
			3497	1243
			3497	1244
			3498	1245
			3498	1246
			3498	1247
			3499	1248
			3499	1249
			3499	1250
			3499	1251
			3500	1251
			3500	1252
			3500	1253
			3501	1254
			3501	1255
			3501	1256
			3501	1257
			3502	1258
			3502	1259
			3502	1260
			3503	1261
			3503	1262
			3503	1263
			3503	1264
			3504	1265
			3504	1266
			3504	1267
			3504	1268
			3505	1269
			3505	1270
			3505	1271
			3505	1272
			3506	1273
			3506	1274
			3506	1275
			3506	1276
			3507	1277
			3507	1278
			3507	1279
			3507	1280
			3508	1281
			3508	1282
			3508	1283
			3508	1284
			3508	1285
			3509	1285
			3509	1286
			3509	1287
			3509	1288
			3510	1289
			3510	1290
			3510	1291
			3510	1292
			3510	1293
			3511	1294
			3511	1295
			3511	1296
			3511	1297
			3511	1298
			3512	1299
			3512	1300
			3512	1301
			3512	1302
			3512	1303
			3513	1304
			3513	1305
			3513	1306
			3513	1307
			3513	1308
			3513	1309
			3514	1310
			3514	1311
			3514	1312
			3514	1313
			3514	1314
			3514	1315
			3515	1316
			3515	1317
			3515	1318
			3515	1319
			3515	1320
			3515	1321
			3516	1322
			3516	1323
			3516	1324
			3516	1325
			3516	1326
			3516	1327
			3516	1328
			3517	1329
			3517	1330
			3517	1331
			3517	1332
			3517	1333
			3517	1334
			3517	1335
			3517	1336
			3518	1337
			3518	1338
			3518	1339
			3518	1340
			3518	1341
			3518	1342
			3518	1343
			3518	1344
			3518	1345
			3518	1346
			3519	1347
			3519	1348
			3519	1349
			3519	1350
			3519	1351
			3519	1352
			3519	1353
			3519	1354
			3519	1355
			3519	1356
			3519	1357
			3519	1358
			3519	1359
			3519	1360
			3520	1361
			3520	1362
			3520	1363
			3520	1364
			3520	1365
			3520	1366
			3520	1367
			3520	1368
			3520	1369
			3520	1370
			3520	1371
			3520	1372
			3520	1373
			3520	1374
			3520	1375
			3520	1376
			3520	1377
			3520	1378
			3520	1379
			3520	1380
			3520	1381
			3520	1382
			3520	1383
			3520	1384
			3520	1385
			3520	1386
			3520	1387
			3520	1388
			3520	1389
			3520	1390
			3520	1391
			3520	1392
			3520	1393
			3520	1394
			3520	1395
			3520	1396
			3520	1397
			3520	1398
			3520	1399
			3520	1400
			3520	1401
			3520	1402
			3520	1403
			3520	1404
			3520	1405
			3520	1406
			3520	1407
			3520	1408
			3520	1409
			3520	1410
			3520	1411
			3519	1412
			3519	1413
			3519	1414
			3519	1415
			3519	1416
			3519	1417
			3519	1418
			3519	1419
			3519	1420
			3519	1421
			3519	1422
			3519	1423
			3519	1424
			3518	1425
			3518	1426
			3518	1427
			3518	1428
			3518	1429
			3518	1430
			3518	1431
			3518	1432
			3518	1433
			3517	1434
			3517	1435
			3517	1436
			3517	1437
			3517	1438
			3517	1439
			3517	1440
			3517	1441
			3516	1442
			3516	1443
			3516	1444
			3516	1445
			3516	1446
			3516	1447
			3516	1448
			3515	1449
			3515	1450
			3515	1451
			3515	1452
			3514	1453
			3514	1454
			3513	1455
			3512	1456
			3511	1457
			3511	1458
			3510	1459
			3509	1460
			3508	1461
			3508	1462
			3507	1463
			3507	1464
			3506	1465
			3505	1466
			3504	1467
			3504	1468
			3503	1469
			3502	1470
			3501	1471
			3501	1472
			3500	1473
			3500	1474
			3499	1474
			3498	1475
			3498	1476
			3497	1477
			3496	1478
			3496	1479
			3495	1480
			3494	1481
			3493	1482
			3492	1483
			3492	1484
			3491	1485
			3490	1486
			3489	1487
			3489	1488
			3488	1489
			3487	1490
			3486	1491
			3485	1492
			3485	1493
			3484	1494
			3483	1495
			3482	1496
			3482	1497
			3481	1498
			3480	1499
			3479	1500
			3479	1501
			3478	1502
			3477	1503
			3476	1504
			3475	1505
			3475	1506
			3474	1507
			3473	1508
			3472	1509
			3472	1510
			3471	1511
			3470	1511
			3469	1512
			3469	1513
			3468	1514
			3467	1515
			3466	1516
			3466	1517
			3465	1518
			3464	1519
			3463	1520
			3463	1521
			3462	1522
			3461	1522
			3460	1523
			3459	1524
			3459	1525
			3458	1526
			3457	1527
			3456	1528
			3456	1529
			3455	1529
			3454	1530
			3453	1531
			3453	1532
			3452	1533
			3451	1534
			3450	1535
			3449	1536
			3448	1537
			3447	1538
			3446	1539
			3445	1540
			3444	1541
			3443	1542
			3442	1543
			3442	1544
			3441	1545
			3440	1546
			3439	1547
			3438	1548
			3437	1549
			3436	1550
			3435	1551
			3434	1552
			3433	1553
			3432	1554
			3432	1555
			3431	1556
			3430	1557
			3429	1558
			3428	1559
			3427	1559
			3426	1560
			3425	1561
			3424	1562
			3423	1563
			3422	1564
			3422	1565
			3421	1566
			3420	1567
			3419	1567
			3418	1568
			3417	1569
			3416	1570
			3415	1571
			3414	1572
			3413	1573
			3412	1574
			3411	1575
			3410	1576
			3409	1576
			3409	1577
			3408	1578
			3407	1578
			3407	1579
			3406	1579
			3405	1580
			3405	1581
			3404	1581
			3403	1582
			3402	1583
			3401	1584
			3400	1585
			3399	1586
			3398	1586
			3397	1587
			3396	1588
			3395	1589
			3394	1590
			3393	1591
			3392	1591
			3391	1592
			3390	1593
			3389	1594
			3388	1594
			3387	1595
			3386	1596
			3386	1597
			3385	1597
			3384	1598
			3383	1599
			3382	1600
			3381	1600
			3380	1601
			3379	1602
			3378	1602
			3377	1603
			3376	1604
			3375	1605
			3374	1605
			3373	1606
			3373	1607
			3372	1607
			3371	1608
			3370	1609
			3369	1609
			3368	1610
			3367	1610
			3366	1611
			3365	1612
			3364	1612
			3363	1613
			3362	1614
			3361	1614
			3361	1615
			3360	1615
			3359	1616
			3358	1617
			3357	1617
			3356	1618
			3355	1618
			3354	1619
			3353	1620
			3352	1620
			3351	1621
			3350	1621
			3349	1622
			3348	1623
			3347	1624
			3346	1624
			3345	1624
			3345	1625
			3344	1625
			3343	1626
			3342	1626
			3341	1627
			3340	1627
			3339	1628
			3338	1628
			3337	1629
			3336	1630
			3335	1630
			3334	1631
			3333	1631
			3332	1632
			3331	1632
			3330	1633
			3329	1633
			3328	1633
			3327	1634
			3326	1634
			3325	1635
			3324	1635
			3323	1636
			3322	1636
			3322	1637
			3321	1637
			3320	1637
			3319	1638
			3318	1638
			3317	1639
			3316	1639
			3315	1639
			3314	1640
			3313	1640
			3312	1641
			3311	1641
			3310	1641
			3309	1642
			3308	1642
			3307	1642
			3306	1643
			3305	1643
			3304	1644
			3303	1644
			3302	1644
			3302	1645
			3301	1645
			3300	1645
			3299	1645
			3298	1646
			3297	1646
			3296	1646
			3295	1647
			3294	1647
			3293	1647
			3292	1648
			3291	1648
			3290	1648
			3289	1648
			3288	1649
			3287	1649
			3286	1649
			3285	1649
			3284	1650
			3283	1650
			3282	1650
			3281	1650
			3280	1651
			3279	1651
			3278	1651
			3277	1651
			3276	1651
			3275	1652
			3274	1652
			3273	1652
			3272	1652
			3271	1652
			3270	1652
			3269	1653
			3268	1653
			3267	1653
			3266	1653
			3265	1653
			3264	1653
			3263	1654
			3262	1654
			3261	1654
			3260	1654
			3259	1654
			3258	1654
			3257	1654
			3256	1654
			3255	1654
			3254	1654
			3253	1654
			3252	1655
			3251	1655
			3250	1655
			3249	1655
			3248	1655
			3247	1655
			3246	1655
			3245	1655
			3244	1655
			3243	1655
			3242	1655
			3241	1655
			3240	1655
			3239	1655
			3238	1655
			3237	1655
			3236	1655
			3235	1655
			3234	1655
			3233	1655
			3232	1655
			3231	1654
			3230	1654
			3229	1654
			3228	1654
			3227	1654
			3226	1654
			3225	1654
			3224	1654
			3223	1654
			3222	1654
			3221	1654
			3220	1653
			3219	1653
			3218	1653
			3217	1653
			3216	1653
			3215	1653
			3214	1653
			3213	1652
			3212	1652
			3211	1652
			3210	1652
			3209	1652
			3208	1652
			3207	1651
			3206	1651
			3205	1651
			3204	1651
			3203	1650
			3202	1650
			3201	1650
			3200	1650
			3199	1650
			3198	1649
			3197	1649
			3196	1649
			3195	1648
			3194	1648
			3193	1648
			3192	1648
			3191	1647
			3190	1647
			3189	1647
			3188	1646
			3187	1646
			3186	1646
			3185	1645
			3184	1645
			3183	1645
			3182	1644
			3181	1644
			3180	1644
			3179	1643
			3178	1643
			3177	1643
			3176	1642
			3175	1642
			3174	1642
			3174	1641
			3173	1641
			3172	1640
			3171	1640
			3170	1639
			3169	1639
			3168	1639
			3167	1638
			3166	1638
			3165	1637
			3164	1637
			3163	1636
			3162	1636
			3161	1635
			3160	1635
			3159	1634
			3158	1634
			3157	1634
			3156	1633
			3155	1632
			3154	1632
			3153	1631
			3152	1631
			3151	1630
			3150	1630
			3149	1629
			3148	1629
			3147	1628
			3146	1628
			3145	1627
			3144	1627
			3143	1626
			3142	1625
			3141	1625
			3140	1624
			3139	1624
			3138	1623
			3137	1622
			3136	1621
			3135	1621
			3134	1620
			3133	1620
			3133	1619
			3132	1619
			3131	1618
			3130	1617
			3129	1617
			3128	1616
			3127	1615
			3126	1615
			3125	1614
			3124	1614
			3124	1613
			3123	1612
			3122	1612
			3121	1611
			3120	1611
			3119	1610
			3119	1609
			3118	1609
			3117	1608
			3116	1607
			3115	1607
			3114	1606
			3114	1605
			3113	1605
			3112	1604
			3111	1603
			3110	1603
			3109	1602
			3109	1601
			3108	1601
			3107	1600
			3106	1599
			3105	1599
			3104	1598
			3104	1597
			3103	1597
			3102	1596
			3101	1595
			3100	1594
			3099	1594
			3099	1593
			3098	1592
			3097	1592
			3096	1591
			3095	1590
			3095	1589
			3094	1589
			3093	1588
			3092	1587
			3091	1586
		</Profile>
		<Eye type=matrix rownames=FALSE colnames=FALSE nrow=2947 ncol=2 as.numeric=TRUE >
			2311	1010
			2310	1011
			2309	1011
			2308	1012
			2307	1013
			2306	1013
			2306	1014
			2305	1014
			2304	1015
			2303	1016
			2302	1016
			2301	1017
			2300	1017
			2299	1018
			2298	1019
			2297	1019
			2296	1020
			2295	1021
			2294	1022
			2293	1022
			2292	1023
			2291	1023
			2291	1024
			2290	1024
			2289	1025
			2288	1025
			2287	1026
			2286	1027
			2285	1027
			2284	1028
			2283	1028
			2283	1029
			2282	1029
			2281	1030
			2280	1030
			2279	1031
			2278	1032
			2277	1033
			2276	1033
			2275	1034
			2274	1034
			2273	1035
			2272	1035
			2271	1036
			2270	1037
			2269	1037
			2268	1038
			2267	1038
			2266	1039
			2265	1040
			2264	1040
			2263	1041
			2262	1041
			2261	1042
			2260	1042
			2259	1043
			2258	1044
			2257	1044
			2256	1045
			2255	1046
			2254	1046
			2253	1047
			2252	1047
			2251	1048
			2250	1049
			2249	1049
			2248	1050
			2247	1050
			2246	1051
			2245	1051
			2245	1052
			2244	1052
			2243	1052
			2242	1053
			2241	1053
			2240	1054
			2239	1054
			2239	1055
			2238	1055
			2237	1056
			2236	1056
			2235	1057
			2234	1057
			2234	1058
			2233	1058
			2232	1058
			2231	1059
			2230	1059
			2229	1060
			2228	1060
			2228	1061
			2227	1061
			2226	1062
			2225	1062
			2224	1062
			2223	1063
			2222	1063
			2222	1064
			2221	1064
			2220	1065
			2219	1065
			2218	1066
			2217	1066
			2216	1066
			2216	1067
			2215	1067
			2214	1068
			2213	1068
			2212	1069
			2211	1069
			2210	1069
			2210	1070
			2209	1070
			2208	1071
			2207	1071
			2206	1071
			2205	1072
			2204	1072
			2204	1073
			2203	1073
			2202	1074
			2201	1074
			2200	1074
			2199	1075
			2198	1075
			2198	1076
			2197	1076
			2196	1076
			2195	1077
			2194	1077
			2193	1078
			2192	1078
			2191	1078
			2191	1079
			2190	1079
			2189	1080
			2188	1080
			2187	1080
			2186	1081
			2185	1081
			2185	1082
			2184	1082
			2183	1082
			2182	1083
			2181	1083
			2180	1083
			2179	1084
			2178	1084
			2178	1085
			2177	1085
			2176	1085
			2175	1086
			2174	1086
			2173	1086
			2172	1087
			2171	1087
			2171	1088
			2170	1088
			2169	1088
			2168	1089
			2167	1089
			2166	1089
			2165	1090
			2164	1090
			2163	1091
			2162	1091
			2161	1092
			2160	1092
			2159	1092
			2158	1093
			2157	1093
			2156	1094
			2155	1094
			2154	1094
			2153	1095
			2152	1095
			2151	1095
			2150	1096
			2149	1096
			2148	1096
			2147	1097
			2146	1097
			2146	1098
			2145	1098
			2144	1098
			2143	1099
			2142	1099
			2141	1099
			2140	1100
			2139	1100
			2138	1100
			2137	1101
			2136	1101
			2135	1101
			2134	1102
			2133	1102
			2132	1103
			2131	1103
			2130	1103
			2129	1104
			2128	1104
			2127	1104
			2126	1105
			2125	1105
			2124	1105
			2123	1106
			2122	1106
			2121	1106
			2120	1107
			2119	1107
			2118	1107
			2117	1108
			2116	1108
			2115	1108
			2114	1109
			2113	1109
			2112	1109
			2111	1109
			2110	1110
			2109	1110
			2108	1110
			2107	1111
			2106	1111
			2105	1111
			2104	1112
			2103	1112
			2102	1112
			2101	1112
			2100	1113
			2099	1113
			2098	1114
			2097	1114
			2096	1114
			2095	1114
			2094	1115
			2093	1115
			2092	1115
			2091	1116
			2090	1116
			2089	1116
			2088	1116
			2088	1117
			2087	1117
			2086	1117
			2085	1117
			2084	1117
			2083	1118
			2082	1118
			2081	1118
			2080	1119
			2079	1119
			2078	1119
			2077	1119
			2076	1120
			2075	1120
			2074	1120
			2073	1121
			2072	1121
			2071	1121
			2070	1121
			2069	1122
			2068	1122
			2067	1122
			2066	1122
			2065	1122
			2064	1123
			2063	1123
			2062	1123
			2061	1123
			2060	1124
			2059	1124
			2058	1124
			2057	1124
			2056	1125
			2055	1125
			2054	1125
			2053	1125
			2052	1126
			2051	1126
			2050	1126
			2049	1126
			2048	1126
			2047	1127
			2046	1127
			2045	1127
			2044	1127
			2043	1128
			2042	1128
			2041	1128
			2040	1128
			2039	1128
			2038	1129
			2037	1129
			2036	1129
			2035	1129
			2034	1129
			2033	1130
			2032	1130
			2031	1130
			2030	1130
			2029	1130
			2028	1131
			2027	1131
			2026	1131
			2025	1131
			2024	1131
			2023	1132
			2022	1132
			2021	1132
			2020	1132
			2019	1132
			2018	1132
			2017	1133
			2016	1133
			2015	1133
			2014	1133
			2013	1133
			2012	1133
			2011	1134
			2010	1134
			2009	1134
			2008	1134
			2007	1134
			2006	1134
			2005	1135
			2004	1135
			2003	1135
			2002	1135
			2001	1135
			2000	1135
			1999	1135
			1998	1136
			1997	1136
			1996	1136
			1995	1136
			1994	1136
			1993	1136
			1992	1136
			1992	1137
			1991	1137
			1990	1137
			1989	1137
			1988	1137
			1987	1137
			1986	1137
			1985	1137
			1985	1138
			1984	1138
			1983	1138
			1982	1138
			1981	1138
			1980	1138
			1979	1138
			1978	1138
			1977	1138
			1976	1139
			1975	1139
			1974	1139
			1973	1139
			1972	1139
			1971	1139
			1970	1139
			1969	1139
			1968	1139
			1967	1140
			1966	1140
			1965	1140
			1964	1140
			1963	1140
			1962	1140
			1961	1140
			1960	1140
			1959	1140
			1958	1140
			1958	1141
			1957	1141
			1956	1141
			1955	1141
			1954	1141
			1953	1141
			1952	1141
			1951	1141
			1950	1141
			1949	1141
			1948	1141
			1947	1141
			1946	1142
			1945	1142
			1944	1142
			1943	1142
			1942	1142
			1941	1142
			1940	1142
			1939	1142
			1938	1142
			1937	1142
			1936	1142
			1935	1142
			1934	1142
			1933	1142
			1932	1142
			1931	1142
			1930	1143
			1929	1143
			1928	1143
			1927	1143
			1926	1143
			1925	1143
			1924	1143
			1923	1143
			1922	1143
			1921	1143
			1920	1143
			1919	1143
			1918	1143
			1917	1143
			1916	1143
			1915	1143
			1914	1143
			1913	1143
			1912	1143
			1911	1143
			1910	1143
			1909	1143
			1908	1143
			1907	1144
			1906	1144
			1905	1144
			1904	1144
			1903	1144
			1902	1144
			1901	1144
			1900	1144
			1899	1144
			1898	1144
			1897	1144
			1896	1144
			1895	1144
			1894	1144
			1893	1144
			1892	1144
			1891	1144
			1890	1144
			1889	1144
			1888	1144
			1887	1144
			1886	1144
			1885	1144
			1884	1144
			1883	1144
			1882	1144
			1881	1144
			1880	1144
			1879	1144
			1878	1144
			1877	1144
			1876	1144
			1875	1144
			1874	1144
			1873	1144
			1872	1144
			1871	1144
			1870	1144
			1869	1144
			1868	1144
			1867	1144
			1866	1144
			1865	1144
			1864	1144
			1863	1143
			1862	1143
			1861	1143
			1860	1143
			1859	1143
			1858	1143
			1857	1143
			1856	1143
			1855	1143
			1854	1143
			1853	1143
			1852	1143
			1851	1143
			1850	1143
			1849	1143
			1848	1143
			1847	1143
			1846	1143
			1845	1143
			1844	1143
			1843	1143
			1842	1143
			1841	1143
			1840	1143
			1839	1142
			1838	1142
			1837	1142
			1836	1142
			1835	1142
			1834	1142
			1833	1142
			1832	1142
			1831	1142
			1830	1142
			1829	1142
			1828	1142
			1827	1142
			1826	1142
			1825	1142
			1824	1142
			1823	1141
			1822	1141
			1821	1141
			1820	1141
			1819	1141
			1818	1141
			1817	1141
			1816	1141
			1815	1141
			1814	1141
			1813	1141
			1812	1141
			1811	1141
			1810	1140
			1809	1140
			1808	1140
			1807	1140
			1806	1140
			1805	1140
			1804	1140
			1803	1140
			1802	1140
			1801	1140
			1800	1139
			1799	1139
			1798	1139
			1797	1139
			1796	1139
			1795	1139
			1794	1139
			1793	1139
			1792	1139
			1791	1139
			1790	1138
			1789	1138
			1788	1138
			1787	1138
			1786	1138
			1785	1138
			1784	1138
			1783	1138
			1782	1138
			1782	1137
			1781	1137
			1780	1137
			1779	1137
			1778	1137
			1777	1137
			1776	1136
			1775	1136
			1774	1135
			1773	1135
			1772	1135
			1771	1134
			1770	1134
			1769	1134
			1769	1133
			1768	1133
			1767	1132
			1766	1132
			1765	1132
			1764	1131
			1763	1131
			1762	1130
			1761	1130
			1760	1130
			1759	1129
			1758	1129
			1757	1128
			1756	1128
			1755	1127
			1754	1127
			1753	1127
			1752	1126
			1751	1126
			1750	1125
			1749	1125
			1748	1124
			1747	1124
			1746	1123
			1745	1123
			1744	1122
			1743	1122
			1742	1122
			1742	1121
			1741	1121
			1740	1121
			1739	1120
			1738	1120
			1737	1119
			1736	1119
			1735	1118
			1734	1118
			1734	1117
			1733	1117
			1732	1117
			1731	1116
			1730	1116
			1730	1115
			1729	1115
			1728	1115
			1727	1114
			1726	1114
			1726	1113
			1725	1113
			1724	1113
			1723	1112
			1722	1112
			1722	1111
			1721	1111
			1720	1110
			1719	1110
			1718	1110
			1718	1109
			1717	1109
			1716	1108
			1715	1108
			1714	1108
			1714	1107
			1713	1107
			1712	1106
			1711	1106
			1711	1105
			1710	1105
			1709	1105
			1708	1104
			1707	1104
			1707	1103
			1706	1103
			1705	1102
			1704	1102
			1703	1101
			1702	1101
			1701	1100
			1700	1100
			1699	1099
			1698	1099
			1697	1098
			1696	1097
			1695	1096
			1694	1096
			1693	1095
			1692	1095
			1691	1094
			1690	1093
			1689	1093
			1688	1092
			1687	1092
			1686	1091
			1685	1090
			1684	1090
			1683	1089
			1682	1089
			1681	1088
			1680	1088
			1679	1087
			1678	1086
			1677	1086
			1677	1085
			1676	1085
			1675	1084
			1674	1084
			1673	1083
			1672	1082
			1671	1082
			1670	1081
			1669	1081
			1668	1080
			1668	1079
			1667	1079
			1666	1078
			1665	1078
			1664	1077
			1663	1076
			1662	1076
			1661	1075
			1660	1074
			1659	1073
			1658	1073
			1657	1072
			1656	1071
			1655	1070
			1654	1070
			1653	1069
			1652	1069
			1652	1068
			1651	1068
			1650	1067
			1649	1066
			1648	1065
			1647	1065
			1646	1064
			1645	1063
			1644	1063
			1644	1062
			1643	1062
			1642	1061
			1641	1060
			1640	1059
			1639	1059
			1638	1058
			1637	1057
			1636	1057
			1636	1056
			1635	1055
			1634	1055
			1633	1054
			1632	1053
			1631	1053
			1630	1052
			1630	1051
			1629	1051
			1628	1050
			1627	1049
			1626	1048
			1625	1048
			1625	1047
			1624	1046
			1623	1046
			1622	1045
			1621	1044
			1620	1043
			1619	1042
			1618	1041
			1617	1040
			1616	1039
			1615	1039
			1614	1038
			1613	1037
			1612	1036
			1611	1035
			1610	1034
			1609	1033
			1608	1032
			1607	1032
			1606	1031
			1605	1030
			1604	1029
			1603	1028
			1602	1027
			1601	1026
			1600	1025
			1599	1024
			1598	1023
			1597	1023
			1596	1022
			1596	1021
			1595	1020
			1594	1019
			1593	1018
			1592	1017
			1591	1016
			1590	1015
			1589	1014
			1588	1013
			1587	1012
			1586	1011
			1585	1010
			1584	1009
			1583	1008
			1582	1007
			1581	1006
			1580	1005
			1579	1004
			1579	1003
			1578	1003
			1577	1002
			1576	1001
			1576	1000
			1575	999
			1574	998
			1573	998
			1573	997
			1572	996
			1571	995
			1570	994
			1570	993
			1569	992
			1568	992
			1567	991
			1567	990
			1566	989
			1565	988
			1564	987
			1564	986
			1563	986
			1562	985
			1562	984
			1561	983
			1560	982
			1559	981
			1559	980
			1558	979
			1557	979
			1557	978
			1556	977
			1555	976
			1554	975
			1554	974
			1553	973
			1552	972
			1552	971
			1551	970
			1550	970
			1550	969
			1549	968
			1548	967
			1547	966
			1547	965
			1546	964
			1545	963
			1545	962
			1544	961
			1543	960
			1542	959
			1541	958
			1541	957
			1540	956
			1539	955
			1538	954
			1538	953
			1537	952
			1537	951
			1536	950
			1535	949
			1534	948
			1534	947
			1533	946
			1532	945
			1532	944
			1531	943
			1530	942
			1530	941
			1529	940
			1528	939
			1528	938
			1527	937
			1526	936
			1526	935
			1525	934
			1524	933
			1524	932
			1523	931
			1523	930
			1522	929
			1521	928
			1521	927
			1520	926
			1519	925
			1519	924
			1518	923
			1517	922
			1517	921
			1516	920
			1516	919
			1515	918
			1514	917
			1514	916
			1513	915
			1513	914
			1512	913
			1512	912
			1511	911
			1510	910
			1510	909
			1509	908
			1509	907
			1509	906
			1508	906
			1508	905
			1507	904
			1507	903
			1506	903
			1506	902
			1506	901
			1505	900
			1504	899
			1504	898
			1503	897
			1503	896
			1502	895
			1502	894
			1501	893
			1501	892
			1500	891
			1500	890
			1499	889
			1498	888
			1498	887
			1498	886
			1497	886
			1497	885
			1497	884
			1496	884
			1496	883
			1496	882
			1495	881
			1495	880
			1494	879
			1494	878
			1493	877
			1493	876
			1492	875
			1492	874
			1491	873
			1491	872
			1490	871
			1490	870
			1489	869
			1489	868
			1488	867
			1488	866
			1487	865
			1487	864
			1486	863
			1486	862
			1486	861
			1485	860
			1485	859
			1484	858
			1484	857
			1483	856
			1483	855
			1483	854
			1482	854
			1482	853
			1482	852
			1481	851
			1481	850
			1480	849
			1480	848
			1480	847
			1479	846
			1479	845
			1478	844
			1478	843
			1478	842
			1477	841
			1477	840
			1476	839
			1476	838
			1476	837
			1475	836
			1475	835
			1474	834
			1474	833
			1474	832
			1473	831
			1473	830
			1472	829
			1472	828
			1472	827
			1471	826
			1471	825
			1471	824
			1470	823
			1470	822
			1469	821
			1469	820
			1469	819
			1468	818
			1468	817
			1468	816
			1467	815
			1467	814
			1467	813
			1466	812
			1466	811
			1466	810
			1465	809
			1465	808
			1464	807
			1464	806
			1464	805
			1463	804
			1463	803
			1463	802
			1462	801
			1462	800
			1462	799
			1462	798
			1461	797
			1461	796
			1460	795
			1460	794
			1460	793
			1459	792
			1459	791
			1459	790
			1459	789
			1458	788
			1458	787
			1458	786
			1458	785
			1458	784
			1458	783
			1457	782
			1457	781
			1457	780
			1457	779
			1457	778
			1457	777
			1457	776
			1457	775
			1457	774
			1456	773
			1456	772
			1456	771
			1456	770
			1456	769
			1456	768
			1456	767
			1456	766
			1456	765
			1456	764
			1456	763
			1455	762
			1455	761
			1455	760
			1455	759
			1455	758
			1455	757
			1455	756
			1455	755
			1455	754
			1455	753
			1455	752
			1455	751
			1454	750
			1454	749
			1454	748
			1454	747
			1454	746
			1454	745
			1454	744
			1454	743
			1454	742
			1454	741
			1454	740
			1454	739
			1454	738
			1454	737
			1454	736
			1453	735
			1453	734
			1453	733
			1453	732
			1453	731
			1453	730
			1453	729
			1453	728
			1453	727
			1453	726
			1453	725
			1453	724
			1453	723
			1453	722
			1453	721
			1453	720
			1453	719
			1453	718
			1453	717
			1453	716
			1453	715
			1452	714
			1452	713
			1452	712
			1452	711
			1452	710
			1452	709
			1452	708
			1452	707
			1452	706
			1452	705
			1452	704
			1452	703
			1452	702
			1452	701
			1452	700
			1452	699
			1452	698
			1452	697
			1452	696
			1452	695
			1452	694
			1452	693
			1452	692
			1452	691
			1452	690
			1452	689
			1452	688
			1452	687
			1452	686
			1452	685
			1452	684
			1452	683
			1452	682
			1452	681
			1452	680
			1452	679
			1452	678
			1452	677
			1452	676
			1452	675
			1452	674
			1452	673
			1452	672
			1452	671
			1452	670
			1452	669
			1452	668
			1452	667
			1452	666
			1452	665
			1452	664
			1452	663
			1452	662
			1452	661
			1452	660
			1453	659
			1453	658
			1453	657
			1453	656
			1453	655
			1453	654
			1453	653
			1453	652
			1453	651
			1453	650
			1453	649
			1453	648
			1453	647
			1453	646
			1453	645
			1453	644
			1453	643
			1453	642
			1453	641
			1453	640
			1453	639
			1454	639
			1454	638
			1454	637
			1454	636
			1454	635
			1454	634
			1454	633
			1454	632
			1454	631
			1454	630
			1454	629
			1454	628
			1454	627
			1454	626
			1455	625
			1455	624
			1455	623
			1455	622
			1455	621
			1455	620
			1455	619
			1455	618
			1455	617
			1455	616
			1455	615
			1456	614
			1456	613
			1456	612
			1456	611
			1456	610
			1456	609
			1456	608
			1456	607
			1456	606
			1457	605
			1457	604
			1457	603
			1457	602
			1457	601
			1457	600
			1457	599
			1457	598
			1457	597
			1458	596
			1458	595
			1458	594
			1458	593
			1458	592
			1458	591
			1458	590
			1459	590
			1459	589
			1459	588
			1459	587
			1459	586
			1459	585
			1459	584
			1460	583
			1460	582
			1460	581
			1460	580
			1460	579
			1460	578
			1460	577
			1461	576
			1461	575
			1461	574
			1461	573
			1461	572
			1461	571
			1462	570
			1462	569
			1462	568
			1462	567
			1462	566
			1462	565
			1463	564
			1463	563
			1463	562
			1463	561
			1463	560
			1463	559
			1464	559
			1464	558
			1464	557
			1464	556
			1464	555
			1465	554
			1465	553
			1465	552
			1465	551
			1465	550
			1466	549
			1466	548
			1466	547
			1466	546
			1466	545
			1467	544
			1467	543
			1467	542
			1467	541
			1468	540
			1468	539
			1468	538
			1468	537
			1469	536
			1469	535
			1469	534
			1469	533
			1469	532
			1470	532
			1470	531
			1470	530
			1470	529
			1470	528
			1471	528
			1471	527
			1471	526
			1471	525
			1471	524
			1472	524
			1472	523
			1472	522
			1472	521
			1472	520
			1473	520
			1473	519
			1473	518
			1473	517
			1473	516
			1474	516
			1474	515
			1474	514
			1474	513
			1475	512
			1475	511
			1475	510
			1476	509
			1476	508
			1476	507
			1476	506
			1477	505
			1477	504
			1477	503
			1478	502
			1478	501
			1478	500
			1479	499
			1479	498
			1479	497
			1480	496
			1480	495
			1480	494
			1480	493
			1481	493
			1481	492
			1481	491
			1481	490
			1482	489
			1482	488
			1483	487
			1483	486
			1483	485
			1484	484
			1484	483
			1484	482
			1485	481
			1485	480
			1485	479
			1486	478
			1486	477
			1487	476
			1487	475
			1487	474
			1488	473
			1488	472
			1488	471
			1489	470
			1489	469
			1489	468
			1490	468
			1490	467
			1490	466
			1490	465
			1491	464
			1491	463
			1492	462
			1492	461
			1493	460
			1493	459
			1493	458
			1494	457
			1494	456
			1495	455
			1495	454
			1495	453
			1496	452
			1496	451
			1497	450
			1497	449
			1498	448
			1498	447
			1498	446
			1499	445
			1499	444
			1500	443
			1500	442
			1501	441
			1501	440
			1502	439
			1502	438
			1503	437
			1503	436
			1503	435
			1504	434
			1504	433
			1505	432
			1505	431
			1506	430
			1506	429
			1507	428
			1507	427
			1508	426
			1508	425
			1509	425
			1509	424
			1509	423
			1510	422
			1510	421
			1511	420
			1511	419
			1512	418
			1512	417
			1513	416
			1513	415
			1514	414
			1514	413
			1515	412
			1515	411
			1516	411
			1516	410
			1517	409
			1517	408
			1518	407
			1518	406
			1519	405
			1519	404
			1520	403
			1520	402
			1521	401
			1522	400
			1523	399
			1523	398
			1523	397
			1524	397
			1524	396
			1525	395
			1525	394
			1526	393
			1527	392
			1527	391
			1527	390
			1528	390
			1528	389
			1529	388
			1529	387
			1530	387
			1530	386
			1531	385
			1531	384
			1532	383
			1533	382
			1533	381
			1534	380
			1534	379
			1535	378
			1536	377
			1536	376
			1537	376
			1537	375
			1538	374
			1539	373
			1539	372
			1540	371
			1540	370
			1541	369
			1542	368
			1542	367
			1543	367
			1544	366
			1544	365
			1545	364
			1545	363
			1546	362
			1547	361
			1547	360
			1548	360
			1549	359
			1549	358
			1550	357
			1551	356
			1551	355
			1552	354
			1552	353
			1553	353
			1554	352
			1554	351
			1555	350
			1556	349
			1556	348
			1557	347
			1558	346
			1559	345
			1560	344
			1561	343
			1562	342
			1562	341
			1563	340
			1564	339
			1565	338
			1566	337
			1566	336
			1567	335
			1568	334
			1569	333
			1570	332
			1571	331
			1572	330
			1572	329
			1573	328
			1574	327
			1575	326
			1576	325
			1577	324
			1578	323
			1578	322
			1579	321
			1580	320
			1581	319
			1582	318
			1583	317
			1584	316
			1585	315
			1586	314
			1586	313
			1587	312
			1588	311
			1589	310
			1590	309
			1591	308
			1592	307
			1593	306
			1594	305
			1595	304
			1596	303
			1597	302
			1598	301
			1598	300
			1599	300
			1600	299
			1601	298
			1602	297
			1603	296
			1604	295
			1605	295
			1606	294
			1607	293
			1608	293
			1609	292
			1610	291
			1611	291
			1612	290
			1613	290
			1614	289
			1615	288
			1616	288
			1617	287
			1618	287
			1619	286
			1620	285
			1621	285
			1622	284
			1623	284
			1623	283
			1624	282
			1625	282
			1626	281
			1627	281
			1628	280
			1629	279
			1630	279
			1631	278
			1632	278
			1633	277
			1634	277
			1635	276
			1636	275
			1637	275
			1638	274
			1639	274
			1640	273
			1641	273
			1642	272
			1643	271
			1644	271
			1645	270
			1646	270
			1647	269
			1648	268
			1649	268
			1650	267
			1651	267
			1652	266
			1653	265
			1654	265
			1655	264
			1656	264
			1657	264
			1657	263
			1658	263
			1659	262
			1660	262
			1661	261
			1662	261
			1662	260
			1663	260
			1664	259
			1665	259
			1666	259
			1667	258
			1668	257
			1669	257
			1670	256
			1671	256
			1672	255
			1673	255
			1674	254
			1675	254
			1676	253
			1677	253
			1678	252
			1679	252
			1680	251
			1681	251
			1682	250
			1683	250
			1684	249
			1685	249
			1686	248
			1687	248
			1688	247
			1689	247
			1690	246
			1691	246
			1692	245
			1693	245
			1694	244
			1695	244
			1696	243
			1697	243
			1698	242
			1699	242
			1700	241
			1701	241
			1702	241
			1703	240
			1704	240
			1705	239
			1706	239
			1707	238
			1708	238
			1709	237
			1710	237
			1711	236
			1712	236
			1713	236
			1714	235
			1715	235
			1716	234
			1717	234
			1718	233
			1719	233
			1720	233
			1721	232
			1722	232
			1723	231
			1724	231
			1725	230
			1726	230
			1727	230
			1728	229
			1729	229
			1730	228
			1731	228
			1732	228
			1733	227
			1734	227
			1735	226
			1736	226
			1737	226
			1738	225
			1739	225
			1740	224
			1741	224
			1742	224
			1743	223
			1744	223
			1745	223
			1746	222
			1747	222
			1748	221
			1749	221
			1750	221
			1751	220
			1752	220
			1753	220
			1754	219
			1755	219
			1756	219
			1757	218
			1758	218
			1759	217
			1760	217
			1761	217
			1762	216
			1763	216
			1764	216
			1765	215
			1766	215
			1767	215
			1768	214
			1769	214
			1770	214
			1771	213
			1772	213
			1773	213
			1774	212
			1775	212
			1776	212
			1777	212
			1778	211
			1779	211
			1780	211
			1781	210
			1782	210
			1783	210
			1784	209
			1785	209
			1786	209
			1787	209
			1788	208
			1789	208
			1790	208
			1791	207
			1792	207
			1793	207
			1794	207
			1795	206
			1796	206
			1797	206
			1798	205
			1799	205
			1800	205
			1801	205
			1802	204
			1803	204
			1804	204
			1805	204
			1806	203
			1807	203
			1808	203
			1809	203
			1810	202
			1811	202
			1812	202
			1813	202
			1814	201
			1815	201
			1816	201
			1817	201
			1818	200
			1819	200
			1820	200
			1821	200
			1822	199
			1823	199
			1824	199
			1825	199
			1826	199
			1827	198
			1828	198
			1829	198
			1830	198
			1831	198
			1832	197
			1833	197
			1834	197
			1835	197
			1836	197
			1837	196
			1838	196
			1839	196
			1840	196
			1841	196
			1842	195
			1843	195
			1844	195
			1845	195
			1846	195
			1847	194
			1848	194
			1849	194
			1850	194
			1851	194
			1852	194
			1853	193
			1854	193
			1855	193
			1856	193
			1857	193
			1858	193
			1859	192
			1860	192
			1861	192
			1862	192
			1863	192
			1864	192
			1865	192
			1866	191
			1867	191
			1868	191
			1869	191
			1870	191
			1871	191
			1872	191
			1873	191
			1874	190
			1875	190
			1876	190
			1877	190
			1878	190
			1879	190
			1880	190
			1881	190
			1882	190
			1883	189
			1884	189
			1885	189
			1886	189
			1887	189
			1888	189
			1889	189
			1890	189
			1891	189
			1892	189
			1893	188
			1894	188
			1895	188
			1896	188
			1897	188
			1898	188
			1899	188
			1900	188
			1901	188
			1902	188
			1903	188
			1904	188
			1905	188
			1906	188
			1907	187
			1908	187
			1909	187
			1910	187
			1911	187
			1912	187
			1913	187
			1914	187
			1915	187
			1916	187
			1917	187
			1918	187
			1919	187
			1920	187
			1921	187
			1922	187
			1923	187
			1924	187
			1925	187
			1926	187
			1927	187
			1928	187
			1929	187
			1930	187
			1931	187
			1932	187
			1933	187
			1934	187
			1935	187
			1936	187
			1937	187
			1938	187
			1939	187
			1940	187
			1941	187
			1942	187
			1943	187
			1944	187
			1945	187
			1946	187
			1947	187
			1948	187
			1949	187
			1950	187
			1951	187
			1952	187
			1953	187
			1954	187
			1955	187
			1956	187
			1957	187
			1958	187
			1959	187
			1960	187
			1961	187
			1962	187
			1963	187
			1964	187
			1965	187
			1966	187
			1967	187
			1968	188
			1969	188
			1970	188
			1971	188
			1972	188
			1973	188
			1974	188
			1975	188
			1976	188
			1977	188
			1978	188
			1979	188
			1980	188
			1981	188
			1982	189
			1983	189
			1984	189
			1985	189
			1986	189
			1987	189
			1988	189
			1989	189
			1990	189
			1991	189
			1992	189
			1993	190
			1994	190
			1995	190
			1996	190
			1997	190
			1998	190
			1999	190
			2000	190
			2001	190
			2001	191
			2002	191
			2003	191
			2004	191
			2005	191
			2006	191
			2007	191
			2008	191
			2009	192
			2010	192
			2011	192
			2012	192
			2013	192
			2014	192
			2015	192
			2016	193
			2017	193
			2018	193
			2019	193
			2020	193
			2021	193
			2022	194
			2023	194
			2024	194
			2025	194
			2026	194
			2027	194
			2028	195
			2029	195
			2030	195
			2031	195
			2032	195
			2033	195
			2034	196
			2035	196
			2036	196
			2037	196
			2038	196
			2039	197
			2040	197
			2041	197
			2042	197
			2043	197
			2044	198
			2045	198
			2046	198
			2047	198
			2048	198
			2048	199
			2049	199
			2050	199
			2051	199
			2052	199
			2053	199
			2053	200
			2054	200
			2055	200
			2056	200
			2057	200
			2058	201
			2059	201
			2060	201
			2061	201
			2062	202
			2063	202
			2064	202
			2065	202
			2066	203
			2067	203
			2068	203
			2069	203
			2070	204
			2071	204
			2072	204
			2073	204
			2074	205
			2075	205
			2076	205
			2077	205
			2077	206
			2078	206
			2079	206
			2080	206
			2081	207
			2082	207
			2083	207
			2084	207
			2085	208
			2086	208
			2087	208
			2088	209
			2089	209
			2090	209
			2091	209
			2092	210
			2093	210
			2094	210
			2095	210
			2095	211
			2096	211
			2097	211
			2098	212
			2099	212
			2100	212
			2101	212
			2102	213
			2103	213
			2104	213
			2105	214
			2106	214
			2107	214
			2108	215
			2109	215
			2110	215
			2111	216
			2112	216
			2113	216
			2114	217
			2115	217
			2116	217
			2117	218
			2118	218
			2119	218
			2120	219
			2121	219
			2122	220
			2123	220
			2124	220
			2125	220
			2125	221
			2126	221
			2127	221
			2128	222
			2129	222
			2130	222
			2131	223
			2132	223
			2133	224
			2134	224
			2135	224
			2136	225
			2137	225
			2138	225
			2139	226
			2140	226
			2141	226
			2142	227
			2143	227
			2144	228
			2145	228
			2146	229
			2147	229
			2148	229
			2149	230
			2150	230
			2151	231
			2152	231
			2153	231
			2154	232
			2155	232
			2156	233
			2157	233
			2158	233
			2159	234
			2160	234
			2161	235
			2162	235
			2163	236
			2164	236
			2165	236
			2166	237
			2167	237
			2168	238
			2169	238
			2170	239
			2171	239
			2172	239
			2173	240
			2174	240
			2175	241
			2176	241
			2177	242
			2178	242
			2179	243
			2180	243
			2181	243
			2182	244
			2183	244
			2184	245
			2185	246
			2186	246
			2187	246
			2188	247
			2189	247
			2190	248
			2191	248
			2192	249
			2193	249
			2194	250
			2195	250
			2195	251
			2196	251
			2197	251
			2198	252
			2199	252
			2200	253
			2201	253
			2202	254
			2203	254
			2204	255
			2205	255
			2206	256
			2207	256
			2208	257
			2209	258
			2210	258
			2211	259
			2212	259
			2213	260
			2214	260
			2215	261
			2216	261
			2217	262
			2218	262
			2219	263
			2220	264
			2221	264
			2222	265
			2223	265
			2224	266
			2225	267
			2226	267
			2227	268
			2228	268
			2229	269
			2230	269
			2231	270
			2232	271
			2233	272
			2234	272
			2235	273
			2236	273
			2237	274
			2238	275
			2239	275
			2240	276
			2241	277
			2242	277
			2243	278
			2244	278
			2245	279
			2246	280
			2247	280
			2248	281
			2249	281
			2249	282
			2250	283
			2251	283
			2252	284
			2253	285
			2254	285
			2255	286
			2256	286
			2257	287
			2258	288
			2259	289
			2260	290
			2261	290
			2262	291
			2263	291
			2263	292
			2264	292
			2265	293
			2266	294
			2267	295
			2268	295
			2269	296
			2270	297
			2271	297
			2271	298
			2272	298
			2273	299
			2274	299
			2274	300
			2275	300
			2276	301
			2277	302
			2278	303
			2279	303
			2280	304
			2281	305
			2282	305
			2282	306
			2283	307
			2284	308
			2285	308
			2286	309
			2287	310
			2288	310
			2288	311
			2289	312
			2290	312
			2291	313
			2292	314
			2293	314
			2294	315
			2294	316
			2295	317
			2296	317
			2297	318
			2298	319
			2299	319
			2299	320
			2300	321
			2301	322
			2302	322
			2303	323
			2303	324
			2304	324
			2305	325
			2306	326
			2307	327
			2308	327
			2308	328
			2309	329
			2310	330
			2311	330
			2312	331
			2312	332
			2313	332
			2314	333
			2315	334
			2315	335
			2316	335
			2317	336
			2318	337
			2319	338
			2320	339
			2321	340
			2322	341
			2323	342
			2324	343
			2325	344
			2326	345
			2327	346
			2328	346
			2328	347
			2329	348
			2330	349
			2331	350
			2332	351
			2333	352
			2334	353
			2335	354
			2336	355
			2336	356
			2337	357
			2338	358
			2339	359
			2340	360
			2341	360
			2342	361
			2342	362
			2343	363
			2344	364
			2345	365
			2346	366
			2347	367
			2348	368
			2348	369
			2349	370
			2350	371
			2351	372
			2352	373
			2353	374
			2353	375
			2354	376
			2355	377
			2356	378
			2357	379
			2357	380
			2358	381
			2359	382
			2360	383
			2361	384
			2361	385
			2362	386
			2363	387
			2364	388
			2365	389
			2365	390
			2366	391
			2367	392
			2368	393
			2368	394
			2369	395
			2370	396
			2371	397
			2371	398
			2372	399
			2373	400
			2374	401
			2374	402
			2375	403
			2376	404
			2377	405
			2377	406
			2378	407
			2379	408
			2379	409
			2380	410
			2381	411
			2382	412
			2382	413
			2382	414
			2383	414
			2383	415
			2384	416
			2385	417
			2385	418
			2386	419
			2387	420
			2387	421
			2388	422
			2388	423
			2389	423
			2389	424
			2390	425
			2390	426
			2391	426
			2391	427
			2392	428
			2392	429
			2393	430
			2393	431
			2394	432
			2395	433
			2395	434
			2396	435
			2396	436
			2397	437
			2397	438
			2398	439
			2398	440
			2399	441
			2400	442
			2401	443
			2401	444
			2401	445
			2402	446
			2403	447
			2403	448
			2404	449
			2404	450
			2405	451
			2405	452
			2406	452
			2406	453
			2407	454
			2407	455
			2407	456
			2408	457
			2408	458
			2409	458
			2409	459
			2410	460
			2410	461
			2410	462
			2411	463
			2411	464
			2412	464
			2412	465
			2413	466
			2413	467
			2413	468
			2414	469
			2414	470
			2415	470
			2415	471
			2416	472
			2416	473
			2416	474
			2417	475
			2417	476
			2418	476
			2418	477
			2418	478
			2419	479
			2419	480
			2420	481
			2420	482
			2420	483
			2421	483
			2421	484
			2421	485
			2422	486
			2422	487
			2423	488
			2423	489
			2423	490
			2424	491
			2425	492
			2425	493
			2425	494
			2426	495
			2426	496
			2427	497
			2427	498
			2427	499
			2428	500
			2428	501
			2428	502
			2429	503
			2429	504
			2430	505
			2430	506
			2430	507
			2431	508
			2431	509
			2431	510
			2432	511
			2432	512
			2432	513
			2433	514
			2433	515
			2434	516
			2434	517
			2434	518
			2435	519
			2435	520
			2435	521
			2436	522
			2436	523
			2437	524
			2437	525
			2437	526
			2438	527
			2438	528
			2438	529
			2439	530
			2439	531
			2439	532
			2440	533
			2440	534
			2440	535
			2440	536
			2441	537
			2441	538
			2441	539
			2442	540
			2442	541
			2442	542
			2443	543
			2443	544
			2443	545
			2443	546
			2444	546
			2444	547
			2444	548
			2444	549
			2445	550
			2445	551
			2445	552
			2445	553
			2446	554
			2446	555
			2446	556
			2446	557
			2447	558
			2447	559
			2447	560
			2448	561
			2448	562
			2448	563
			2448	564
			2449	565
			2449	566
			2449	567
			2449	568
			2449	569
			2450	570
			2450	571
			2450	572
			2451	573
			2451	574
			2451	575
			2451	576
			2451	577
			2452	578
			2452	579
			2452	580
			2452	581
			2452	582
			2453	583
			2453	584
			2453	585
			2453	586
			2454	586
			2454	587
			2454	588
			2454	589
			2454	590
			2455	591
			2455	592
			2455	593
			2455	594
			2455	595
			2455	596
			2456	597
			2456	598
			2456	599
			2456	600
			2456	601
			2456	602
			2456	603
			2456	604
			2456	605
			2456	606
			2456	607
			2456	608
			2456	609
			2456	610
			2456	611
			2456	612
			2456	613
			2456	614
			2456	615
			2456	616
			2456	617
			2456	618
			2456	619
			2456	620
			2456	621
			2456	622
			2456	623
			2456	624
			2456	625
			2456	626
			2456	627
			2456	628
			2456	629
			2456	630
			2456	631
			2456	632
			2456	633
			2456	634
			2456	635
			2456	636
			2456	637
			2456	638
			2456	639
			2456	640
			2456	641
			2456	642
			2456	643
			2456	644
			2456	645
			2456	646
			2456	647
			2456	648
			2456	649
			2456	650
			2456	651
			2456	652
			2456	653
			2455	654
			2455	655
			2455	656
			2455	657
			2455	658
			2455	659
			2455	660
			2455	661
			2455	662
			2455	663
			2455	664
			2455	665
			2455	666
			2455	667
			2455	668
			2455	669
			2455	670
			2455	671
			2454	672
			2454	673
			2454	674
			2454	675
			2454	676
			2454	677
			2454	678
			2454	679
			2454	680
			2454	681
			2454	682
			2454	683
			2454	684
			2453	685
			2453	686
			2453	687
			2453	688
			2453	689
			2453	690
			2453	691
			2453	692
			2453	693
			2453	694
			2453	695
			2452	696
			2452	697
			2452	698
			2452	699
			2452	700
			2452	701
			2452	702
			2452	703
			2452	704
			2451	705
			2451	706
			2451	707
			2451	708
			2451	709
			2451	710
			2451	711
			2451	712
			2450	713
			2450	714
			2450	715
			2450	716
			2450	717
			2450	718
			2450	719
			2449	720
			2449	721
			2449	722
			2449	723
			2449	724
			2449	725
			2449	726
			2448	727
			2448	728
			2448	729
			2448	730
			2448	731
			2448	732
			2448	733
			2447	734
			2447	735
			2447	736
			2447	737
			2447	738
			2447	739
			2446	740
			2446	741
			2446	742
			2446	743
			2446	744
			2445	745
			2445	746
			2445	747
			2445	748
			2445	749
			2445	750
			2444	751
			2444	752
			2444	753
			2444	754
			2444	755
			2443	756
			2443	757
			2443	758
			2443	759
			2443	760
			2442	761
			2442	762
			2442	763
			2442	764
			2442	765
			2441	766
			2441	767
			2441	768
			2441	769
			2440	770
			2440	771
			2440	772
			2440	773
			2440	774
			2439	775
			2439	776
			2439	777
			2439	778
			2438	778
			2438	779
			2438	780
			2438	781
			2438	782
			2437	783
			2437	784
			2437	785
			2437	786
			2436	787
			2436	788
			2436	789
			2436	790
			2435	791
			2435	792
			2435	793
			2435	794
			2434	795
			2434	796
			2434	797
			2433	798
			2433	799
			2433	800
			2433	801
			2432	802
			2432	803
			2432	804
			2431	805
			2431	806
			2431	807
			2430	808
			2430	809
			2430	810
			2430	811
			2429	812
			2429	813
			2429	814
			2428	815
			2428	816
			2428	817
			2427	818
			2427	819
			2427	820
			2427	821
			2426	822
			2426	823
			2425	824
			2425	825
			2425	826
			2424	827
			2424	828
			2424	829
			2423	830
			2423	831
			2423	832
			2422	833
			2422	834
			2422	835
			2421	836
			2421	837
			2421	838
			2420	839
			2420	840
			2419	841
			2419	842
			2419	843
			2418	844
			2418	845
			2418	846
			2417	847
			2417	848
			2416	849
			2416	850
			2415	851
			2415	852
			2415	853
			2414	854
			2414	855
			2414	856
			2413	857
			2413	858
			2412	859
			2412	860
			2411	861
			2411	862
			2411	863
			2410	864
			2410	865
			2409	866
			2409	867
			2408	868
			2408	869
			2408	870
			2407	871
			2407	872
			2406	872
			2406	873
			2405	874
			2405	875
			2405	876
			2404	877
			2404	878
			2403	879
			2403	880
			2402	881
			2402	882
			2401	883
			2401	884
			2401	885
			2400	886
			2400	887
			2399	887
			2399	888
			2398	889
			2398	890
			2397	891
			2397	892
			2396	893
			2396	894
			2395	895
			2395	896
			2394	897
			2394	898
			2394	899
			2393	899
			2393	900
			2392	901
			2392	902
			2391	903
			2391	904
			2390	905
			2390	906
			2389	907
			2389	908
			2388	908
			2388	909
			2387	910
			2387	911
			2386	912
			2386	913
			2385	914
			2385	915
			2384	916
			2383	916
			2383	917
			2382	918
			2382	919
			2381	920
			2381	921
			2380	922
			2380	923
			2379	924
			2378	925
			2378	926
			2377	927
			2376	928
			2376	929
			2375	930
			2375	931
			2374	932
			2373	933
			2373	934
			2372	935
			2371	936
			2371	937
			2370	938
			2369	939
			2369	940
			2368	941
			2367	942
			2367	943
			2366	944
			2365	945
			2364	946
			2364	947
			2363	948
			2362	949
			2361	950
			2361	951
			2361	952
			2360	952
			2360	953
			2359	954
			2358	955
			2357	956
			2356	957
			2356	958
			2355	959
			2355	960
			2354	960
			2354	961
			2353	962
			2352	963
			2351	964
			2351	965
			2350	966
			2349	967
			2349	968
			2348	968
			2347	969
			2347	970
			2346	971
			2345	972
			2345	973
			2344	974
			2343	974
			2342	975
			2342	976
			2341	977
			2340	978
			2340	979
			2339	980
			2338	980
			2338	981
			2337	982
			2336	983
			2335	984
			2335	985
			2334	985
			2333	986
			2332	987
			2332	988
			2331	989
			2330	990
			2329	991
			2328	992
			2327	993
			2326	994
			2325	995
			2324	996
			2323	997
			2322	998
			2322	999
			2321	1000
			2320	1001
			2319	1002
			2318	1003
			2317	1004
			2316	1005
			2315	1006
			2314	1007
			2313	1008
			2312	1009
			2311	1010
		</Eye>
	</curves.pixel>
	<ruler.points type=matrix rownames=TRUE colnames=FALSE nrow=2 ncol=2 as.numeric=TRUE >
		Ruler point 1	2	1894
		Ruler point 2	104	1894
	</ruler.points>
</shapes>

